0.587047
0.587047
0.61146
0.61146
0.163634
0.163634
0.163634
0.163634
0.321292
0.321292
0.231084
0.231084
0.231084
0.231084
0.231084
0.231084
0.231084
0.231084
0.297035
0.297035
0.297035
0.077662
0.077662
0.077662
0.077662
0.235901
0.235901
0.235901
0.235901
0.139264
0.139264
0.22386
0.22386
0.0197895
0.0197895
0.0329899
0.0329899
0.0329899
0.0329899
0.0329899
0.0329899
0.0329899
0.551373
0.601037
0.520533
0.306013
0.088572
0.088572
0.088572
0.258381
0.258381
0.504533
0.46282
0.180638
0.154133
0.287956
0.287956
0.287956
0.287956
0.287956
0.287956
0.287956
0.287956
0.287956
0.287956
0.306946
0.306946
0.306946
0.117431
0.117431
0.117431
0.117431
0.117431
0.117431
0.117431
0.304209
0.0777968
0.108178
0.108178
0.108178
0.108178
0.108178
0.246773
0.246773
0.246773
0.246773
0.624626
0.624626
0.525918
0.470821
0.470821
0.411934
0.411934
0.411934
0.43942
0.43942
0.678592
0.678592
0.53779
0.510995
0.455815
0.186636
0.186636
0.186636
0.186636
0.186636
0.357036
0.305681
0.335504
0.0753265
0.16627
0.16627
0.16627
0.16627
0.257877
0.139816
0.139816
0.224824
0.224824
0.155482
0.155482
0.155482
0.155482
0.155482
0.194212
0.194212
0.194212
0.331922
0.0247856
0.0793245
0.107207
0.107207
0.107207
0.107207
0.107207
0.107207
0.409541
0.409541
0.409541
0.409541
0.409541
0.253661
0.0781228
0.683482
0.396035
0.712846
0.625447
0.114921
0.114921
0.114921
0.114921
0.114921
0.134339
0.134339
0.265627
0.14739
0.14739
0.14739
0.14739
0.169491
0.169491
0.169491
0.169491
0.169491
0.169491
0.682124
0.878616
1.04749
0.962622
0.73216
0.785056
0.785056
0.785056
0.785056
0.785056
0.604271
0.585451
0.243849
0.185609
0.185609
0.185609
0.280379
0.290927
0.290927
0.290927
0.189415
0.206905
0.258034
0.258034
0.258034
0.137523
0.257852
0.377816
0.377816
0.377816
0.377816
0.377816
0.432419
0.125537
0.125537
0.125537
0.0239976
0.0239976
0.0239976
0.0239976
0.0239976
0.0239976
0.0239976
0.285614
0.276849
0.188048
0.188048
0.0546277
0.0546277
0.0546277
0.169148
0.169148
0.169148
0.169148
0.169148
0.169148
0.169148
0.169148
0.169148
0.169148
0.354282
0.102074
0.109057
0.348393
0.318293
0.318293
0.318293
0.0561951
0.0561951
0.0561951
0.105376
0.105376
0.105376
0.105376
0.105376
0.105376
0.105376
0.105376
0.105376
0.105376
0.105376
0.105376
0.0654247
0.0654247
0.193422
0.324257
0.324257
0.324257
0.324257
0.143606
0.570125
0.286069
0.237638
0.237638
0.132972
0.132972
0.617205
0.594894
0.819102
0.78849
0.78849
0.78849
1.04523
1.43
1.28933
1.28933
0.98254
0.98254
0.98254
0.98254
0.796889
0.529524
0.529524
0.265276
0.265276
0.265276
0.322694
0.127415
0.130809
0.130809
0.130809
0.27416
0.294904
0.294904
0.293737
0.57087
0.57087
0.57087
0.57087
0.737035
0.918406
0.10694
0.10694
0.10694
0.10694
0.10694
0.401561
0.401561
0.799042
0.779631
0.779631
0.779631
0.494234
0.494234
0.747265
0.383942
0.534133
0.534133
0.534133
0.166468
0.326103
0.326103
0.326103
0.274048
0.274048
0.274048
0.0496203
0.020234
0.020234
0.020234
0.020234
0.137347
0.137347
0.0979979
0.0979979
0.0979979
0.298864
0.411152
0.14171
0.14171
0.14171
0.14171
0.14171
0.14171
0.14171
0.14171
0.116714
0.116714
0.116714
0.116714
0.0446531
0.0446531
0.0891379
0.0891379
0.0891379
0.328902
0.328902
0.328902
0.328902
0.120527
0.120527
0.120527
0.120527
0.128728
0.128728
0.128728
0.134045
0.134045
0.134045
0.130366
0.130366
0.130366
0.130366
0.130366
0.130366
0.130366
0.346518
0.140012
0.140012
0.385893
0.116293
0.424801
0.424801
0.417468
0.417468
0.417468
0.424451
0.212427
0.105826
0.237621
0.237621
0.237621
0.237621
0.373874
0.71479
0.644904
0.644904
0.200772
0.283875
0.283875
0.283875
0.283875
0.283875
0.26226
0.0652442
0.0652442
0.162116
0.162116
0.197535
0.284224
0.247372
0.438372
0.397136
0.426576
0.426576
0.426576
0.426576
0.352195
0.176596
0.176596
0.149413
0.229488
0.229488
0.195098
0.142174
0.231863
0.231863
0.231863
0.231863
0.309022
0.309022
0.90683
0.571429
0.464413
0.477472
0.551261
0.551261
0.317862
0.317862
0.341991
0.341991
0.371698
0.118611
0.0413578
0.164061
0.623083
0.521804
0.152038
0.152038
0.307027
0.361476
0.0299607
0.0846698
0.124959
0.124959
0.124959
0.379251
0.379251
0.273994
0.176962
0.176962
0.129912
0.129912
0.129912
0.212147
0.212147
0.212147
0.212147
0.212147
0.212147
0.115542
0.115542
0.169103
0.434641
0.535429
0.535429
0.709392
0.841249
0.0743412
0.0743412
0.185356
0.163191
0.163191
0.163191
0.163191
0.189431
0.189431
0.189431
0.189431
0.189431
0.214338
0.29131
0.403803
0.403803
0.182479
0.182479
0.328882
0.339358
0.339358
0.339358
0.339358
0.339358
0.339358
0.0370139
0.260277
0.348437
0.0912355
0.0912355
0.0912355
0.0912355
0.0912355
0.318369
0.318369
0.318369
0.318369
0.318369
0.318369
0.497476
0.497476
0.0920388
0.0920388
0.0920388
0.382329
0.866635
0.866635
0.866635
0.579363
0.37489
0.247237
0.247237
0.247237
0.247237
0.247237
0.247237
0.247237
0.247237
0.247237
0.247237
0.247237
0.247237
0.247237
0.247237
0.247237
0.247237
0.247237
0.247237
0.247237
0.247237
0.247237
0.247237
0.341589
0.341589
0.341589
0.341589
0.372881
0.228344
0.367123
0.367123
0.225662
0.225662
0.201557
0.0936016
0.0936016
0.0936016
0.0936016
0.0936016
0.0936016
0.0936016
0.104579
0.104579
0.104579
0.104579
0.104579
0.104579
0.104579
0.1489
0.157392
0.150058
0.150058
0.150058
0.219135
0.169577
0.169577
0.428403
0.428403
0.331655
0.331655
0.331655
0.376656
0.376656
0.376656
0.148289
0.177052
0.177052
0.177052
0.112421
0.169178
0.21069
0.21069
0.21069
0.131208
0.131208
0.154453
0.154453
0.154453
0.154453
0.154453
0.154453
0.567008
0.277014
0.313829
0.263176
0.263176
0.263176
0.176414
0.176414
0.176414
0.269439
0.269439
0.269439
0.269439
0.269439
0.381106
0.364089
0.364089
0.493367
0.105131
0.105131
0.105131
0.162087
0.218947
0.218947
0.227737
0.227737
0.227737
0.227737
0.314063
0.314063
0.314063
0.314063
0.259413
0.259413
0.259413
0.259413
0.259413
0.209933
0.271142
0.199235
0.199235
0.199235
0.199235
0.199235
0.124534
0.0587588
0.0587588
0.119171
0.119171
0.119171
0.334013
0.334013
0.334013
0.334013
0.212366
0.212366
0.212366
0.212366
0.263039
0.130643
0.130643
0.108961
0.108961
0.108961
0.367849
0.606016
0.606016
0.606016
0.564328
0.283775
0.244403
0.244403
0.244403
0.3602
0.216517
0.25231
0.25231
0.686118
0.686118
0.686118
0.686118
0.228304
0.228304
0.228304
0.228304
0.228304
0.486958
0.105876
0.105876
0.184205
0.184205
0.184205
0.104327
0.104327
0.413483
0.413483
0.0632069
0.13733
0.115273
0.115273
0.0665611
0.0665611
0.0665611
0.0665611
0.0665611
0.194811
0.226329
0.124605
0.124605
0.124605
0.124605
0.17454
0.17454
0.17454
0.0935544
0.0935544
0.0935544
0.220669
0.401842
0.244568
0.120983
0.224973
0.224973
0.224973
0.35849
0.35849
0.35849
0.206377
0.117789
0.203432
0.203432
0.203432
0.15449
0.15449
0.392064
0.245314
0.245314
0.242928
0.276077
0.276077
0.332548
0.324631
0.324631
0.324631
0.324631
0.324631
0.184548
0.184548
0.0957779
0.152784
0.152784
0.168113
0.168113
0.168113
0.168113
0.168113
0.168113
0.168113
0.168113
0.361683
0.084469
0.084469
0.084469
0.133216
0.133216
0.133216
0.133216
0.133216
0.133216
0.0785876
0.0785876
0.0785876
0.128542
0.128542
0.128542
0.176244
0.176244
0.11736
0.155865
0.155865
0.155865
0.160659
0.160659
0.160659
0.160659
0.160659
0.160659
0.160659
0.114583
0.114583
0.395537
0.127965
0.127965
0.463744
0.463744
0.328413
0.328413
0.444876
0.337588
0.257784
0.257784
0.41973
0.41973
0.156872
0.156872
0.156872
0.156872
0.178763
0.335799
0.335799
0.335799
0.335799
0.366774
0.366774
0.366774
0.352807
0.352807
0.0971775
0.0169929
0.309555
0.117337
0.0503191
0.153938
0.153938
0.269473
0.269473
0.164242
0.164242
0.164242
0.18345
0.296558
0.234684
0.234684
0.128846
0.254573
0.254573
0.254573
0.237378
0.237378
0.0992089
0.0651785
0.0651785
0.289841
0.289841
0.289841
0.082725
0.082725
0.082725
0.082725
0.082725
0.082725
0.280653
0.470688
0.144761
0.354619
0.354619
0.149562
0.179889
0.177916
0.201864
0.201864
0.171754
0.0572669
0.501714
0.383234
0.383234
0.383234
0.383234
0.383234
0.517619
0.517619
0.517619
0.517619
0.517619
0.517619
0.37202
0.37202
0.37202
0.37202
0.37202
0.37202
0.37202
0.302907
0.0694608
0.295639
0.295639
0.351815
0.351809
0.383126
0.383126
0.691549
0.767105
0.380435
0.380435
0.380435
0.380435
0.534694
0.534694
0.366311
0.263035
0.263035
0.113854
0.113854
0.113854
0.113854
0.113854
0.113854
0.113854
0.113854
0.198959
0.0752595
0.0752595
0.0752595
0.0752595
0.0752595
0.0752595
0.415702
0.415216
0.311227
0.311227
0.311227
0.311227
0.601591
0.601591
0.198245
0.198245
0.198245
0.424206
0.424206
0.424206
0.424206
0.394173
0.0421487
0.0421487
0.0421487
0.0421487
0.181297
0.112066
0.112066
0.112066
0.112066
0.112066
0.112066
0.167363
0.167363
0.0206563
0.0206563
0.0206563
0.0206563
0.0206563
0.0684458
0.0684458
0.0684458
0.0684458
0.0684458
0.126974
0.126974
0.126974
0.126974
0.279037
0.141516
0.141516
0.0684482
0.0684482
0.0684482
0.0684482
0.17773
0.17773
0.17773
0.110511
0.343143
0.343143
0.343143
0.343143
0.343143
0.343143
0.0542943
0.138382
0.138382
0.16738
0.16738
0.16738
0.105425
0.105425
0.105425
0.125154
0.12161
0.12161
0.276865
0.129661
0.129661
0.170733
0.105757
0.105757
0.105757
0.105757
0.218951
