0.474371 2.84002
0.474419 2.93211
0.473636 2.93211
0.477333 3.04352
0.478261 3.08739
0.479149 3.13059
0.478333 3.13059
0.479184 3.17251
0.4784 3.17251
0.480784 3.25396
0.476923 3.17364
0.471698 3.05481
0.468889 2.99619
0.466909 2.95762
0.465714 2.93859
0.465965 2.95738
0.464828 2.93883
0.461695 2.86552
0.462667 2.90173
0.464262 2.9554
0.467097 3.04378
0.466667 3.04378
0.466875 3.06106
0.465846 3.04398
0.465455 3.04398
0.466269 3.07739
0.468235 3.14351
0.469565 3.19257
0.469143 3.19257
0.470986 3.25663
0.471667 3.28834
0.473973 3.36682
0.471892 3.3202
0.4704 3.28942
0.469474 3.27418
0.467532 3.2289
0.466154 3.19899
0.463797 3.13973
0.464 3.15441
0.465679 3.21259
0.466829 3.25584
0.466988 3.27013
