0.440559 0.546796
0.436098 0.427691
0.43619 0.427691
0.432558 0.335602
0.433636 0.358248
0.434667 0.380531
0.435652 0.402466
0.434894 0.380868
0.4375 0.444687
0.433469 0.33989
0.432 0.298576
0.43451 0.359667
0.436154 0.399827
0.436981 0.419633
0.434815 0.361014
0.432727 0.303167
0.435 0.360264
0.437895 0.435423
0.443448 0.583858
0.444068 0.602184
0.444 0.602184
0.443279 0.584296
0.437419 0.425197
0.43619 0.39025
0.436875 0.407525
0.436923 0.407525
0.435758 0.373741
0.435821 0.373741
0.435882 0.373741
0.437101 0.406448
0.437714 0.422631
0.435493 0.358565
0.435 0.342712
0.436712 0.389797
0.437838 0.420877
0.438933 0.451653
0.438947 0.451653
0.437403 0.406368
0.43641 0.376461
0.434937 0.332016
0.435 0.332016
