17769
16326.4
17153.6
18662.5
17746
16228.7
17095.5
17102.4
15520.7
16167.3
16552.8
15589
16523.9
15223.2
13903.6
13714
14510.7
13854.5
14523.4
13451
13620.5
13816.2
21348.3
20437.9
22058.1
20675.2
21602.4
22097.9
22512.1
20276.8
20591.9
21209.5
22894.8
22976.2
19667.9
18761.3
21274.2
19998.8
18729.5
17487.7
18624.1
17901.5
18394.9
18332.6
17918
16247.2
17919.4
17590.8
16685
16810.4
15587.1
15250
15273.5
15280.2
14957
15362.9
14747.4
14813.4
14377.2
14371.2
13714.1
13591.2
14344
13586.7
14308.6
14134.7
13827.3
13279.9
13505.4
13003.8
12900.2
13285.9
11511
11887.6
11540.5
10690
10864.4
11269.8
10624.1
9032.38
9306.25
7826.52
7913.18
8098.4
7260.33
7473.88
6699.24
6637.22
6611.53
6920.77
5704.49
5828.59
5902.22
5808.61
5544.66
5246.72
5286.96
5619.15
5363.64
5642.61
4553.46
4756.03
4572.13
4573.39
4488.58
4279.62
4258.06
4081.53
3910.65
3724.86
3773.68
3971.37
3815.81
3849.85
3534.22
3678.47
3838.48
3615.48
3373.23
3319.17
3327.85
3177.05
3288.77
3375.83
3105.59
3081.08
3226.72
2970
3142.11
2836.3
2690.86
2674.46
2949.86
2518.21
2679.48
2504.73
2409.68
2468.7
2064.9
2043.83
1974.02
2093.32
1823.34
1727.02
1603.86
1600.93
1628.78
1659.47
1504.56
1491.91
1427.22
1420.17
1406.47
1422.15
1309.29
1281.46
1299.68
1328.79
1246.65
1263.62
1306.41
1324.03
1325.02
1253.1
1280.65
1245.7
1267.18
1262.95
1353.43
1373.12
1302.99
1300.2
1198.61
1295.2
1283.43
1236.55
1319.73
1457.66
1245.45
1242.95
1309.43
1280.53
1333.53
1234.2
1292.88
1289.48
1285.84
1255.36
1361.91
1247.31
1271.69
1269.37
1274.33
1313.03
1315.12
1227.89
1221.4
1249.96
1325.88
1367.34
1224.11
1298.31
1387.95
1317.22
1236.42
1346.15
1271.33
1296.57
1269.93
1308.07
1266.18
1306.71
1237.79
1317.48
1273.67
1246.07
1274.11
1306.89
1256.62
1309.35
1288.54
1319.08
1327.52
1363.13
1367.75
1307.35
1321.21
1288.62
1243.51
1222.29
1208.81
1325.02
1288.9
1335.36
1362.98
1307.68
1362.65
1287.14
1309.1
1276.36
1237.28
1200.45
1222.82
1308.41
1242.77
1253.17
1278.26
1316.38
1305.82
1305.99
1286.97
1278.03
1249.65
1262.62
1195.8
1320.98
1328.15
1303.73
1266.23
1292.98
1308
1332.29
1249.27
1440.65
1244.62
1362.78
1245.56
1319.26
1290.03
1367.11
1265.28
1294.01
1291.07
1205.66
1309.16
1291.66
1293.98
1309.8
1371
1291.03
1257.33
1244.82
1226
1367.7
1240.95
1308.11
1281.03
1305.91
1337.84
1278.11
1247.88
1344.57
1332.69
1340.24
1333.07
1367.34
1212.67
1339.11
1324.03
1288.98
1365.83
1242.66
1262.76
1298.38
1268.65
1315.81
1367.62
1198
1307.01
1314.33
1259.56
1302.29
1214.9
1313.76
1289.18
1334.37
1404.83
1180.57
1254.39
1267.76
1303.94
1315.39
1253.87
1260.55
1318.71
1220.73
1197.82
1292.72
1316.32
1235.39
1314.95
1319.7
1309.34
1343.18
1263.99
1247.44
1372.89
1328.8
1277.13
1336.54
1227.45
1269.86
1340.15
1239.71
1181
1393.55
1240.05
1250.66
1331.59
1281.59
1261.82
1314.55
1272.38
1326.84
1338.83
1337.57
1303.54
1300
1317.04
1291.72
1290.74
1248.01
1259.2
1223.21
1298.21
1329.67
1263.02
1337.94
1303.57
1230.88
1332.53
1212.05
1272.27
1190.73
1283.85
1263.5
1273.01
1226.38
1289.74
1332.48
1282.54
1372.71
1339.23
1218.74
1279.74
1316.15
1263.82
1308.1
1330.39
1264.67
1215.24
1260.15
1338.33
1316.31
1294.18
1209.88
1276.26
1279.62
1257.8
1251.91
1314.35
1319.63
1208.75
1301.36
1334.12
1295.96
1306.45
1339.11
1300.89
1397.75
1323.95
1319.02
1322.04
1282.82
1241.5
1264.85
1274.35
22441.9
21957.5
20775.4
20718.3
20664.2
20580
20050
19683.5
19741.7
18977.8
18732.8
18723.3
17532.7
16617.1
18186.7
17502.3
16725.5
17071.6
18323.1
16546.4
16903.9
16144.7
15719
15791.6
16095
13977.9
14398.9
13535.6
11395
12999.5
11755.9
11940.3
12243
11192.4
11466.4
19636.7
22291.6
21844.2
20818.4
20329.4
18827.2
17929.1
18138.3
17451.2
18176.9
17237.7
17629.7
17560.5
15594
15292.8
15071.9
14888.3
14661.6
13934.8
13133.5
11908.4
12466.8
12000.6
11882.6
12357.8
12427.9
12567.1
12391.9
11445.2
12307.3
11405.9
12111.2
11382.7
11091.9
11654.7
10929.1
11619.1
9294.56
10282.8
10414.9
10687.9
10150
9693.89
9862.94
9039.85
8666.28
7717.35
7670.11
8430.34
7896.92
7910.58
7934.81
7095.86
6479.87
6304.6
6274.86
6057.44
5958.43
6000.92
5982.32
5755.01
5643.62
5292.19
5042.18
5173.18
5056.29
4958.95
4845.77
4572.07
4671.66
3928.59
3751.13
3740.29
3434.01
3617.06
3292.96
3287.21
3158.24
3268.62
3164.02
3047.3
3096.06
2864.96
2904.91
3008.89
2855.36
2919.19
2654.18
2661.56
2234.93
2212.86
2162.42
2342.32
2228.06
1908.4
1963.21
1886.46
2037.42
1902.18
1999.84
1887.58
1858.61
1855.6
1876.51
1921.46
1775.09
1809.91
1625.73
1669.65
1515.17
1450.18
1472.08
1495.19
1456.57
1469.25
1387.87
1443.55
1351.51
1303.3
1356.61
1298.55
1280.87
1263.76
1284.31
1340.78
1281.43
1252.5
1300.72
1261.44
1368.11
1332.57
1278.37
1370.24
1230.34
1325.93
1364.39
1249.16
1336.45
1237.08
1262.87
1383.83
1281.97
1324.28
1372.1
1291.79
1343.05
1328.03
1329.78
1235.15
1233.32
1295.32
1296.92
1356.5
20950.4
22603.8
19713.7
18517.5
19029.4
19184.9
19855.7
19232.7
17699.5
16501.6
17371.9
17661.2
16149.2
16804.4
16466.6
18062.7
16095.4
14727.9
14815.3
14929.3
14685.6
13537.3
14525.8
13853
13566.6
12801.3
14224.7
12961.4
11920.7
13146
11311
11962
11338.9
12658.6
11355
10947.2
9813.05
9977.88
8732.59
8290.73
8158.41
8900.34
8426.87
8294.07
8023.23
8153.84
7601.06
7117.04
6960.05
7213.48
7106.52
6664.01
6605.72
6652.17
6837.26
5575.57
5791.67
5638.48
5643.25
5777.62
5293.68
19812.1
19898.7
21129.7
19317.4
19183
17770.3
17308.1
17151.6
17194.5
18233.5
16435.1
15693
14801
15084.2
15306.5
14326.6
14092
14767.8
12937.7
13615.9
13640.6
12927.1
13452.1
13480.3
11899.2
13012.6
12333.1
11015.8
9643.81
9221.7
8801.18
8217.66
8493.7
7834.66
8161.03
7865.45
7584.31
7819.49
7366.7
8100.59
6803.14
7376.56
6899.97
6825.71
6969.33
6080.12
6117.56
6010.89
6122.9
4999.03
4759.73
4664.26
4011
3844.29
3931.01
3291.72
3322.06
3311.75
3205.28
2960.83
2382.47
2292.55
2236.67
1877.54
1726.63
1809.53
1596.3
1665.37
1624.4
1544.82
1524.65
1451.74
1399.82
1498.39
1399.01
1329.03
1441.58
1363.79
1386.52
1268.78
1270.62
1258.26
1253.55
1327.49
1258.15
1311.59
1274.08
1320.34
1314.36
1286.48
1299.44
1258.06
1251.36
1254.92
1268.33
1221.5
1221.02
1282.2
1284.75
1212.35
1287.79
1286.31
1321.1
1265.03
1359.99
1298.92
1276.66
1297.58
1241.74
1215.42
1389.59
1329.76
1327.89
1269.8
1215.65
1277.55
1258.76
1283.66
1354.01
1287.49
1261.49
1228.72
1282.14
1275.96
1295.74
1340.2
1221.03
1217.6
1308.59
1266.82
1208.03
1161.53
1313.99
1218.86
1215.49
1233.78
1256.44
1315.74
1298.04
1199.27
1256.96
1315.87
1328.15
1414.01
1233.63
1359.25
1171.63
1276.33
1285.07
1257.41
1314.8
1293.27
1330.12
1349.14
1269.24
1227.49
1344.93
1289.39
1374.66
1230.35
1262.17
1268.55
1327.58
1270.21
1332.44
1242.41
1299.35
1272.29
1313.25
1318.82
1239.44
1289.99
1359.65
1280.7
1137.42
1239.56
1322.44
1268.71
1260.82
1376.33
1202.71
1240.15
1230.2
1297.53
1272.56
1239.9
1247.32
1250.98
1228.99
1262.02
1385.15
1257.82
1251.26
1351.48
1301.79
1275.72
1317.6
1267.14
1320.6
1299.49
1315.6
1319.22
1281.05
1285.63
1227.46
1287.84
1210.06
1267.68
1237.93
1291.53
1284.03
1227.76
1263.82
1289.63
1273.25
1293.15
1265.75
1225.57
1252.25
1266.4
1304.59
1337.36
1313.56
1348.14
1256.87
1300.86
22616.3
19860.7
21396.9
19765.1
20159.4
20594.6
21149.6
20756.5
20082.8
18764.5
18281.3
19158.8
18580.9
18463.5
18318.6
17479.3
17392.4
16043.8
16934.1
16958.5
15659.1
16218
14244
16477.4
14148.7
14482.3
15062.4
13387.2
14440.4
14035.3
14054.2
12422
11624.5
12660.8
11150.7
11756.4
20423.2
20743.7
20428.9
18778
19222
19238.3
17889.5
18886.6
17771.5
18410.5
17657.4
17848.1
19250.4
16169
17130
16930.1
15046.4
16041.9
15883.9
14232.5
14330.3
12301.5
13908.6
12855
12712.2
12338.6
13255.2
12032.2
12158.3
13227.5
12112.9
11615.6
10028.4
9716.79
10303
9482.71
9221.66
8330.31
8314.41
7650.74
7698.64
7958.95
7952.57
7905.48
7514.32
7584.15
6857.48
6822.79
6684.59
7309.5
7088.9
6731.95
6666.29
6644.68
6776.41
6509.68
6112.26
6397.53
5488.77
5475.41
4486.37
4783.56
4648.83
4305.19
4308.84
4335.13
4525.75
4488.91
4697.36
4338.97
4695.39
4229.27
