12.4225
13.4104
13.4104
13.4104
14.7289
19.9482
19.9944
19.9944
19.9944 1.94006 -1.94279
21.1442 1.82393
21.7554 -2.89651 -0.578934 -2.25393 -1.64604 1.62241 1.77516 0.584706
22.5584
22.5584
23.8482
28.1285
30.0554
30.0554
30.0554
30.0554
30.0554
32.3421
33.2038 -0.135728
-0.135728 33.2038
-0.135728
-0.135728
-0.135728
-0.135728
-0.135728
0.277419
0.317381
0.578157
0.578157
0.578157
2.01152
5.18446
5.18446
5.18446
5.43857
5.75445
9.09828
10.4301
11.5197
13.0438
13.0438
13.0438
15.8943
15.8943
15.8943
16.1897
19.1288
22.4205
24.3295
24.4944
24.4944 2.08587
24.4944
24.4944 0.874549
24.4944
24.4944
27.7924
28.5576
29.6014 -1.31581
29.6014
29.6014
29.985
29.985
30.5247
31.9929 1.45987 2.186
31.9929
32.1472
35.2566
36.0264
36.0264
39.0853
39.0853
40.6561
42.7824
42.7824
42.7824
48.2362
50.7864
50.7864
58.4908
58.4908
59.6548
62.7767
65.3719
67.2075
69.639 -0.200127
69.639
71.9787
75.5523 2.74875 0.657782
75.5523
75.5523
77.5732
77.5732
77.5732
77.5732
77.5732 2.55753
77.5491
77.5491
83.4952
83.4952
83.4952
86.0125
87.3021
87.647 0.722274 4.98374
88.0976
88.0976
88.8569
92.0457
92.0457
92.0457 1.50082
92.0457
92.0457
92.5778
92.5778
92.5778
92.5778
94.3145
96.6804
96.6804 1.75233
96.6804
96.6804
97.3164
97.3164
99.8829
99.8829
99.8829
99.8829
102.496
102.496
104.075
104.075
104.075
105.076
108.595
108.595
108.595
113.528 -0.93992 0.272449
113.528 -0.693021
115.635
116.501
118.92
122.607 -0.214726
123.228 -0.178503
123.228 3.90729
123.228
123.228 0.423107
125.709
125.709
130.417
131.709
131.709
131.709
133.331 5.38841 -0.803859
135.563
138.165
140.544
142.632
142.632 2.20637
140.507
143.994
143.994
143.994
143.994
143.994
143.994 3.59455 0.626518 -3.7122
143.994
143.994 3.51741
141.682
141.682 -1.38184
141.682
142.175
142.175 3.42744 -0.310356 -1.52481
142.379 1.01739 -5.12251 -1.82159
142.257
142.257
142.257
141.983
141.983
141.983
142.295
142.295
142.295
140.854 0.762243
142.557
142.129
142.483
141.911
141.911
143.368
143.368
143.368
139.991
141.25 -3.10258
141.25
141.443
142.958
143.048 -3.17419
143.048
142.95
142.034
142.034
142.034
142.034
142.034
142.034
141.286
141.286
141.286
141.286 -2.50181
141.286
141.222
143.592
143.592
143.592
143.592
143.592
143.592
143.29
142.495 -0.150457
142.606
142.606 4.03662
142.581 -0.405832 3.11052
142.581
142.581
142.581
142.581
142.581 0.431108
142.581 0.974836
142.581
142.581
142.581
142.581
142.516
142.074
142.074
142.074
142.074
142.398
142.398
142.398
142.398
142.398
141.143
141.143
141.143
141.143
141.143
141.143 -0.981527
141.143
142.454
142.332
142.332
142.332
142.332
144.172
142.181 1.68333
142.181
142.181
142.181
142.181
142.181
142.181
142.181
142.181 1.00461
141.101
141.101 -1.74773 -0.579509 2.32569 -4.84426 -0.306664
142.498 2.5672 -5.93594
142.498
143.806 0.747639 -2.56435
143.806 1.23737 -1.84895 9.74137
140.653 -0.955162
140.653 -4.09813 0.245757
142.619
142.619
142.619 -2.20643
142.619
142.619
141.456
141.456
140.687 -0.678039
140.687
140.687
144.332
144.332
144.332
140.522
140.522
140.522 2.02566
140.522
140.522 2.35101
140.925
140.925
141.471 -1.89659
141.471
141.989
142.068
142.068
139.94 -5.39512
139.94
139.94 -0.237731
139.94
139.94
143.656
144.909
144.909
144.095 0.679484 -0.600591
142.268
142.268
142.268 -1.78891
142.268
142.268
142.268
142.481 -1.04913
142.803
142.782
142.782
140.812
140.812
140.812
140.812
139.637
139.637
139.637
139.637
142.608
141.747
141.747
140.561
140.554
140.554
141.159 -0.0131456 -2.85294 -1.53316 -2.2405 -1.43654
141.159
141.159
141.159
143.089
141.992
141.992
141.992
141.814
141.534
141.534
141.534
142.628
142.628
142.628
142.628
142.807
142.361
142.548
142.548
142.493
142.493
142.493
142.493
141.085
143.098
143.098
143.098
141.605
141.588
141.588
141.588
141.588
141.816
141.816
141.816
141.131
141.131
141.131
141.131
141.451
141.451
141.451
141.203
140.771 0.219051 0.51076
140.771
140.771
140.771
142.212
142.212
142.212
142.212
142.212
142.212
142.212 -2.13796 -2.28873
142.212
142.614 4.90305 -5.06057
142.614 -2.13281
142.614
142.614
142.614
142.614
141.549
141.549
141.403 0.160644 6.24846
142.355
142.355
142.355
143.158
144.489
142.134
143.81
143.612
143.869
143.869
142.964 1.04099 2.17489
142.964
142.964
142.964 2.74451
142.964
142.964
141.56
141.56
141.56
141.697 -5.13382 0.297356
-2.53127 0.297356 142.187
0.544783
0.544783
0.544783
0.504083 -3.21685
6.02711
6.02711
7.76905
8.64985 -1.90163
8.64985
8.64985 -0.764149 -1.55323
13.0525
13.0525
13.4659
13.4659
13.4659 -2.61186
13.4659
13.4659
13.4659
13.4659
16.5985
18.6724
18.6724
22.3557 -0.726278 5.1793 -1.58534 0.277648
23.9858 0.562943 3.99832
29.014
30.4126
32.2044 1.11247 1.96563
35.373
35.373
37.9211
39.3745
40.6575
41.9445
44.2905 -4.03542
-1.53595 43.4333
-1.53595
0.490618
3.88705
7.54226
10.2351
10.2351
10.6433
12.9457
12.9457 1.41654
12.9457
12.9457
14.4348
21.4098
21.4098
24.6559
24.6559 -1.40158
28.2708
32.7129
32.7129
36.9262 -0.297486 3.71879
36.9262
39.8493
39.8493
39.8493
39.8493
39.8493 -3.25955 -3.39726
39.8493 4.78529
39.8493
39.8493
41.5127
41.5127
41.5127
41.5127
43.3139 0.28065 1.73299 0.142975
43.3139
46.0289 3.76328
46.0289 2.41298
47.9903
48.0917
48.0917
50.2265
50.2265
51.977
52.836
55.7651
58.4167
59.06 2.68943
59.9015
59.9015
59.9015 -0.879944
59.9015
64.8021
68.783
70.8007
70.8007
70.8007 -4.23662
73.3526
73.3526
73.3526
73.3526
73.3526
78.4344
79.1255
79.1255
79.1255
79.2933
83.5919
83.5919
85.2055
91.6731 0.133065
91.6731
92.3714
94.8096 -0.327846
94.8096
97.89
97.89
97.89
98.0915
98.0915 0.0817784
100.568
100.568
100.568
100.568
100.568
101.353
101.353 0.00847494
106.567
106.567
110.562
111.119
111.119
111.119
111.119
116.243
116.243
116.243
116.243 0.358739 -1.94933
117.294
117.294
117.294
117.294 1.73795 -5.09194
117.294
119.555
119.555
119.555
120.502
124.282
124.308
127.935
127.935
127.935
127.935
127.935
129.83
129.991
130.729
130.729
136.297
136.297
137.462
137.462
139.981
141.546
141.884
141.884
142.209 4.48783
142.546 -0.248659
143.069 1.87343
143.069
143.069
141.432
141.432
141.876
141.876
143.073
143.073
143.073
140.781
140.781
141.091 -2.16248
141.091
141.091
141.091
141.091
140.614
140.693
142.765
142.765
143.658
141.404
141.404
141.404 -3.66175
0.0597951 138.519
0.0922915
5.73913
5.73913
5.73913
9.18083
9.18083
10.4978 -4.13538
16.1506
16.4009
16.3958
16.3958 2.18869
16.3958
16.3958
17.3451 -0.277531 2.82515
17.3451
19.6468
25.4973
26.1798
28.6589
28.6589 -1.59884
28.6589
28.6589
29.7996
32.9907
32.9907
32.9907
34.1804
34.8165
34.8165
39.7293
39.7293
41.5337
41.5337
41.5337
44.2993
48.0524
50.3724
54.6321
54.6321 -0.394259
54.6321
55.4759
59.8935 1.97121
59.8935
59.8935
59.8935
63.9772
63.9772
63.9772
64.691 -5.12204 3.05064 -0.637309
64.691
65.7153
65.7378
68.6134
68.7344
75.2175
75.2175
75.2175
75.2175
76.6277
76.6277 -0.183167
4.79265 75.4265
4.79265
4.79265
4.79265
4.79265
10.4898
13.4282
13.4282
14.3179
14.3179
18.7728
19.9677
23.239
25.6276
26.1334
28.6469
28.6469 -3.18571
28.6469
33.588
33.588 3.67629
33.5266
33.5266
33.5266
33.5266
38.2393
38.2393
38.2393
41.8911
49.5999
53.5109
57.9064
57.9064
59.1665 -1.34977 0.909684
60.6996
61.5546
61.5546
61.5546
61.5546
61.5546
61.5546
64.4606
64.4606
66.6033
66.6033
66.6033
69.425
73.196
73.196
73.196
79.8416
82.1016
83.2132
90.6633 -1.31932
90.6633
92.2582 -0.775921 1.33261 -2.93894
96.7495
96.7495
97.6706
97.6706
102.421
109.64
111.723
112.371
116.27
118.941
118.941
123.473 2.66206
123.473
123.473
123.473
127.223 -2.08558
128.789
129.884 0.414516 -0.162781
131.754
131.754 3.81367
131.754
131.835
134.881 -2.64213
134.881
138.503
143.312
142.154
142.154
142.154
142.154
142.154
142.154
142.154
142.154
143.027
142.154
142.154
142.154
142.154
142.154
143.117
143.117
143.117
143.117
142.969
140.9
140.9
140.648
140.648
142.375
142.375
142.375
142.898
142.898
142.898
142.898 2.02102 -3.61037
142.898
141.682
141.762
141.506
141.506
141.506
141.506
141.506
142.634
140.42
141.637
141.637
141.805
142.353
142.353
142.353
142.353
142.353
142.353
142.353 -1.58013 2.37861 3.76123 -1.06004
142.353
143.429 0.469378
143.429
143.104
143.104
143.104
142.224
142.241
142.241
142.241 1.12045
142.126
142.126
142.16
141.977
141.977
141.816
141.816 3.09484
141.816
141.816
142.027
142.027
141.825
141.825
141.825 -0.359741 -1.77095
141.825
141.825
141.825
141.825
141.825
142.786
142.786
142.786
142.799
143.741
142.425
142.425
142.425
142.425
142.425
142.001
142.001
142.001
142.001
142.001
142.001
141.395
143.258
143.258
142.508
142.508
140.904
140.904
140.904
140.904
141.669
141.669
141.669
141.669
143.001
143.872 -2.74089
142.856
141.919
141.919
142.363
142.363
142.363
142.363
142.095
142.113
142.113 3.03957 3.43374 0.763701
142.113
142.113
142.113
142.113
142.113
142.113
142.113
142.113
142.113
142.385
140.439
140.439
140.439
143.41 -3.32289
143.41
141.113
141.113
141.113
141.113
141.113
142.45 4.37104
142.45
142.45 0.20547
140.576
140.576 -2.4148
-2.4148 1.99459
1.99459 10.9711 -2.64635
1.99459
2.98531 -0.951765 -0.871893
2.98531 1.40657 0.369251
2.98531 -4.73961
2.98531
2.98531 -0.156547
5.64111 -0.384905
11.2321
11.2321 -2.74839
11.2321
11.2321
11.2321
14.7725 -2.87615
14.7725
14.9421
15.5025
17.1168
20.1558
20.1558
21.926
24.9275
24.9275
29.2265
29.2699
29.2699
29.2699
30.4706
30.4706
30.4706
35.762 2.51023
36.3842
38.2814
43.295 -0.49676
43.295 2.54497 1.39158
2.54497 45.5323 4.73888
2.49443
2.49443 3.42021
6.58832 -4.4569
7.50326
10.9809
11.2294
11.8753
11.8753
11.8753
11.8753
11.8753
13.1308
17.1496
17.1496
19.6197
22.9941
22.9941
23.6836
26.4059
31.185
31.185
33.1392
33.1392
35.7262
35.7262
35.7262
35.7262
35.7262
35.7262
38.4315
42.5677
49.3618
49.3618
49.3618
49.3618
51.0766
56.783
60.8198
61.3577
61.5314
61.5314
62.3055
62.3055
62.3055
63.6139
66.4752
66.4752
66.4752 -3.24322 6.90286
66.4752
66.4752
66.7053
67.1502
68.267
68.267
71.2848
71.2848
72.84
79.3528
79.3528
83.0922
83.0922
83.0922
85.597
85.597
85.9817
85.9817
86.2653
86.2653
86.2653
86.2653
86.8267 -1.86061
