0.999996
0.999924
0.999849
0.99998
0.999829
0.999936
1
1
0.999741 0.000174326 7.6908e-05
0.99906 0.000932321
0.998491 0.000994706 0.000133371 0.000328738 3.56344e-05 1.39304e-05 2.7506e-07 2.7034e-06
0.99999
0.99999
1
0.999867
0.999669
0.999737
0.999979
0.999939
0.999722
0.999997
0.999318 0.000673995
0.999704 0.000296445
1
0.999999
1
0.999998
1
1
0.999897
0.999992
0.999201
0.999992
0.999999
1
1
1
1
1
1
1
1
0.999726
0.999498
0.999951
0.999515
0.999948
1
0.999998
0.999973
0.999969
0.999414
0.999994
0.999713 0.000115446
0.999995
0.999496 0.000226088
1
0.999968
0.999979
0.999999
0.99939 0.000592613
0.99955
0.99977
0.999981
0.999812
0.999683
0.999976 9.57998e-06 1.45805e-05
0.999093
0.999937
0.99998
1
0.999841
0.999906
1
1
0.999973
0.999996
1
1
1
0.99999
1
0.999974
0.999994
0.999984
1
0.999812
0.999755 0.000236049
0.999664
0.999679
0.999934 2.37418e-06 2.29072e-05
0.999986
0.999764
0.999939
0.999923
0.999998
0.999778
0.997853 0.00156157
0.999955
0.999866
0.999417
0.99999
1
0.999959
1
0.998847 0.00110643 4.63123e-05
0.999988
0.99999
0.999902
0.99997
0.999999
0.999682 0.000316971
1
0.999995
0.9998
0.999956
0.999994
1
0.999896
0.999996
0.999367 0.000633124
1
0.999998
1
1
1
1
1
0.999999
0.999999
0.999969
0.999854
0.999997
1
1
0.999997
0.999884
0.999985
0.999606 0.000180285 0.000204223
0.998531 0.0014647
0.999967
0.999955
0.999368
0.996648 0.00326582
0.998362 0.00163781
0.999374 0.000589058
0.99989
0.999556 0.00044448
0.999984
1
0.999999
0.999679
1
1
0.999371 0.000447377 0.000160759
0.999979
1
0.999995
1
0.999958 4.11528e-05
1
0.999998
0.999971
1
0.99999
0.999985
0.998973 0.000565547 0.00016687 0.000288709
0.999276
0.999326 0.00023075
0.999894
0.999748 0.000196885
0.999156
0.999967
0.9997 0.000121549 2.96084e-05 8.87546e-05
0.998881 0.000603334 0.000441652 4.65861e-05
0.999907
0.999943
0.999725
1
1
0.999997
0.999999
0.999991
0.999894
0.998736 0.00122152
0.999999
0.999524
1
1
0.999987
0.999982
0.999985
0.999761
0.999552
0.998894 0.000457103
0.999809
0.999998
0.999227
0.999696 0.000304093
0.999987
0.999999
0.999997
1
1
1
1
1
1
0.999919
0.999656
0.999257 0.000742894
0.999995
0.999976
0.999896
1
0.999988
1
1
0.999633
1
0.998233 0.00173225
1
0.999809 0.000181637
0.994945 0.00292946 0.0021257
0.999982
1
0.999973
0.999999
0.999581 0.000411719
0.998871 0.00112863
0.999985
0.999859
0.999873
0.999986
1
0.999992
0.999995
0.999981
0.99981
1
1
1
1
0.999947
1
0.999883
0.999548
1
0.999976
0.999955 4.36611e-05
0.999993
0.999616
0.999966
0.999819
0.999969
1
0.999786
0.999485 0.000513837
0.999965
0.999744
1
0.999435
0.999962
0.999596
0.999216
0.999642 0.000246371
0.999436
0.998364 0.000531179 0.00050853 0.000452864 1.3634e-05 6.19916e-05
0.999283 4.79316e-05 0.00046975
0.999596
0.997716 0.0013936 0.00050055
0.999091 0.000472734 1.34318e-05 0.000396046
0.99939 0.000480608
0.996493 0.00258707 0.000471239
0.999482
0.998897
0.998917 0.00106948
0.999996
0.999892
1
0.999945
0.999082 0.000890128
0.999877
0.999995
1
0.999951
0.999999
0.999986
0.999947
0.999544 0.000249666
0.999913
0.999947 5.23978e-05
0.999982
0.999993
0.999796 8.28121e-05
0.999568
0.999883
1
1
0.999893 0.000103635
1
0.999565 0.000354814
0.999891
0.999623
0.999908
0.999733
0.999743
0.998915 0.000660114 0.00041311
0.999951
0.999796
0.998736 0.00126121
0.999861
0.99997
0.999968
0.998052 0.0019468
0.99998
0.998737
0.999651
0.999991
0.999765
0.999999
0.999977
1
1
1
1
1
1
1
1
1
0.999992
0.998082 0.00145711 5.35864e-05 3.58589e-05 7.40939e-06 0.000336559
0.999473
0.999288
0.999996
0.999998
0.999995
1
0.999999
1
0.999993
1
1
0.99997
0.999998
0.999974
1
1
1
0.999892
0.999854
0.999456
0.999952
1
1
1
0.999903
0.999845
1
0.999996
0.99994
0.999997
1
1
1
0.999998
0.999996
0.999999
1
0.999857
0.999999
0.99995
0.999998
0.999987
0.999996
0.999217 0.000411759 0.000327944
0.999863
0.999845
0.999916
0.999897
0.999999
0.999625
0.999967
0.999969
1
0.999439 0.00047838 8.24342e-05
1
0.99925 0.000352333 0.000397304
0.999253 0.000659109
0.999853
0.999991
0.999735
0.999973
0.999993
0.999963
0.999621 8.51386e-05 0.000213331
0.999764
0.99987
0.999977
1
0.999995
1
1
0.999997
0.999997
0.99986
0.999338 0.000285872 0.000285861
0.999778
0.999986
0.999818 0.000181139
0.999867
0.999854
0.999906
0.999998
0.999968
0.999643 0.000160264 0.000196773
0.495399 0.504275 0.00032154
1
0.999857
0.999685
0.999877 0.00010545
0.999971
1
0.999903
0.998971 0.00101683
0.999322
0.999153 0.000284828 0.000559593
0.999452
0.999662
0.999948
0.999199
0.999064 0.00059223
0.999979
0.999993
1
0.999939
0.999987
1
1
0.999698 0.000248103 7.7403e-06 2.44997e-05 7.81319e-06
0.99909 0.000454147 0.000258931
0.999969
1
0.999717 5.30812e-05 0.000210259
0.999999
0.999925
1
1
1
1
0.999544 0.000451837
0.998238 0.00173466
0.999644
0.999974
0.999721
1
0.999971
1
0.999998
0.999883
0.998589 0.00141029
1
0.999618
0.999971
0.99968
1
0.999999
0.999928 7.07266e-05
0.999879
0.998887
0.999975
0.999522 0.00022479 0.000172644
0.999655
1
1
0.999995
0.999927
0.999854 0.000137379 1.57461e-06
0.99978 0.00021812
1
0.999994
1
0.999999
0.999987
1
0.99993 8.42688e-06 3.82656e-05 2.13018e-05
0.999977
0.999571 0.000316406
0.999903 9.6792e-05
1
0.999748
0.999764
0.999917
0.999958
0.999789
0.999978
1
1
0.999486 0.000475081
0.998938
0.999905
0.999898 0.000101639
1
1
1
0.999998
0.999999
0.998832 0.00111695
1
0.999845
0.999954
0.999997
0.999744
0.999926
0.999992
1
0.999996
0.999793
0.999836
0.999939
0.999419
0.999721 0.000266999
0.999953
0.999927
0.999469 0.000520398
0.999917
0.999981
1
0.999985
0.999919
0.999821 0.000126535
0.999972
0.999989
1
0.999999
0.999997
1
0.999279 0.000612711
0.999984
0.999999
1
0.999911
0.999992
0.999741
0.99972
0.999979
0.999999
0.999918
0.999662 7.04218e-08 0.000322211
0.999909
0.999925
0.999994
0.999446 9.41322e-05 0.000454289
0.999883
0.9999
0.999984
1
0.999999
1
1
1
1
0.999998
1
1
1
1
0.999997
1
0.999935
0.999977
0.99994
1
0.999976
0.999805
1
1
0.998829 0.000572555
0.999509 0.000490848
0.999797 0.000191043
1
0.999922
0.99998
0.999981
0.999926
0.999866
1
0.999988
0.999999
1
0.999994
0.999679 0.000245685
0.99992
1
1
0.999999
1
0.999996
0.999995
0.999949
0.999997
0.999983
0.999951
0.99975 0.000191379
0.998638 0.00109255
1
1
1
0.999969
1
1
0.999818 0.00018155
0.999979
1
0.999979
0.997763 0.00184389
0.999937
1
0.999345 0.000124464 0.000513432
0.999976
0.999871
0.999998
0.999998
1
0.998792 0.00117766
0.999968
0.999902
0.999911
0.999993
0.999966
1
0.999999
0.999938
1
1
0.999995
0.999978
0.999978
0.999993
0.999775
0.999904
0.999838
1
0.99903 0.000898858
0.999966
0.999998
0.998469 0.00153064
0.999879
0.999999
0.999905
0.999996
1
0.999892
0.997592 0.00115407 0.00116622 8.18755e-05
0.999999
0.999997
0.99999
0.999991
0.999998
1
1
0.999912
0.99984
1
0.999803 0.000179259
0.999509 0.000344193
0.999682
0.999994
0.999958
0.999974
1
0.999939
1
0.999996
0.999997
0.999524
0.999998
0.999999
0.999999
0.999974
0.999714
0.999322 0.000632364
0.999929
0.999894
0.999365 0.000401689
0.999999
0.999954
0.999812
0.999996
0.999988
0.999997
0.999949
0.999996
1
0.999997
0.999986
0.999943
0.999441 0.000349836 0.000207436
0.999996
0.999962
0.999981
0.999997
1
1
1
1
1
1
0.999738
0.999984
0.999939
1
1
0.999988
0.999985
0.999989
1
0.999498 0.000494912
0.999999
0.999016 0.0009761 5.41814e-06 2.44273e-06
0.999326
1
0.99997
1
1
0.999885
0.999619
1
0.999652
0.999632
0.999955
0.999802 0.00019781
0.999899
0.999607
1
0.999646 0.000339225
1
0.997861 0.00175884 0.000367644
1
0.998949 0.0010116
0.999792
0.99998
0.999474 0.000508989
0.999987
1
1
0.999843
0.999778
0.999877
0.999996
1
0.999999
0.999891
1
1
1
0.99996
1
0.999983
1
0.999997
0.999993
0.999887
1
1
0.99999
0.999999
0.999984
1
0.999949
0.999999
1
1
1
1
0.999846 6.59102e-05 8.74408e-05
1
0.999759
1
0.999998
0.999802
0.999387
1
0.999996
0.999964
1
1
1
0.999948
1
1
0.999999
0.999996
0.999999
0.999999
0.999722 4.99763e-05 2.90651e-05 4.51553e-05 0.000142239
0.999267
0.9995 0.00045412
1
0.999793
0.999999
0.999998
0.999983
0.999953
1
0.999242 0.000657476
0.999912
1
0.999974
0.999998
0.999508
0.99997
0.998437 0.00155638
0.999893
0.999943
0.999999
1
0.999784
0.99995
0.999456 8.31163e-05 0.000460623
1
0.999989
0.999967
1
0.999981
0.999822
0.999829
0.99973
0.999999
0.999997
0.999999
0.999977
1
1
0.999989
0.999909
0.999797
0.999999
1
0.999574
0.999704
0.999945
1
1
0.999989
1
0.99992
0.999999
1
0.999967
0.999901
1
1
0.999999
0.99995
0.999486 0.000513788
0.999987
0.999907
0.999836
0.999145
1
0.999998
0.999977
0.999923
1
0.999504 0.000273295 0.000107671 0.000106176
0.999489
0.999854
0.999986
0.999974
1
0.999863
0.99986
0.99963
0.999892
0.999386
0.999421
0.99995
1
0.999348 0.000225379
0.999658
0.999991
0.999831
0.999957
1
0.999988
0.999202 0.000795165
0.999997
0.999884 0.000116162
0.999856
0.999851 2.64712e-05
1 7.96428e-12
0.999066 6.06569e-08 0.000554439
0.999932
0.999144 0.000551159 0.000156245
0.998089 0.000782314 0.000618801
0.999812 0.000180023
0.999976
0.998171 0.00105423
0.999957 3.69123e-05
0.999978
0.99949 0.000506105
0.999987
0.999956
0.999958
0.99994 6.00064e-05
1
1
1
1
0.999989
0.999749
1
1
1
1
1
0.999965
0.999955
0.999933
1
0.999979
0.999967 3.00529e-05
0.999998
0.999807
0.99966 0.000339306
0.998977 0.000872301 0.000147003
0.529153 0.00478788 0.466059
0.999997
0.999036 0.000920267
0.999011 0.000643853
1
1
0.999995
0.999633
1
1
1
1
0.999846
0.999997
1
0.999961
1
1
1
1
1
1
1
1
1
1
0.99993
1
1
1
1
1
0.999948
1
1
0.999986
1
0.999505
1
1
1
0.999995
0.999984
0.999999
0.999999
0.99997
1
1
0.999282 0.000365159 0.000325947
1
0.99997
0.999923
1
1
0.999999
1
0.999999
0.999082
0.999848
1
1
1
0.999971
0.999998
1
1
1
1
1
1
0.999995
0.999342 0.000542091
