1
1
1
0.99999
0.999888
0.999996
0.999979
0.999826 0.000173803
0.999854
0.999918
0.999942
0.999801
0.999954
1
0.999466 0.000409469
0.99934 0.000119062 0.000510888
0.999232
0.999975
0.999303
0.999998
1
1
0.99998
0.999902 9.76308e-05
0.9996 0.000326265
0.999999
1
1
1
0.999999
1
0.999932
1
0.999996
1
0.999962
0.999999
0.999813
1
0.99996
0.999998
1
0.999998
1
1
0.999993
1
1
0.999831
1
0.999998
0.999387 0.000613402
1
0.999883 0.000117294
1
1
0.999956
1
1
0.999996
0.99994
0.999523 0.000316376 7.96819e-05 1.35351e-05 2.60136e-05
0.999803
0.999956
0.999555
0.999929
0.999597 8.13509e-05 0.000260182
0.999803
0.999996
0.999486 2.38474e-05 0.000437971 4.1531e-05 4.6689e-06
1
0.999995
0.999409 0.000119945 0.000268639
1
0.999919
0.999995
1
0.999999
0.999932
0.999997
1
1
0.999898
0.999833
0.999491 0.000285288
0.99912 0.000417331 0.000283314 0.000178833
0.999581 0.00026437
0.999764
0.999987
0.999998
0.99997
1
0.999999
1
0.999993
0.999927 2.64742e-05
0.999828
0.999702 0.000297817
0.999725
0.999504
0.999876
0.999999
1
0.99991
0.998546 0.00145386
0.999997
0.999986
0.999983
1
0.999933
0.999858
0.9991 0.000689068
0.999853 1.43062e-05 9.49419e-06 0.000119015
0.999541
0.999813
1
0.999629 3.55187e-05 0.000326087
1
0.999994
1
1
0.999985
0.999999
0.999317
0.999893 2.9386e-07 0.000105163
0.999964
0.999898
0.999973
0.999993
1
0.999973 2.30597e-05
1
1
1
0.999969
1
1
1
0.999998
0.999996
1
0.999434
0.998968 0.00103119
0.99999
0.999954
1
0.999084 0.000884424
0.999748
0.999875
0.999307 0.000477893
0.999474
0.999801
0.999758
0.999781
1
1
1
1
1
0.99998
1
0.999998
1
1
0.999984
1
1
0.999997
0.999988
0.999983 1.42181e-05
0.99982
1
0.999734
0.999999
1
1
0.999999
0.999247 0.000735895
0.999712 0.000285602
0.999935
1
1
1
1
1
1
0.999998
0.999986
1
1
0.999063 0.000933823
0.999976
0.999965
0.999974
0.999834 0.000130117
0.999542
1
1
0.998517 0.000441682 0.00104101
0.999978
0.999402 0.000184408 0.000408813
0.999971
1
0.999772 0.000104299 0.00012326
0.999879 7.94284e-05
0.99999
0.999925
0.999998
0.999999
0.999999
0.999831
0.999912
0.999999
0.999843
0.999903
0.999959
0.999997
0.999974
0.999999
0.999884
0.999655 0.000256234
0.999986
0.999997
1
0.999959
0.999987
0.999999
0.999992
0.999789 0.000210351
0.999994
0.999972
0.999688 0.000218642
1
0.999993
0.999986
1
0.99981
1
0.998983 0.00100429
1
0.999991 6.76519e-06
1
0.999999
0.999998
0.999623 0.000165706 0.000167692
0.99998
0.999545 0.000454735
0.999628 0.000367997
0.999973
0.999849 0.000149904
0.999963
0.999978
0.99998
1
1
1
0.999541
0.999786 8.40158e-05 0.000121273
0.999968
0.999977
0.999999
0.999993
1
0.999925 7.37386e-05
0.999971
1
0.99983
1
0.999949
0.999983
0.999953
0.999999
1
0.99967
0.999983
0.999821
0.999865
0.998864 0.000904491
0.999857
1
1
0.999958
0.999955
0.999986
0.999894
0.999971
0.999995
1
1
1
1
1
0.999996
0.999991
0.999991
1
1
1
1
0.999898 0.000101789
1
1
0.999984
0.999804
0.999995
0.999998
0.999996
0.999094 0.000564034 0.000238721
1
0.999958
0.999998
0.999995
0.999976
0.999986
1
1
1
0.999794
0.999416 0.000382565 0.000182848 1.8461e-05
1
0.999996
1
0.999993
1
0.999965
0.999989
0.999561 0.000439309
0.999837 0.000161378
0.999923
0.999962
0.999912 8.41276e-05
0.999944
0.999943
0.999553 0.000385101
0.999845
0.999989
0.999999
0.999988
1
1
1
1
0.999999
0.999998
0.999973
0.999603
0.999707
0.999797 4.5837e-05 0.000116014
0.999293
0.999862
1
0.999972
0.999362 0.000439947 0.00019728
0.99949 0.000479088
0.999999
1
0.999999
0.999975
0.999973
0.999816
0.999145 0.000380829
0.999994
0.999916
0.999898
0.999998
0.99862 0.000974974
0.999999
0.999943
0.999999
0.999995
0.999618 0.000256218 9.61098e-05
0.999962
1
0.999989
1
1
0.999997
0.999999
1
0.999657 0.000343426
0.999999
1
0.999998
1
0.999941
0.999889
0.999813
0.999514
1
0.999859 0.000107393
0.999693
0.999857 0.000142337
0.999981
1
0.999998
0.999971
0.999931
0.999884
0.999941
1
1
0.999996
1
0.999964
0.999944
0.999467 0.000319135 0.000206884
0.9997
0.999632
1
0.99983
0.999984
0.999997
0.999959
0.99981
0.999992
1
1
0.999999
0.999916
0.999798
0.999975
0.999973
0.999357 0.000277784 0.000153798 2.95953e-05 9.53452e-05 6.98681e-05
0.999573
0.999833
0.999243 0.000737534
1
0.999959
0.999985
1
0.999999
0.999964
0.999989
0.999679 0.000320532
1
0.999999
0.999737
0.999839
0.999996
1
0.99972 0.00027366
0.999977
0.999661 0.000338904
0.999988
0.998994
0.999506 0.000492564
0.999945
0.999998
0.999963
0.999999
1
0.99998
1
0.999967
0.999968
0.999383 0.000614009
1
1
0.999995
0.999632 0.000127591 0.000201968
0.999719 0.000281179
1
1
1
1
0.99934 0.000659547
1
1
0.999951
0.999977
0.999972
1
1
1
1
1
1
0.999983
1
0.999999
1
1
0.999999
0.999992
1
0.999994
1
1
1
1
0.999987
0.999944
0.999975
0.999765
1
0.999859 0.000139207
0.999954
0.999987
1
1
0.999942
1
0.999941
0.999999
0.999921
0.999719
1
0.999995
0.999756 0.000244255
1
1
0.999999
1
0.999976
0.999913
1
0.999999
0.999752
0.999955
0.999968
0.999985
0.999998
0.999901
0.999886
0.999996
0.999999
1
1
0.999455 0.000545217
1
0.999989 9.1828e-06
0.999981
0.999999
0.999378
0.999754
0.999997
0.999271 0.000424737
0.999984
0.999436 0.000153861 0.000191273 0.000217242
0.999998
0.999854
0.999921
0.999817 0.000182739
1
1
0.999996
0.999416
0.99988
0.999931
0.999888
0.999995
1
0.999679
0.999992
0.999991
0.999868
0.999993
0.999995
0.999454
0.999999
0.999486
0.999993
0.998902
0.999917
0.999543 4.52059e-05 0.000409463
0.999677 0.00021105
0.998723 0.000901445 0.000373683
0.999497 8.4388e-05 0.000400814
0.999977 2.02859e-05
0.999889
0.999507 0.000118661 0.00037119
1
1
0.999998
0.999999
0.999993
1
1
0.999991
1
0.999913
0.999983
1
0.99999
0.999252 0.000748193
1
0.999999
1
1
1
1
1
0.99998
0.999064 0.000827629
0.997869 0.00190446
0.999993
0.999935
0.999802
0.999176 9.97848e-05 0.000162182 0.000555166
0.999798
0.999326 0.000107339 0.000439868 1.12266e-05 7.57265e-05
0.999782
0.999961
1
1
0.999883
0.999874 0.000123338
0.999993
0.999726
1
1
1
0.999849
1
0.999994
0.999752
0.999937 5.41636e-05
0.999992
0.99986 8.76483e-05
1
0.999917 8.26854e-05
1
0.999532
1
0.999986 1.33966e-05
0.999838
0.999997
0.999982
0.999998
0.999998
0.999966
0.999969
1
0.999938
0.999963
0.999861
1
0.999993
1
1
1
1
1
0.999748
1
1
1
1
0.999977
1
0.999683
1
0.99999
0.999999
0.999823
0.999993
1
0.999983
0.999654 9.13101e-05 2.32223e-05 0.000214525
0.999931
1
0.999939
0.999993
0.999834
0.99992
0.999989
0.999918
0.999987
0.999957
1
1
0.999997
0.999592 0.000403373
0.999995
0.999972
0.9998
0.999991
0.999889 0.000110554
0.999951
1
1
1
1
1
1
0.99995
1
1
1
1
1
0.999986
0.999999
1
1
1
1
0.999994
1
1
0.999694
1
1
1
0.999999
0.999834
1
0.998583 0.00141688
0.999969
0.999842
0.999966
0.999979
0.999946 5.37601e-05
0.999977
0.999974
0.99999
1
0.999995
1
1
1
1
0.999997
0.999931
0.999916
0.999689 0.000310386
0.999558 0.000262748
0.999888
0.999751
0.999961
0.999956
0.99922 0.000764488
0.999993
0.999999
0.999998
1
0.999244
1
0.99933
1
1
1
1
1
0.999992
1
1
1
1
1
1
0.999441 0.000557802
0.999888
0.999908
0.999911
0.999684
1
0.999946
0.999949
0.999865
0.999724
1
1
0.999999
0.999976
1
1
0.999966
0.999996
0.999872
0.999944 7.63691e-06 3.75094e-05 1.12122e-05
0.999719 0.000264339
0.999719 0.0002814
0.998632 0.0013632
0.999554 0.000380435 6.53505e-05
0.999589 0.000411293
0.996659 0.00333668
0.996332 0.00364304
0.998644 0.00135306
0.997052 0.0029479
0.996505 0.00349495
0.996518 0.00348213
0.993163 0.00683684
0.992865 0.00712152 1.37227e-05
0.99525 0.00470547
0.99388 0.00572195 0.000378852
0.987851 0.011511 0.000631448
0.98924 0.0107293
0.988462 0.0108314 0.000664859
0.987494 0.0120879 0.000322158 8.53393e-05
0.985989 0.0135396 0.000462982
0.981068 0.0188137 0.000106417
0.974444 0.0251693 0.000277405
0.969385 0.03055
0.953723 0.0462684
0.955158 0.0448212 2.00599e-05
0.928513 0.0714868
0.926284 0.0737155
0.915617 0.0843751
0.902606 0.0971645 0.000168688
0.886781 0.113071 4.92385e-05 8.6446e-05
0.864208 0.135776
0.846164 0.152612 0.00122406
0.814358 0.185628
0.792927 0.206303 6.90549e-05 0.00049714
0.792238 0.207443 0.000295095
0.780363 0.219635
0.774075 0.225466 0.000313795 0.000131602
0.764506 0.235481
0.762188 0.237779
0.677557 0.321836 0.000606613
0.999963
1
0.999201 0.000282733 0.000505732
0.999893
0.999999
0.999918
0.999996
0.999946
0.999989
0.999914
1
0.99997
1
1
0.999996
1
0.999938
1
0.999843
0.999995
0.999696 0.000287333
0.999967
0.999994
0.999877
0.999999
0.999894
0.999988
1
1
0.999986
1
1
1
1
1
0.999767 0.000232872
1
1
1
0.999967
0.999998
0.999281 0.000354615 0.000364643
0.999952
1
0.999979
0.999983
0.999918
1
0.999866
0.999997
1
1
0.999933
1
0.999998
0.999668
0.999918
0.999788 6.51868e-05 0.000146759
0.999076 0.000912485
0.999999
0.999909 9.10847e-05
1
0.999995
0.999808
0.999999
0.999907
0.999932 6.7549e-05
1
0.999544 0.000455894
0.99983
0.999445
0.999931
0.999967 2.56041e-05
0.999899
0.999969
0.999946
0.998499 0.000535387 0.000950336
1
0.999982
0.999996
0.999999
0.999651
0.999996
0.999994
1
0.999989
0.999991
1
1
0.999997
0.999929
0.999997 2.66699e-06
0.999931
1
1
0.999957
0.999998
0.999923
0.999947
0.999606 0.0003933
0.999907
0.999296
0.999926
0.999539
1
0.999908
1
0.999999
0.999449 0.000268072 0.000282651
0.999958
0.999768
0.999985
0.999927
0.999987
1
1
1
0.99998
0.99998
0.999351 0.000209195
0.999739
0.999992
0.999975
0.999992
0.999923
0.999889 0.000110735
0.99999
0.999964
0.999998
0.999969
0.999989
0.999918
0.999997
0.999997
0.999656 0.000343664
1
0.999431 0.000549374
1
0.999963
0.999858
1
1
0.99949 2.78759e-05 0.000482283
0.999986
1
0.999997
0.999883
0.999887
0.999992
0.999549 0.000422066
0.999989
0.999951
0.999884
0.999612 0.000368149
0.99996
1
0.999975
1
0.999968
0.999883
1
1
1
0.998729 0.00127146
0.999954
0.999984
0.999813
0.999996
1
0.999972
0.999979 2.14453e-05
0.999773 0.000204691
0.999447 0.000216699
0.999998
0.99959
0.999994
0.999822
0.999978
1
1
1
0.999874 0.000126127
0.999996
0.999773 0.000187407
0.99997
0.998548 0.000844812
0.999848 7.72305e-05 4.52112e-05 2.13292e-05
0.999831 7.3175e-05 9.6146e-05
0.999989
