1371.05
1365.31
1366.09
1384.1
1418.24
1396.85
1419.17
1347.4
1312.14
1367.7
1312.16
1338.5
1313.83
1327.23
1382.75
1368.97
1398.82
1382.75
1413.82
1399.65
1399.88
1365.09
1401.12
1403.45
1344.93
1457.95
1439.66
1394.01
1429.7
1352.41
1378.81
1415.46
1364.23
1343.93
1390.73
1399.79
1471.8
1289.92
1284.87
1382.7
1377.87
1334.93
1302.04
1362.45
1408.06
1401.54
1384.52
1397.33
1374.74
1382.37
1486.14
1381.28
1355.74
1328.91
1320.96
1456.52
1412.4
1404.53
1320.64
1325.39
1387.82
1395.82
1322.94
1404.76
1370.71
1306.12
1467.37
1394.95
1375.98
1344.99
1357.81
1394.61
1343.47
1493.01
1355.71
1343.83
1427.39
1386.7
1449.16
1343.42
1379.99
1397.18
1427.34
1433.59
1412.25
1404.05
1396.26
1422.76
1362.82
1401.37
1316.96
1437.75
1399.06
1331.68
1398.68
1387.3
1351.03
1442.42
1329.01
1378.84
1408.61
1462.86
1360.41
1305.04
1343.91
1317.32
1354.23
1351.15
1322.27
1403.62
1331.12
1357.28
1299.82
1390.16
1430.65
1402.35
1421.25
1351.85
1407.06
1480.75
1431.85
1395.96
1383.98
1381
1351.26
1422.13
1266.99
1291.73
1375.53
1343.07
1369.74
1414.59
1365.04
1315.1
1386.36
1359.03
1434.11
1293.13
1383.99
1350.16
1424.44
1350.84
1395.71
1397.02
1370.79
1344.67
1389.4
1342.63
1341.93
1444.63
1444.21
1336.66
1363.33
1360.74
1384.72
1381.02
1378.07
1363.22
1354.53
1431.66
1386.01
1405.11
1281.26
1372.41
1429.58
1307.91
1448.37
1458.99
1384.4
1308.48
1440.28
1410.57
1331.98
1309.09
1386.74
1411.18
1361.77
1407.17
1385.94
1423.64
1355.12
1412.48
1432.74
1405.4
1370.43
1324.4
1345.89
1324.77
1413.4
1364.15
1385.22
1375.57
1393.59
1374.02
1363.85
1432.56
1450.86
1370.24
1348.31
1402.1
1317.4
1416.53
1406.4
1354.4
1308.41
1347.85
1302.7
1443.52
1449.81
1413.55
1352.35
1460.48
1327.23
1454.07
1346.17
1411.87
1459.18
1467.39
1371.61
1402.55
1273.41
1344.09
1469.24
1416.21
1402.09
1355.98
1378.67
1318.91
1404.09
1385.06
1356.9
1422.8
1470.52
1400.61
1419.04
1330.47
1396.94
1412.67
1409.82
1377.34
1408.01
1379.01
1372.78
1421.31
1324.53
1407.03
1345.45
1470.64
1357.43
1448.63
1327.73
1384.45
1366.31
1338.14
1466.17
1381.04
1408.69
1446.11
1348.77
1406.52
1337.59
1412.05
1376.68
1328.24
1443.61
1380.85
1406.96
1299.75
1331.97
1384.69
1315.68
1419.51
1363.69
1454.18
1368.16
1389.05
1432.79
1398.58
1446.71
1291.8
1487.66
1403.84
1281.15
1479.63
1375.42
1357.98
1393.84
1374.7
1352.02
1320.78
1387.88
1407.08
1385.53
1313.97
1344.72
1372.26
1422.96
1422.58
1388.92
1364.77
1427.25
1407.57
1354.19
1357.53
1379.01
1409.46
1380.57
1390.14
1428.31
1396.93
1438.91
1458.31
1385.06
1396.1
1359.03
1446.28
1361.66
1319.98
1363.56
1337.27
1355.76
1389.84
1367.46
1323.44
1395.19
1383.76
1368.37
1391.13
1402.62
1394.56
1354.76
1351.49
1448.09
1446.6
1520.76
1366.58
1447.59
1388
1388.43
1369.94
1334.83
1335.11
1340.2
1380.97
1392.65
1407.62
1303.92
1405.1
1399.36
1433.85
1446.57
1381.96
1388.07
1308.99
1384
1449.74
1323.87
1330.75
1354.44
1431.17
1378.69
1328.44
1366.89
1431.35
1405.47
1407.4
1344.8
1456.39
1430.01
1326.3
1320.25
1367.94
1382.1
1461.63
1364.58
1335.72
1471.54
1371.3
1330.83
1418.76
1369.01
1384.97
1340.8
1295.52
1488.61
1451.91
1387.23
1359.86
1323.44
1342.95
1394.56
1350.57
1384.94
1430.19
1387.27
1366.65
1399.83
1436.2
1385.31
1340.13
1310.8
1395.65
1416.92
1351.28
1346.35
1392.53
1413.79
1313.26
1365.9
1304.92
1403.19
1363.33
1405.13
1351.26
1382.54
1355.04
1416.59
1414.02
1380.06
1320.06
1330.77
1280.42
1399.12
1363.98
1466.19
1401.9
1345.3
1428.82
1439.15
1308.14
1347.93
1356.55
1396.02
1355.11
1305.35
1359.79
1414.33
1325.9
1395.06
1314.43
1376.84
1423.18
1340.79
1436.81
1402.83
1367.83
1398.56
1350.83
1389.7
1380.77
1357.18
1441.78
1471.61
1288.41
1461.85
1338.53
1471.58
1419.72
1466.73
1407.66
1393.34
1420.05
1420.2
1377.56
1473.71
1337.16
1433.52
1371.41
1346.55
1387.9
1396.8
1370.78
1370.73
1396.46
1412.71
1300.24
1305.28
1310.74
1385.96
1320.83
1394.58
1522.86
1364.19
1387.23
1425.47
1357.8
1422.89
1374.1
1413.85
1385.17
1402.26
1380.54
1415.91
1391.07
1350.63
1349.45
1430.67
1379.09
1316.73
1379.63
1329.28
1348.94
1388.29
1289.47
1329.75
1349.27
1403.92
1396.08
1364.39
1351.91
1381.57
1377.05
1412.08
1346.03
1393.67
1406.44
1344.1
1363.81
1405.5
1388.81
1348.39
1367.38
1328.51
1391.49
1366.17
1349.59
1340.11
1429.27
1342.31
1379.51
1346.62
1368.6
1355.89
1337
1330.32
1424.3
1365.39
1414.91
1434.66
1362.37
1382.75
1396.15
1366.81
1316.29
1388.47
1366.51
1385.49
1370.73
1328.54
1411.63
1357.99
1342.02
1427.31
1420.41
1283.28
1390.21
1430.04
1342.82
1390.96
1388.34
1320.1
1448.56
1393.79
1310.07
1362.39
1378.93
1368.7
1335.67
1347.58
1376.03
1412.03
1374.36
1381.76
1391
1409.47
1366.16
1229.04
1317.37
1448.41
1439.78
1333
1437.13
1402.86
1340.9
1379.44
1370.13
1409.35
1455.01
1426.83
1279
1401.43
1340.58
1390.84
1384.4
1317.8
1414.65
1363.59
1498.93
1407.16
1329.85
1358.36
1409.2
1394.06
1369.91
1406.1
1408.03
1379.52
1385.8
1451.7
1296.71
1385.39
1413
1368.64
1364.19
1370.69
1381.09
1381.17
1371.19
1370.23
1365.79
1377.57
1405.97
1438.02
1305.81
1350.55
1484.26
1469.19
1425.61
1374.5
1407.41
1325.14
1356.43
1361.2
1406.82
1414.44
1385.56
1421.17
1508.76
1443.4
1349.44
1365.93
1368.12
1346.31
1367.06
1363.79
1428.75
1409.28
1312.3
1307.2
1330.72
1358.86
1442.33
1387.42
1328.57
1288.02
1371.88
1412.06
1389.7
1352.54
1431.39
1398.38
1441.92
1339.8
1389.14
1423.4
1372.44
1456.44
1329.39
1464.26
1428.99
1372.41
1383.9
1420.04
1324.87
1321.05
1371.42
1362.45
1472.04
1380.22
1296.3
1384.21
1380.42
1409.39
1476.09
1332.43
1398.79
1406.26
1369.86
1386.25
1407.1
1285.12
1370.76
1433.86
1371.76
1374.15
1400.39
1343.51
1394.2
1365.07
1330.75
1342.66
1375.48
1319.29
1353.23
1388.95
1329.4
1436.15
1407.9
1435.57
1371.22
1377.37
1336.28
1403.38
1304.72
1328.2
1387.44
1354.7
1368.46
1326.32
1430.07
1382.65
1346.69
1349.29
1339.19
1331.1
1435.8
1256.25
1284.89
1429.54
1312.88
1360.99
1485.82
1366.07
1366.74
1359.68
1371.76
1387.43
1421.97
1391.45
1476.13
1467.85
1322.4
1457.98
1340.71
1389.05
1405.62
1415.24
1319.48
1426.54
1347.52
1329.25
1426.01
1414.71
1348.44
1393.1
1363.95
1347.61
1258.67
1295.18
1392.58
1374.06
1361.95
1431.3
1296.2
1357.73
1304.31
1380.92
1376.68
1349.55
1424.93
1331.62
1345.11
1291.31
1393.9
1365.81
1423.5
1447.81
1408.84
1435.19
1457.46
1480.53
1360.71
1485.34
1443.63
1522.6
1510.91
1499.34
1485.39
1546.85
1562.15
1622.07
1633.85
1806.75
1822.62
1868.85
2086.92
2080.87
2314.79
2342.24
2603.23
2643.53
2941.75
3089.57
3481.53
3711.73
3753.14
3934.65
3865.45
4061.44
3871.23
5288.34
1414.04
1470.03
1375.13
1332.51
1416.65
1457.81
1355.79
1403.43
1320.97
1389.72
1335.96
1318.13
1375.09
1386.71
1416.15
1376.86
1389.58
1332.36
1340.28
1417.23
1390.67
1312.19
1423.93
1413.41
1327.83
1440.82
1335.29
1442.27
1395.08
1372.02
1331.72
1418.7
1398.61
1382.27
1254.9
1369.46
1375.86
1468.08
1407.22
1322.4
1384.58
1397.2
1347.33
1429.01
1344.24
1394.66
1363.82
1389.96
1381.99
1324.58
1350.49
1437.23
1377.47
1410.24
1409.09
1369.84
1405.82
1482.97
1384.99
1359.45
1413.62
1358.04
1418.97
1361.27
1364.18
1383.2
1387.56
1356.29
1433.59
1415.93
1368.69
1396.61
1412.59
1366.81
1372.28
1391.11
1394.21
1396.1
1433.7
1354.69
1350.55
1333.39
1421.4
1388.2
1403.23
1328.81
1338.46
1421.27
1381.57
1471.98
1394.03
1372.87
1428.57
1323.6
1482.47
1364.01
1388.82
1411.85
1387.97
1381.94
1400.04
1367.84
1393.4
1385.65
1329.37
1417.47
1353.14
1386.38
1305.38
1422.1
1319.78
1365.3
1372.09
1363.85
1408.33
1364.24
1335.16
1480.75
1436.57
1429.62
1361.74
1410.27
1430.47
1375.75
1374.78
1284.57
1415.08
1500.6
1350.53
1387.49
1402.8
1314.61
1362.26
1346.37
1347.85
1409.43
1461.54
1460.93
1386.93
1298.01
1387.29
1383.52
1407.04
1279.07
1380.47
1397.54
1425.64
1369.57
1436.66
1434.06
1416.85
1330.74
1409.96
1448.01
1424.38
1370.63
1430.34
1342.61
1355.55
1406.39
1357.1
1424.99
1348.2
1373.55
1417.94
1385.12
1345.91
1373.24
1344.24
1418.94
1371.48
1377.75
1311.64
1357.83
1352.54
1341.62
1333.88
1396.22
1440.42
1351.16
1382.86
1413.33
1310.16
1324.96
1309.04
1291.32
1294.74
1378.87
1383.5
