0.432567 0.530673
0.427317 0.387747
0.428571 0.411161
0.426047 0.342094
0.429091 0.410032
0.425778 0.320897
0.427826 0.364766
0.427234 0.343168
0.425 0.279349
0.427755 0.342227
0.4272 0.321571
0.42902 0.362298
0.428462 0.342218
0.428679 0.342218
0.425185 0.244519
0.429818 0.360212
0.431429 0.398276
0.433684 0.454645
0.433103 0.436091
0.430508 0.362788
0.428667 0.308477
0.429508 0.326365
0.430968 0.36172
0.426667 0.239407
0.434375 0.446699
0.435692 0.48086
0.433333 0.413293
0.43403 0.430001
0.432941 0.396944
0.431884 0.364236
0.431429 0.348053
0.430423 0.31602
0.43 0.300166
0.430137 0.300166
0.42973 0.284626
0.4288 0.25385
0.430526 0.29957
0.432208 0.344856
0.433333 0.374763
0.431899 0.330318
0.433 0.359676
