2116.33
2009.16
2061.5
2084.23
2052.04
2130.61
2056.42
2017.99
2073.83
1994.8
2039.77
2040.21
1994.47
1996.43
2111.79
2031.01
2067.64
2061.12
2079.14
2049.15
2099.67
2068.93
2051.33
2021.17
2129.91
2027.59
2043.09
2082.38
2033.52
2124.45
2035.02
2142.42
2036
2036.26
2117.14
2040.6
2094.23
2129.94
1986.78
2149.67
1952.01
2096
2055.01
1995.34
2108.94
2130.22
2176.87
2026.42
2133.23
1954.57
1994.75
1988.77
2080.67
2007.68
2035.09
1990.2
2023.08
2050.96
2026.54
2121.59
2079.79
2096.85
2124.52
1933.5
2096.7
2009.12
2111.79
2034.25
2029.59
2001.03
2063.35
1969.65
2064.22
2044.01
2125.71
2040.47
2069.8
2122.62
2080.42
2124.06
2075.78
2053.66
2094.14
2030.11
2135.71
2047.07
2014.42
1977.7
2043.11
2052.82
2101.86
2143.72
2027.74
1982.55
2083.98
2000.93
2038.44
2025.63
2060.13
2063.07
2092.03
2139.75
2082.33
2014.08
2043.6
2057.22
1976.95
2122.24
2016.68
2128.89
2044.35
2154.24
2079.56
2100.63
2155.49
2042.67
2057.56
2121.97
2166.05
2075.62
2116.48
2055.4
2047.08
2114.16
2058.9
2074.59
2017.43
2035.29
2052.19
2002.16
2007.63
1959.92
2029.82
2057.17
1994.99
1963.13
2119.73
2108.26
2073.34
1988.56
1985.66
2047.01
2122.29
1990.02
2084.92
2061.36
2054.97
2116.16
2049.15
2146.39
2006.46
1995.91
2094.19
1944.46
2041.36
2053.38
2033.82
2027.2
2058.77
2002.86
2044.64
2079.58
2029.15
2112.04
2039.64
2065.55
2062.28
1989.57
2010.06
2016.66
2102.23
2031.7
2022.79
2117.95
1978.58
2121.43
2065.4
2008.57
2127.31
2091.05
2119.53
2128.18
1990.53
2050.21
2108.82
2005.91
2013.43
2088.35
2110.48
2020.43
2069.27
2019.4
2008.73
2020.9
2149.49
2134.14
2137.45
2148.15
2024.95
2066.67
2086.96
2178.27
2046.34
1983.24
2060.51
2000.52
2119.87
2050.77
2075.35
2059.89
2103.41
2088.29
2036.29
2079.57
2076.92
2085.62
2092.48
2097.25
2063.7
2043.23
1984.38
2004.83
1962.32
2067.37
1979.35
2057.52
2114.54
2135.28
2036.49
1987.54
2014.21
2064.02
2045.49
1981.19
2068.52
2084.99
2077.78
2162.19
2053.94
2074.35
1993.45
2051.24
1978.92
2115.89
2103.97
2120.83
2070.24
2034.94
2030.21
1942.05
2019.73
2095.19
2020.81
2100.97
2085.49
2039.48
2123.26
2084.44
2089.28
2055.29
2048.78
2103.05
1995.93
2043.99
2021.03
1928.39
2101.87
2083.57
2075.45
2132.59
2033.36
1942.64
2041
2132.07
2081.76
2147.17
2002.62
2115.98
2057.83
2083.56
2060.67
2087.05
2129.3
2065.52
2116.8
2048.38
1985.6
2079.03
2098.55
2065.31
2072.55
2090.17
2067.46
2116.14
2045.54
2042.31
2070.42
2014.34
2078.33
2030.82
2019.65
2104.49
2001.52
2091.16
2042.52
2096.66
2083.15
2108.94
2020.27
2053.53
2165.49
2013.9
2061.37
2095.09
2058.31
2087.87
2120.62
2180.84
2038.43
2044.37
2081.4
2126.87
2062.48
2050.55
2045.26
2061.63
2078.56
2036.36
2099.79
2089.56
2167.22
2027.93
2089.45
2070.32
2099.58
2056.83
1946.83
2070.65
2081.29
2193.67
1998.1
2092.22
2055.43
2116.23
2043.38
2081.44
2040.47
1990.96
2144.72
1931.49
2077.35
2036.09
2123.25
2175.58
2105.12
1963.72
2020.48
2038.57
2066.07
2124.43
2037.73
2051.86
2042.75
2068.46
2051.03
2023.72
2049.95
2066.92
1999.03
2093.47
2058.21
2069.49
2104.03
2141.86
2039.02
2058.44
2145.78
2063.68
2063.37
2203.79
2055.44
1992.01
2110.6
2059.96
2110.76
2061.36
2081.78
2102.64
2040.73
2087.89
2044.59
2110.69
2056.1
1996.47
2113.5
2114.63
1994.84
2027.74
2126.04
1985.44
2047.58
2034.66
2110.24
2003.55
2040.26
2098.25
2076.19
2119.76
2166.47
2042.87
2166.08
2021.33
2066.12
2057
2095.14
2068.93
2070.77
2107.72
1983.98
2087.74
2030.63
2008.91
2126.96
2110.68
1985.46
2118.62
2078.93
2075.34
2142.3
2033.17
1976.74
1986.15
2036.28
2100.52
2029.21
2106.68
2034.58
2025.9
2068.04
2037.05
2063
2023.62
2026.12
2042.35
2069.03
2078.02
2077.15
2080.55
2013.49
2032.07
2070.54
2110.37
2074.44
2008.14
2049.93
2149.17
2133.35
1952.57
2064.55
2083.76
2036.56
1993.32
2045.36
2095.09
2106.81
2085.59
2120
2067.31
2090.25
2179.69
2053.13
1981.09
2014.06
2103.03
2115.42
2152.42
2047.6
2085.82
2039.11
2100.13
2043.92
2013.54
2144.36
1970.38
2127.42
2106.94
2024.23
2036.94
2092.02
1996.69
2056.43
2090.3
2111.77
1964.15
2051.02
2048.11
2017.48
1990.11
2083.39
2040.66
2121.43
2087.41
2158.12
2030.61
2072.45
2048.59
2018.85
1993.27
2106.98
2050.28
2090.97
1963.51
2048.22
2107.76
2036.92
2043.2
2157.34
2099.63
2051.52
2079.58
2084.88
2025.42
2028.34
2127.25
2018.49
2046.57
2028.92
2013.04
2084.76
2086.08
2101.96
2066.75
1995.8
2061.89
2037.56
2041.87
2098.28
2079.3
2039.23
2126.19
2044.45
2083.05
2013.81
1977.02
2118.01
2134.88
2092.61
2069.2
2109.75
2014.93
2089.38
2037.7
2086.84
2118.01
2164.99
2037.78
2077.32
2157.78
2049.49
1940.46
2048.74
2034.11
2132.73
1993.48
2004.84
2094.94
2055.67
2030.07
2120.46
2062.58
2077.07
2105.19
2021.28
2028.63
2137.38
2106.18
2046
2002.56
2056.3
2095
2111.21
2120.74
2047.89
2094.59
2072.49
2037.58
2009.52
2042.22
2008.12
2155.24
2046.5
2040.95
2110.01
2015.88
2077.7
2049.44
2053.73
2119.88
2019.65
2035.25
2046.33
2074.32
2062.51
2135.7
2091.93
2144.88
2002.21
2058.11
2109.45
2087.44
2021.45
2045.93
2083.45
1983.83
2026.21
2008.86
2117.01
2053.47
2103.88
1936.49
2013.67
2116.52
2096.95
2021.11
2050.67
2030.76
2022.61
2050.57
2020.39
2037.15
1945.57
2155.04
1998.78
2138.39
2115.6
2031.28
2116.93
2089.8
2006.09
2036.5
2090.5
2011.2
2026.67
2093.16
2117.92
1965.87
2087.89
2013.27
2030.61
2152.56
2095.36
2057.95
2042.64
2042.83
2099.56
2068.21
2104.85
2070.5
2039.59
2055.71
2044.27
2087.8
2018.17
2090.22
2075.07
2039.04
2029.43
1975.17
2084.09
2040.68
2131.74
2034.95
2006.6
2124.88
2049.52
2074.21
2055.58
2163.53
2108.99
2014.46
2088.33
2071.54
1989.21
2054.61
2015.96
2087.83
2072.17
2010.45
2049.72
2041.51
2009.79
2035.43
2009.95
2080.65
2009.84
2108.1
2084.06
2064.36
2087.13
2117.05
2081.3
2038.65
2124.12
1992.1
2067.51
2058.03
2074.28
2120.51
2053.15
2056.14
2179.86
2106.64
2106.04
1978.32
2088.14
2032.76
1994.18
2037.74
2066.96
2129.54
2021.06
2016.94
2120.59
2061.85
2068.46
2028.04
2074.88
2172.74
2086.74
2057.54
2113.79
1969.62
2081.83
2059.18
2045.71
2099.64
2024.98
2094.03
2121.09
2031.02
2018.29
2031.76
2017.37
2060.21
2166.24
2213.02
2137.61
2038.66
2032.81
2058.14
2173.63
2094.86
1935.08
2053.07
1987.04
2110.69
2057.55
2050.89
2064.5
2081.76
2088.29
2092.65
2014.57
2053.78
2044.78
2018.02
2102.35
1955.12
2019.63
2071.99
2003.91
2031.72
2043.38
1998.77
2026.1
2037.11
2152.11
2089.66
2090.63
2030.93
2135.46
2136.19
2125.05
2143.9
2098.3
2047.19
1986.02
2131.54
2069.81
2102.81
2094.12
1971.8
2106.07
2057.68
2059.99
2034.5
1960.03
2057.12
2163.65
2055.07
2068.81
2071.91
2170.25
2037.09
2022.86
2110.48
2089.96
2073.58
2130.47
2033.37
2110.4
2007.95
2077.13
2105.25
2064.66
2090.84
1951.56
2018.22
1994.75
2074.11
2051.91
2077.97
2071.48
2042.06
1993.6
2104.66
2109.63
2027.54
2069.79
2004.26
2034.1
2074.13
2062.53
2040.41
2079.35
2140.47
2085.16
2033.08
2049.54
2009.14
2124.41
1976.41
2057.1
2104.8
2037.04
2010.25
2138.95
2058.53
2072.79
2076.75
1984.25
2138.05
2043.96
2126.07
2045.2
2127.83
2074.67
1964.15
2082.54
2109.93
2097.47
2122.6
2153.16
2017.2
2007.12
2095.91
2133.4
2040.99
2043.98
2024.08
2046.24
2102.17
2052.45
2112.62
2017.95
2036.77
2093.6
2009.27
1970.09
2006.37
2098.29
2118.36
2052.11
2148.88
2019.18
2027.35
2013.15
2111.99
2048.81
2129.43
1961.1
2021.36
2056.16
2034.4
2013.52
2004.15
2083.89
1984.74
2062.86
2065.5
2149.11
2034.04
1981.81
2053.22
2016.54
2185.52
2059.79
2083.26
2002.46
1993.98
2077.49
2130.57
1993.29
2049.41
2121.38
2079.75
2058.02
2085.86
2108.87
2079.09
2148.74
2113.38
2086.6
2155.86
2040.17
2123.82
2040.03
2044.69
2044.27
2077.74
2106.33
2034.6
2050.04
1988.03
2047.31
2059.48
2042.81
2062.65
2026.76
2013.81
2021.08
1989.11
1976.65
2052.57
2026.82
2116.98
2033.59
1956.53
1993.24
2120.97
2107.06
2055.55
2101.52
2008.02
2063.29
2089.67
1970.19
2095.51
2022.57
2107.5
2196.28
1983.76
2056.07
2138.07
2083.28
2051.82
2065.03
1993.56
2111.65
2081.82
2062.26
2035.22
2030.79
2031.53
2057.75
2045.62
2029.58
2108.27
2095.51
2031.61
2044.17
1981.79
2155.44
2016
2001.76
2112.15
2080.67
2125.3
2084.14
2066.13
2003.99
2018.5
2094.84
2101.6
2032.44
2135.63
2122.78
2110.17
2140.85
1993.67
