0.439509 1.78028
0.443721 1.89539
0.441818 1.8501
0.446222 1.96152
0.448696 2.02732
0.451064 2.09212
0.45 2.07084
0.453878 2.17564
0.4536 2.17564
0.45098 2.11455
0.446923 2.01415
0.446792 2.01415
0.446667 2.01415
0.448 2.05271
0.443571 1.93852
0.442807 1.91973
0.443448 1.93829
0.440678 1.86498
0.44 1.84688
0.439344 1.82899
0.437419 1.77596
0.438095 1.79343
0.440625 1.86253
0.442462 1.91377
0.44303 1.93066
0.442985 1.93066
0.444118 1.96372
0.441159 1.88195
0.441143 1.88195
0.442817 1.93
0.442778 1.93
0.444384 1.97709
0.445946 2.02371
0.447467 2.06987
0.446316 2.03939
0.444675 1.99411
0.446154 2.03897
0.447089 2.0686
0.448 2.09795
0.444938 2.01068
0.445854 2.03951
