1
0.999999
0.999654 0.00030976 3.6385e-05
1
0.99998
1
0.999966
1
0.999999
0.999996
0.999997
0.999644 0.000134182 0.000215092
0.999929
0.999974
1
1
0.999993
0.999994
0.999781
1
1
1
1
1
0.999971
0.999995
1
0.999931
1
0.999725
0.999777
0.999744
0.998937 0.00058607 0.000400529
0.999572 0.00034134
0.999621 0.000368357 5.16612e-06
0.999667
0.999743 0.000149389
0.99963 0.000162439 8.98077e-05 0.000116302
0.999958
0.999997
1
1
0.999998
1
1
0.999996
0.999504 0.000238949 0.000212079
0.9997 0.00029447
0.999655
1
0.999994
0.999885 0.000114983
0.999963
1
0.999898
0.999786 0.000213097
0.999961
0.999986
0.999995
0.999999
0.999998
1
1
0.999964
1
0.999969
0.999917
1
1
0.999904 9.64778e-05
1
0.99997
0.999997
0.999925
1
0.999937
0.999945
0.99973 0.000171216
0.99972 0.000122789 5.57178e-05 9.32871e-05
0.999834
0.999931
0.999553 0.000434149
0.999794 0.000137107 6.81525e-05 1.35193e-07 6.67374e-07
0.999953
0.999586 0.000237808 1.79714e-05 3.01038e-05
0.999772 0.000158975
0.999814
1
0.999986
0.999564 0.000247206 0.000188445
1
1
1
1
1
0.999889
1
1
0.999985
0.999982
0.999999
0.999555
0.999989
1
0.999993
1
0.999985
1
0.999981
0.99881 5.30703e-05 0.00105846
0.999763 0.000180993
0.999999
0.999974
1
1
1
1
0.999999
1
1
1
1
1
0.999998
1
1
0.999828 0.000172481
0.999723 0.000257119
0.999657 0.000102394 0.000227042
0.999999
0.999999
0.99998
1
1
0.999985
0.999977
0.9998
0.999969
0.999999
0.999869 8.26399e-05
0.999809
0.999979
0.999981
0.999939
0.999999
1
0.999999
0.999873
0.999874 0.000120965
0.999956
1
1
0.999979
1
0.999999
1
1
0.999991
0.999997
0.999889
0.999992
0.999964
0.999987
0.999794
0.999946 4.25038e-05 1.19412e-05
0.999994
0.999997
1
0.999991 9.39248e-06
0.999998
0.999985
0.999976
0.999913
0.999893
0.999953
1
0.999997
0.999996
1
0.999991
1
1
1
0.999998
1
1
1
0.999972
0.999993
0.99993
1
1
1
1
0.999999
0.99995
1
1
0.999996
0.999392 0.000214628 0.000393198
0.999896 8.46235e-06 9.3377e-05
0.999999
0.999838 9.33839e-05
0.99989
0.999999
0.999999
1
1
1
1
1
1
0.999727 2.6369e-05 0.000203298
0.999998
0.999834 0.000149622
0.999934 5.80512e-05
0.999993
0.999987
0.999871 5.88966e-05 5.27764e-05
0.999912 8.68488e-05
0.999999
0.999533 0.000260946 0.000205731
0.999898
0.999974
0.999869
0.999997
0.999979
0.999985
1
0.999993
1
0.999179 0.000566036
1
0.999995
1
1
0.999908
1
0.999996
0.999899 0.000100797
0.99998
0.999986
1
1
0.999976
0.999779 0.000197062 1.36519e-05 6.40432e-06
0.999988
0.999894
1
0.999998
0.999936
1
0.999826
0.999823 0.00017454
1
0.999902
0.999915
0.999773
0.999999
0.999998
1
1
1
1
0.999988
0.999974
0.999545 0.000386177
0.999884
0.999684 0.000314922
1
1
0.999998
0.99993
0.999995
0.999989
1
0.999797
0.999916
1
0.999999
1
1
0.99998
0.99995
1
1
1
0.999999
0.999439 0.00055428
1
1
0.999993
0.999814
0.999984
1
1
1
1
1
1
1
1
1
1
0.999991
1
0.999912 1.88401e-05 6.9554e-05
0.999928
0.99992
0.999996
1
1
1
1
0.999972
1
1
1
1
1
1
1
1
1
1
0.999791
1
1
0.999972
0.999999
1
0.999999 9.86553e-07
0.999999
0.999891
0.999491 0.000259414
1
1
1
0.999962
0.999985
0.999861 0.000126713
0.999759 2.36979e-05 0.000123717 8.88807e-05
0.99998
0.999617 0.000106482 0.000276261
0.999962
0.999988
1
1
0.999963
0.999928
1
1
1
1
0.999993 6.67819e-06
0.999984
1
0.999931
1
1
1
1
0.999998
0.999808 0.000175332 1.60668e-05
0.99983 0.000138749
0.999953
0.999907 8.28325e-05 9.81588e-06
0.999923
0.999846
0.999787
1
1
1
1
1
0.99994
0.99995
1
1
0.999918
0.999933
0.999991
0.999945
0.999999
1
0.999993
0.999989
1
0.999947
1
0.999943 5.35114e-05
0.999732 0.000250405 1.3856e-05
0.999457 0.000473268
0.999389 0.00035296 0.000247288
0.999926
0.99976 0.000233019
0.999874
0.999955
1
1
0.999985
0.999999
0.999998
0.99969 0.000309611
1
1
1
0.999873 6.81766e-05 4.77353e-05 1.07355e-05
0.999773 0.000103326
0.999981 1.9145e-05
1
1
1
1
1
0.999945
0.999999
0.999999
0.999944
1
0.999998
0.999995
1
0.999955
0.999848
0.999988
0.999985
1
0.999995
0.99994 5.91248e-05
1
0.999913
1
0.999993
0.999976
1
1
0.999985
0.999752 0.000116274
0.999999
1
1
1
0.999991
0.999996
0.999998
0.999516
0.99936 0.000638329
0.999994
0.999873 5.42294e-06 0.000107616
0.999941
1
0.999671 0.000314402
0.999361 0.000638978
0.999955
0.999984
0.999959
0.999998
0.999993
0.999567 0.000431251
1
1
0.999983
1
0.999992
0.999998
1
1
0.999997
0.999979
0.999959
0.999853 0.000133987 1.31534e-05
1
0.999976
1
0.999937
0.999976
0.999949
0.999999
0.999987
0.999806
1
1
1
0.999995
0.999929
1
0.99994 5.03679e-05 3.48924e-06 6.18228e-06
0.999664 0.000187848 2.30674e-05 0.000115331
0.999991
0.999998
0.999643 0.000356967
0.999992
1
0.999817
0.999875
0.999991
0.999991
1
1
0.999975
1
0.999997
0.999999
1
1
0.999786
1
0.999983
1
0.999979
0.999991
0.999993
0.999854
0.999953
0.999924
0.999918
1
0.999999
1
1
1
1
0.999978
0.999972
0.99998
0.999273 0.000675568
0.999776
1
1
1
0.999318 0.000231686
0.999985
0.99995
1
1
0.999713
0.999777
1
0.999985
0.999996
1
0.999872 0.000126653
1
0.999993
1
1
0.999712 0.000181832
0.999994
0.999984
1
1
1
1
1
1
1
1
1
1
1
1
1
1
1
1
1
1
1
0.999898
0.999959
0.999919
0.999984
1
1
1
0.999999
1
1
0.999874
0.999735 0.000210585
0.999997
0.99998
0.999992
0.99972
0.999907
0.999999
1
1
1
0.999901 9.85521e-05
0.999999
0.999994
0.999984
0.999874
0.999997
0.999939
0.999726
0.999965
0.999992
0.999996
0.99993
0.999953
0.999894
0.999992 6.31656e-06 1.35129e-06 1.67119e-07
0.999955
0.999996
1
1
0.999997
1
1
0.999999
1
1
0.999611
0.999855
0.999989
0.999998
1
0.999826
0.999996
0.999944
0.999999
0.999986
0.999978
0.999452 0.000544903
1
0.999966
1
1
1
1
1
0.999999
1
1
0.999999
0.999947 3.87989e-05 1.43259e-05
1
0.999985
1
0.999981
0.999997
1
1
0.999989
0.999977
0.999995
0.999853
0.999909
0.999999
0.999998
1
0.999955
0.999943
0.999821 0.00017931
0.999932
0.99999
1
0.999999
0.999997
0.999998
0.999976
0.999851 7.65174e-05 2.91841e-05
0.999856
1
0.999934 9.24089e-06
1
0.99995
0.999994
0.999997
1
0.999999
1
0.999854 0.000146127
0.999812 0.00017141 1.60937e-05
0.999998
0.999991
1
1
0.999987
0.999997
1
0.999865
0.999661 0.000285533
0.999989
1
1
0.999999
1
0.999991
0.999982
1
0.999993
1
0.999947
1
0.999952
0.999999
0.999998
0.999934
0.999999
0.999925
1
1
1
1
0.999998
0.999959
0.999999
1
0.999987
0.999983
1
1
0.999916
1
1
1
0.999979
0.999999
0.999999
0.999988
0.999988
1
1
0.999969
0.999851 0.000149463
0.999984
0.999802
0.999324 0.000495085
0.999995
0.999993
1
1
1
0.999985
0.999923
1
1
1
1
1
1
0.999997
0.999999
1
1
1
1
0.999998
0.999996
0.999973
0.999915 8.37396e-05
0.999998
1
0.999801 0.000168294 3.04126e-05
0.999991
0.999993
0.999966
0.999992
0.999784 0.000216396
0.999981
1
0.999996
0.99998
0.99984 6.16025e-05 8.87342e-05
0.999662 0.000283514
1
0.999934
0.999734
0.999853 0.000126781
0.99996
1
0.999875 3.4612e-05 8.02278e-05
0.999971
1
0.999994
0.999953
0.999497 0.000503332
1
0.999889 0.000110943
1
0.999998
0.999962
1
0.999994
1
0.999995
0.999988
1
1
1
1
1
1
1
1
0.999988
0.999605 2.49425e-05 0.000367363
1
1
1
1
0.999998
1
0.999999
1
0.999973 2.70841e-05
1
0.999987
1
0.999986
1
1
1
1
1
1
0.999999
0.999959 4.07092e-05
0.999995
1
1
0.999993
1
1
1
0.999968
0.999996
0.999944
0.999873
0.999899
0.999988
0.999988 9.44461e-06
0.999957
0.999825 3.78466e-05 0.000136772
1
0.999756
0.999985
1
0.999998
1
1
0.99999
1
1
0.999814 0.000185653
1
0.999923
0.999993
0.999999
1
1
0.999998
0.99998
0.999989
0.999999
0.999992
0.999948
1
0.999949
0.999986
0.999997
0.999883
1
1
1
1
1
1
1
1
1
1
1
1
1
1
0.999988
1
1
0.999999
0.999823
0.999996
1
0.999999
0.999999
1
0.999906
0.999971
0.99996
0.999949
0.999976 2.42609e-05
1
0.999998
0.999999
0.999746 0.000254386
1
1
0.999997
0.999993
0.999999
1
1
1
1
0.999808
0.999945
0.999996
0.999974
1
0.999899 0.000100727
1
0.999999
0.999998
0.999993
0.999997
1
0.999971
1
1
1
1
1
0.999753
0.999986
0.999998
0.999997
0.999999
1
0.999991
0.999998
1
0.999995
1
1
1
1
0.999909
0.999933
1
1
1
1
1
0.999985
0.999999
0.999802
0.999885 7.65476e-06 0.000106967
1
1
1
1
0.999989
1
0.999809
1
1
1
1
1
0.999909
1
1
1
1
0.999807 7.55696e-05 9.49586e-05
0.999868
0.999996
0.999836 9.98491e-05
0.999999
1
0.999771
0.999988
0.999999
1
1
0.999978
1
1
0.999997
0.999979
0.999942
0.999991
1
1
0.999923
1
0.999793
0.999999
0.999982 1.54922e-05
1
1
0.9994 0.000458151 0.00012525
0.99975
0.999998
0.999997
1
