0.163078
0.163078
0.163078
0.163078
0.242502
0.242502
0.242502
0.242502
0.242502
0.202661
0.202661
0.202661
0.202661
0.202661
0.202661
0.202661
0.202661
0.113071
0.112092
0.112092
0.112092
0.112092
0.112092
0.112092
0.216184
0.309572
0.21818
0.21818
0.21818
0.8207
0.8207
0.940146
0.824469
0.824469
0.824469
0.824469
0.312215
0.220185
0.251152
0.0272262
0.0272262
0.0753372
0.149192
0.149192
0.149192
0.261732
0.261732
0.261732
0.261732
0.261732
0.261732
0.33267
0.33267
0.33267
0.33267
0.153722
0.260068
0.260068
0.260068
0.260068
0.260068
0.189565
0.189565
0.186632
0.186632
0.0675227
0.149
0.149
0.149
0.149
0.149
0.149
0.149
0.0688608
0.0688608
0.42393
0.789768
0.94011
0.901203
0.704988
0.469711
0.638855
0.638855
0.638855
0.492222
0.492222
0.161789
0.161789
0.416876
0.117307
0.0547757
0.0547757
0.0547757
0.0547757
0.0547757
0.0547757
0.0547757
0.0547757
0.220667
0.201782
0.412774
0.388316
0.18836
0.18836
0.18836
0.18836
0.27246
0.27246
0.27246
0.27246
0.27246
0.27246
0.10136
0.10136
0.10136
0.10136
0.10136
0.10136
0.10136
0.100235
0.100235
0.15005
0.15005
0.15005
0.15005
0.135969
0.135969
0.314333
0.314333
0.378659
0.406132
0.150381
0.150381
0.150381
0.150381
0.268313
0.25917
0.312135
0.312135
0.312135
0.312135
0.312135
0.312135
0.140687
0.140687
0.140687
0.22406
0.386211
0.366152
0.0698145
0.0584664
0.0584664
0.350463
0.209325
0.209325
0.209325
0.209325
0.209325
0.209325
0.209325
0.209325
0.209325
0.209325
0.209325
0.209325
0.209325
0.0999351
0.128782
0.128782
0.128782
0.221808
0.274884
0.21387
0.303925
0.136565
0.136565
0.0855802
0.0334417
0.0334417
0.100066
0.100066
0.100066
0.100066
0.100066
0.100066
0.141465
0.122551
0.122551
0.122551
0.122551
0.122551
0.122551
0.107062
0.107062
0.107062
0.107062
0.0729152
0.0729152
0.343701
0.343701
0.338413
0.338413
0.464534
0.0668391
0.0668391
0.0535094
0.0535094
0.144838
0.144838
0.144838
0.144838
0.133071
0.320975
0.332476
0.416604
0.428516
0.323049
0.323049
0.323049
0.323049
0.1739
0.391851
0.391851
0.391851
0.251675
0.251675
0.251675
0.251675
0.251675
0.121748
0.128393
0.383879
0.325534
0.0990088
0.0990088
0.0990088
0.174425
0.174425
0.174425
0.174425
0.174425
0.174425
0.174425
0.187032
0.187032
0.187032
0.235587
0.235587
0.120997
0.268621
0.268621
0.268621
0.543722
0.359169
0.359169
0.344653
0.114553
0.13661
0.13661
0.13661
0.186468
0.186468
0.186468
0.143102
0.126165
0.285971
0.104362
0.161902
0.161902
0.161902
0.161902
0.161902
0.161902
0.384839
0.259095
0.259095
0.190549
0.0579022
0.16915
0.191256
0.191256
0.191256
0.191256
0.191256
0.0779517
0.0803449
0.0803449
0.119205
0.119205
0.119205
0.119205
0.2547
0.2547
0.0816499
0.0816499
0.0816499
0.0816499
0.0816499
0.0816499
0.0773181
0.0773181
0.0773181
0.125903
0.125903
0.0781122
0.0781122
0.144923
0.144923
0.104013
0.0829365
0.0829365
0.0829365
0.0534516
0.0547726
0.286217
0.0557306
0.0557306
0.0557306
0.0557306
0.0557306
0.0557306
0.0882284
0.0882284
0.24704
0.24704
0.24704
0.24704
0.24704
0.192447
0.192447
0.192447
0.192447
0.192447
0.192447
0.192447
0.192447
0.106884
0.106884
0.473548
0.333568
0.258274
0.258274
0.258274
0.258274
0.258274
0.258274
0.258274
0.258274
0.258274
0.17263
0.17263
0.169059
0.0960473
0.0960473
0.075149
0.193654
0.195599
0.111196
0.206284
0.206284
0.206284
0.206284
0.383337
0.552212
0.552212
0.40903
0.218746
0.210538
0.414381
0.30347
0.0727662
0.0727662
0.15363
0.234449
0.234449
0.234449
0.0335988
0.051716
0.244505
0.507943
0.20896
0.20896
0.20896
0.158851
0.158851
0.248213
0.0808461
0.0808461
0.293839
0.293839
0.293839
0.495485
0.495485
0.378481
0.378481
0.157728
0.157728
0.117607
0.117607
0.117607
0.196847
0.422911
0.2167
0.0705143
0.0705143
0.0705143
0.0705143
0.0705143
0.793562
0.11282
0.107085
0.107085
0.107085
0.110069
0.110069
0.180281
0.180281
0.267871
0.25734
0.25734
0.25734
0.0846122
0.0846122
0.188107
0.503829
0.415634
0.132654
0.132654
0.0784062
0.0784062
0.217166
0.185126
0.185126
0.185126
0.245877
0.213333
0.213333
0.213333
0.213333
0.213333
0.180452
0.180452
0.180452
0.180452
0.180452
0.322726
0.527207
0.527207
0.527207
0.527207
0.527207
0.527207
0.312608
0.253948
0.253948
0.241232
0.241232
0.241232
0.503792
0.129722
0.129722
0.129722
0.123316
0.123316
0.123316
0.123316
0.123316
0.123316
0.123316
0.123316
0.123316
0.182884
0.182884
0.182884
0.182884
0.182884
0.27585
0.268688
0.268688
0.268688
0.0902812
0.0902812
0.0902812
0.0902812
0.0902812
0.0902812
0.141522
0.258238
0.258238
0.258238
0.258238
0.136194
0.136194
0.136194
0.334063
0.334063
0.142215
0.142215
0.142215
0.142215
0.146086
0.146086
0.146086
0.122559
0.122559
0.122559
0.128302
0.128302
0.211907
0.149605
0.149605
0.149605
0.149605
0.149605
0.149605
0.0885127
0.0861937
0.103421
0.0767703
0.0767703
0.127548
0.178125
0.37536
0.37536
0.37536
0.462647
0.433238
0.0245527
0.0245527
0.110351
0.14944
0.373356
0.493116
0.276553
0.276553
0.276553
0.330374
0.155546
0.155546
0.155546
0.155546
0.155546
0.155546
0.155546
0.155546
0.155546
0.340559
0.26413
0.336278
0.336278
0.0033354
0.0033354
0.0033354
0.0033354
0.0033354
0.0033354
0.0033354
0.0033354
0.0033354
0.0033354
0.0033354
0.0033354
0.0033354
0.0033354
0.0033354
0.0033354
0.0033354
0.0033354
0.398565
0.398565
0.115068
0.115068
0.115068
0.0135156
0.0135156
0.250169
0.172941
0.172941
0.154854
0.44756
0.430612
0.177487
0.253143
0.324731
0.265603
0.118266
0.199146
0.0205447
0.0347265
0.0766896
0.200477
0.122273
0.242096
0.325951
0.282974
0.152591
0.410154
0.389257
0.389257
0.473469
0.418645
0.418645
0.418645
0.418645
0.481914
0.357915
0.142234
0.142234
0.112354
0.112354
0.112354
0.112354
0.112354
0.112354
0.112354
0.168541
0.111452
0.148053
0.114179
0.209327
0.280829
0.280829
0.280829
0.167725
0.385634
0.243553
0.243553
0.115323
0.115323
0.115323
0.115323
0.103376
0.103376
0.0857383
0.0857383
0.0857383
0.0857383
0.0857383
0.0857383
0.0857383
0.178519
0.178519
0.178519
0.178519
0.178519
0.178519
0.178519
0.522724
0.395457
0.395457
0.577709
0.577709
0.182086
0.158897
0.306935
0.286776
0.286776
0.286776
0.190326
0.190326
0.190326
0.214304
0.412897
0.527546
0.527546
0.109133
0.109133
0.109133
0.109133
0.236009
0.236009
0.236009
0.236009
0.134613
0.134613
0.134613
0.265698
0.265698
0.188638
0.188638
0.188638
0.17188
0.17188
0.17188
0.379641
0.144114
0.144114
0.144114
0.144114
0.144114
0.144114
0.144114
0.144114
0.144114
0.148773
0.148773
0.280698
0.283204
0.283204
0.235674
0.235674
0.235674
0.235674
0.142221
0.142221
0.139083
0.0897359
0.308218
0.308218
0.116791
0.116791
0.142907
0.142907
0.142907
0.142907
0.142907
0.142907
0.148995
0.148995
0.242689
0.242689
0.242689
0.242689
0.160949
0.160949
0.160949
0.160949
0.229327
0.229327
0.400954
0.400954
0.228335
0.232459
0.231696
0.179992
0.179992
0.161457
0.161457
0.139861
0.139861
0.139861
0.139861
0.0712836
0.0712836
0.0712836
0.0712836
0.0866662
0.0866662
0.0866662
0.0866662
0.188874
0.188874
0.188874
0.199921
0.201202
0.283486
0.283486
0.283486
0.283486
0.283486
0.288828
0.288828
0.288828
0.288828
0.288828
0.288828
0.151595
0.351573
0.351573
0.351573
0.351573
0.358856
0.285126
0.285126
0.285126
0.285126
0.163947
0.163947
0.170757
0.155373
0.0696355
0.0696355
0.149959
0.149959
0.379343
0.379343
0.379343
0.0514748
0.114654
0.071751
0.071751
0.071751
0.071751
0.071751
0.071751
0.071751
0.071751
0.071751
0.071751
0.104646
0.202976
0.162883
0.162883
0.162883
0.0670909
0.0670909
0.0670909
0.0670909
0.0670909
0.143113
0.373562
0.0840413
0.0840413
0.102118
0.102118
0.102118
0.0903083
0.0903083
0.260297
0.260297
0.260297
0.126703
0.126703
0.065082
0.065082
0.065082
0.065082
0.142144
0.142144
0.137644
0.233377
0.43939
0.43939
0.43939
0.516764
0.415527
0.415527
0.181215
0.181215
0.181215
0.181215
0.181215
0.175331
0.175331
0.19071
0.19071
0.19071
0.164526
0.164526
0.164526
0.164526
0.164526
0.164526
0.0918306
0.0918306
0.177439
0.159579
0.159579
0.159579
0.12831
0.0409525
0.183539
0.183539
0.183539
0.232454
0.232454
0.107374
0.107374
0.107374
0.107374
0.107374
0.107374
0.0463572
0.0463572
0.0463572
0.0463572
0.0463572
0.0463572
0.0463572
0.0463572
0.240032
0.159836
0.159836
0.197912
0.0816093
0.147108
0.147108
0.147108
0.147108
0.134967
0.033103
0.378809
0.427721
0.129171
0.276754
0.276754
0.276754
0.155822
0.194266
0.0700895
0.0941059
0.187051
0.187051
0.187051
0.29291
0.29291
0.29291
0.178688
0.175172
0.175172
0.175172
0.175172
0.069766
0.218298
0.218298
0.200758
0.14912
0.100344
0.10165
0.10165
0.10165
0.134658
0.0591208
0.0591208
0.0219861
0.0219861
0.0219861
0.34192
0.359262
0.359262
0.178122
0.178122
0.178122
0.181151
0.296064
0.385717
0.103681
0.103681
0.0671778
0.344179
0.0782397
0.0782397
0.0996563
0.0996563
0.0996563
0.0996563
0.0996563
0.0996563
0.211048
0.0923195
0.182921
0.0563637
0.0524431
0.0524431
0.0524431
0.0524431
0.0524431
0.0524431
0.0524431
0.0524431
0.0524431
0.0524431
0.0524431
0.0524431
0.0524431
0.0524431
0.0524431
0.0524431
0.488047
0.488047
0.488047
0.441241
0.308649
0.274263
0.300535
0.300535
0.142079
0.275574
0.275574
0.0580174
0.0580174
0.0580174
0.211879
0.211879
0.211879
0.19627
0.19627
0.19627
0.400075
0.445074
0.445074
0.540997
0.328706
0.328706
0.328706
0.328706
0.305723
0.148859
0.104042
0.0387087
