123.401
123.401
123.401 -4.62172 -0.575478
123.401
123.401
125.556
124.571
124.016
124.306
122.38
125.404
123.634 0.658791 4.41099
124.154
123.842
123.309
124.58
124.58
124.683
124.49
125.868
125.868
125.868
125.868
125.868
125.868
123.089
123.089
123.705
123.705
123.705
123.705
125.02
124.815 2.54985 2.28356
124.815 -4.01802
124.815 0.511681 4.1524
124.815
124.187 -3.47699
123.344 0.495361 1.37218 -5.70029
123.344
123.344
123.344
123.344
123.567
123.567
122.771
122.771
125.495 2.16995 -3.26328
125.495 -3.46523
124.931
123.807
123.807
123.807 -1.34284
124.603
124.826
124.826
124.826 -1.95913
123.153
124.55
122.813
122.696
123.047
122.843
123.109
123.094
123.094
123.094
124.769
123.596
123.596
124.222 -2.32304
124.209
124.209
124.209
124.209
124.217
124.217
124.551
124.551 0.286295
124.551 4.62958 0.190297 -6.42386
123.662
125.463
125.463 -0.926703
124.258 -0.112935 0.5952 3.43819 4.43647
124.582
123.638 -1.00596 0.770227 7.76154
123.638 0.592147
124.957
124.957
123.169
123.689 -0.491488 2.36617
125.113
123.089
123.089
122.781
125.048
123.347
123.523
123.523
123.523
123.523
123.523
123.523
124.011
124.316
124.316
124.316
125.156
123.247
123.907
123.796 -1.4091 0.267713
124.374 -0.201443
124.41
124.41
125.095
125.095
125.095
124.288
124.288
124.288
122.531
122.531
122.531
124.768
124.768
124.768
124.768
124.768 -2.31875
125.356 -1.58977
125.356 -6.53565 -3.46037
125.356
125.166
123.63
123.63
123.63
124.512
123.573
123.573
123.959
124.008
124.008 -0.763085
124.008
124.008
125.041
124.278
124.278
122.858
123.051
123.051
125.56 0.654158
125.424
125.417
123.13
123.4
123.4
123.916
123.94
123.94
123.94
123.94
122.331
121.845
124.529
124.529
124.024
124.024 2.21743 -8.80244
124.024
123.179
124.243
124.243 -0.0378269
124.253
123.802
122.955
122.822
122.822
122.822
122.822
122.822
123.858
124.73
123.601
123.601
122.546
125.44
125.44
125.44
125.44
125.44
125.44
125.058
124.245
124.245
124.245
124.245
122.976
123.521
123.521
123.521
123.521
123.521
123.521 -1.36435 -1.12037
123.521 -0.556901 -3.34399
125.006
125.006 -5.89331
125.006
125.006
125.006
123.386
123.386
123.386
123.386
123.708
124.068
123.238 4.38492 4.9309
123.238
125.261 -2.83179
125.261 0.483323
125.261
125.261
123.101 -0.374723 -2.14889
123.101 0.76058
123.101
123.101 -0.376433 -4.23843
123.101
123.101
123.101
123.101
123.101
124.378
124.132
122.926
122.926
122.926 2.48523
122.926
122.926
122.926
122.926
123.316
123.364
123.364
123.364 -3.26097
123.364
123.364
123.364
124.569
124.535
124.535 0.846627 2.88814 3.36103
124.535
124.535
124.535
124.535
124.535
124.535
124.535
124.535 1.05599
124.535
124.535
124.535
124.535
124.514
125.027
122.718
123.973
123.578
123.578
124.884
125.321
122.56 -3.357
122.8
122.8 -2.2923
122.8
122.8
122.8
122.8
124.285
124.285
124.927
124.591
124.591
123.358
124.003
124.003
124.003
122.016
122.976
122.953
122.953
123.557
123.557
123.557 0.461262
124.734
124.548
124.548
124.548
123.818
124.037
124.037
124.037
123.483
123.483
124.339
124.078
124.078
123.121
124.164
124.164
124.164
125.687 -0.200938 -2.83505
122.51
122.276
122.276
122.276
122.276
122.608
122.608
122.608
124.976
124.906
124.906
123.885
123.885
123.885
123.885
123.885
124.568
124.568
124.568
124.568
124.568
124.568
123.939
123.939
123.939 0.643129
123.939
123.939
123.939 -2.97177
123.939
123.939
123.936
123.936
123.936
124.062 5.75922
124.062 3.72952 1.93655 2.59437
124.062
124.062 -3.49322 3.40609
124.464
124.464
124.464
124.464
124.464
124.464
124.464
124.464
124.464
122.376
122.376 -4.48747
123.094
123.094
123.809
124.775
124.775
124.775
123.093
124.085
122.834 -1.10397 5.68472
123.429 -0.735548
123.429
123.429 -2.81341 4.48173
122.512
122.512
123.123
123.363
123.395
121.814
125.212
123.656
123.656
123.656
124.111
124.111
124.111
124.111
124.111
123.729
122.396
126.194
126.194
123.186
123.186
123.186
123.186
123.186 0.260963
124.608 1.49481 -1.65744
124.608 2.80838
123.645 -1.59646 -1.35339
123.645
123.645 1.52418
124.019
124.498
124.498
124.498
124.498
124.498
124.498
124.184 -4.43644
124.145
124.239
124.239
124.239 0.238832 0.0599201 -2.75689
124.239 6.36379
124.239 1.98485
124.239
124.239
124.239
124.239
123.559
123.559
123.559
123.559
123.919
123.419
123.419
123.419
123.419
122.887
122.887
122.887
122.887
122.887
124.63
123.68 -4.19809
123.68
123.68
123.2
123.2
123.063
123.063
123.063
123.063
122.586 1.78443
122.586
123.764
124.254
124.254
124.254
124.254
124.254
123.749
123.809 -0.36456
123.369
123.369 1.56789 -1.50651
123.259
123.625
123.625 -11.4432
124.237 0.219851
124.237
124.237
124.237
123.952
123.952
124.243 0.65802
124.243
125.406
125.406
125.406
125.406
124.184
124.184
124.184
124.184
124.184
124.184
124.184 0.00215174 -0.33748
124.184
124.184
124.184
124.184
124.159
123.573
123.573
123.573
123.573
123.573
123.166
123.166
123.7
123.7
124.551
124.551 4.76616 -7.23272 5.22372
123.843 -4.93728 -4.48402 4.16954
123.117
123.573
123.573 -0.469011
123.573
123.173
124.602
124.602
124.184
124.184
124.184
124.184
123.897
123.979
124.533
123.77
123.77
123.631
123.97
123.97
123.97
123.97
123.97
124.481
124.481
124.481
124.481
123.48
123.48
123.272
125.085
125.735
123.191
123.191
123.191
123.191
123.191
123.191
123.324 -3.6585
123.717
123.717
125.239
124.256
124.62 1.44754
124.62
124.62
124.621
124.646
124.728
122.71
124.281
122.96
123.504
123.504
123.504 0.820132
123.504
124.155
124.155
124.155
124.69 2.87826
122.251
122.431
122.595
122.595
123.618
123.618
124.267
124.267
124.709
124.568
123.929
124.655
124.655
124.655
124.655
124.655
124.341
124.341
124.244
124.052
124.052
124.052
125.538
125.561
125.497
123.553
123.553
123.553
124.175
123.326
123.326
125.152
125.152 0.5491
125.288
125.288
125.288
125.288
125.288
125.177
125.177
123.447
122.909
123.03 6.16597
123.03
123.03
123.03
123.526
123.526
123.526
123.526
123.526
123.477
123.217
125.003
125.003
125.003
125.003 -9.23243 -1.41134 3.37908
125.003
125.003
125.49
124.226
123.038
124.757
123.563
123.711
123.711
123.711
123.711
124.242
124.242
124.242
124.242
123.945
123.945
123.945
124.26
122.625
123.038
123.038 -3.61049
123.038
123.038
125.215
124.715
124.715
124.715
124.715
124.715
123.013
123.013
124.646
123.609 0.924597 0.620553
124.374
124.987
123.694
124.666
123.731
123.731
123.731
123.731
123.731
123.731
123.731
123.731
123.416
123.416
123.416
123.416
124.259
124.259 3.7529
124.259
124.259
124.259
124.259
124.259
123.816
124.426
124.426 1.16284 0.461157
124.426
123.668
123.668 0.438077
123.668
124.198
124.198
123.388
123.388
123.388
123.388
124.744 -1.60081
124.744 4.16675 -4.76828
124.336
124.336
123.769
124.837
124.837
123.716
122.883
122.883
124.462 -3.13604
123.746
123.746
123.746
124.248
124.248
124.248
124.248
122.195
124.522
124.522
123.19
123.19
123.19
124.476
124.476
123.712
123.914
123.914
123.914
124.425
123.513
124.296
124.296
124.296
124.296
124.296
124.463
124.834
124.834
124.873
122.707
124.288
124.288
124.077
124.077
124.077
124.077
124.077
123.909
123.909
123.909
123.909
123.909 -1.15622
123.909
123.909
124.994 0.790968
123.946
123.946
124.035
124.434
124.434
124.434
123.95
124.184
124.351
124.572
123.335
123.335
123.536
123.28
124.131
124.207
124.207
124.634
124.634
124.634
124.634
124.742
125.279 3.61469
124.217
124.322
124.343 -1.03613 -0.00974163
123.917
123.917
123.917
125.316
123.956 3.92343
123.956
123.956
123.956
123.956
124.944 0.774425 0.288349
124.944 0.409654
124.892
124.892
124.892
124.687 -2.94299
123.551
123.551
124.739 -0.942555 -2.185
124.739
124.76
124.76
125.024
125.024 -2.94807
123.641
123.641 -1.08672
123.865
123.865
123.865
123.984
123.317
123.16
123.642
123.642
124.581
124.753
124.846
124.846
124.685
124.685
123.457
123.834
123.834
123.468 4.64041 0.845356
123.468
125.322
122.398
125.346
124.083
124.083
124.083
123.945
123.945 -2.58452
123.945
123.539
123.686
123.686
124.626
124.626
124.75
124.75
124.75
124.75
124.011
124.011 -4.32873
124.011
124.003
124.003
124.003
124.808
124.808
123.647
123.647
124.699
123.494
123.494
123.494
123.494
123.494 3.08573
122.869
122.869 0.455455 0.425623
122.869
123.258
124.433
124.433
124.433
124.433
124.433
124.433
123.164
123.164
123.962 -3.82096
124.215
124.215
122.946
122.946
122.946
122.931
122.931
122.931
122.931
122.931
122.931
124.752
124.752
123.522
123.522
124.354
124.354
124.354
124.354
124.354
124.354
124.354
123.248
123.407
123.187
123.187
122.606
122.929
123.74
125.319
125.319
124.456
123.214
124.442
124.555
124.711
124.711
124.748
124.748
124.748
123.676
123.676
123.676
123.676
124.421
122.703 0.0380252
121.73
122.43
122.43
122.43 2.31399
122.43
122.43
122.43
122.419
125.496
125.496
125.496
125.496
123.591
123.745
122.471
123.354
122.975
123.747
124.173 -0.230426
124.173
124.173
124.173
124.173
124.173
123.541
124.723
124.723
124.723
124.723
124.723
123.645
123.645
123.677
124.256
123.658
123.658
123.658
123.658
122.997
124.819
124.819
123.16
123.16
123.254
122.659
123.384
123.384
123.42
123.42
123.42
123.42
123.42
123.662
123.662
123.662
123.662 -3.80371 1.20828
123.662
123.662
122.119
125.421
125.421
125.421
125.421
125.25
125.25
125.25
123.21
123.21
123.21
123.21
123.21
123.21
123.21
124.946 6.99489 1.82214
125.245
125.245
124.575 -3.42328
123.31
122.503
123.833
123.833
123.945
123.945
124.002
124.002
124.237
124.237
124.237
124.758
124.758
124.758
124.885
124.885
124.885
124.719
124.719
124.719
124.854 3.01385
124.854
124.854
124.854 6.36569 0.155405
122.936
124.055
124.055
123.216
