#TIME             POWER            
1518789499                         
1518789509                         
1518789519                         
1518789530                         
1518789540                         
1518789552                         
1518789562                         
1518789572                         
1518789582                         
1518789592                         
1518789602                         
1518789612                         
1518789623                         
1518789633                         
1518789643                         
1518789653                         
1518789664                         
1518789674                         
1518789684                         
1518789694                         
1518789704                         
1518789715                         
1518789725                         
1518789735                         
1518789745                         
1518789755                         
1518789766                         
1518789776                         
1518789786                         
1518789796                         
1518789806                         
1518789816                         
1518789826                         
1518789837                         
1518789847                         
1518789857                         
1518789867                         
1518789877                         
1518789887                         
1518789897                         
1518789908                         
1518789918                         
1518789928                         
1518789938                         
1518789948                         
1518789958                         
1518789968                         
1518789979                         
1518789989                         
1518789999                         
1518790009                         
1518790019                         
1518790029                         
1518790039                         
1518790050                         
1518790060                         
1518790070                         
1518790080                         
1518790090                         
1518790100                         
1518790110                         
1518790121                         
1518790131                         
1518790141                         
1518790151                         
1518790161                         
1518790171                         
1518790181                         
1518790192                         
1518790202                         
1518790212                         
1518790222                         
1518790232                         
1518790242                         
1518790253                         
1518790263                         
1518790273                         
1518790283                         
1518790293                         
1518790303                         
1518790314                         
1518790324                         
1518790334                         
1518790344                         
1518790354                         
1518790364                         
1518790374                         
1518790385                         
1518790395                         
1518790405                         
1518790415                         
1518790425                         
1518790435                         
1518790445                         
1518790456                         
1518790466                         
1518790476                         
1518790486                         
1518790496                         
1518790506                         
1518790516                         
1518790527                         
1518790537                         
1518790547                         
1518790557                         
1518790567                         
1518790578                         
1518790588                         
1518790598                         
1518790608                         
1518790618                         
1518790628                         
1518790638                         
1518790649                         
1518790659                         
1518790669                         
1518790679                         
1518790689                         
1518790699                         
1518790709                         
1518790720                         
1518790730                         
1518790740                         
1518790750                         
1518790760                         
1518790770                         
1518790780                         
1518790791                         
1518790801                         
1518790811                         
1518790821                         
1518790831                         
1518790841                         
1518790851                         
1518790862                         
1518790872                         
1518790882                         
1518790892                         
1518790902                         
1518790912                         
1518790922                         
1518790933                         
1518790943                         
1518790953                         
1518790963                         
1518790973                         
1518790983                         
1518790994                         
1518791004                         
1518791014                         
1518791024                         
1518791034                         
1518791044                         
1518791054                         
1518791065                         
1518791075                         
1518791085                         
1518791095                         
1518791105                         
1518791115                         
1518791125                         
1518791136                         
1518791146                         
1518791156                         
1518791166                         
1518791176                         
1518791186                         
1518791197                         
1518791207                         
1518791217                         
1518791227                         
1518791237                         
1518791247                         
1518791257                         
1518791268                         
1518791278                         
1518791288                         
1518791298                         
1518791308                         
1518791318                         
1518791328                         
1518791339                         
1518791349                         
1518791359                         
1518791369                         
1518791379                         
1518791389                         
1518791400                         
1518791410                         
1518791420                         
1518791430                         
1518791440                         
1518791450                         
1518791460                         
1518791471                         
1518791481                         
1518791491                         
1518791501                         
1518791511                         
1518791521                         
1518791531                         
1518791542                         
1518791552                         
1518791562                         
1518791572                         
1518791582                         
1518791592                         
1518791602                         
1518791613                         
1518791623                         
1518791633                         
1518791643                         
1518791653                         
1518791663                         
1518791674                         
1518791684                         
1518791694                         
1518791704                         
1518791714                         
1518791724                         
1518791734                         
1518791745                         
1518791755                         
1518791765                         
1518791775                         
1518791785                         
1518791796                         
1518791806                         
1518791816                         
1518791826                         
1518791836                         
1518791846                         
1518791856                         
1518791867                         
1518791877                         
1518791887                         
1518791897                         
1518791907                         
1518791917                         
1518791928                         
1518791938                         
1518791948                         
1518791958                         
1518791968                         
1518791978                         
1518791988                         
1518791999                         
1518792009                         
1518792019                         
1518792029                         
1518792039                         
1518792049                         
1518792059                         
1518792070                         
1518792080                         
1518792090                         
1518792100                         
1518792110                         
1518792120                         
1518792131                         
1518792141                         
1518792151                         
1518792161                         
1518792171                         
1518792181                         
1518792191                         
1518792202                         
1518792212                         
1518792222                         
1518792232                         
1518792242                         
1518792252                         
1518792262                         
1518792273                         
1518792283                         
1518792293                         
1518792303                         
1518792313                         
1518792323                         
1518792334                         
1518792344                         
1518792354                         
1518792364                         
1518792374                         
1518792384                         
1518792394                         
1518792405                         
1518792415                         
1518792425                         
1518792435                         
1518792445                         
1518792455                         
1518792465                         
1518792476                         
1518792486                         
1518792496                         
1518792506                         
1518792516                         
1518792526                         
1518792536                         
1518792547                         
1518792557                         
1518792567                         
1518792577                         
1518792587                         
1518792597                         
1518792608                         
1518792618                         
1518792628                         
1518792638                         
1518792648                         
1518792658                         
1518792668                         
1518792679                         
1518792689                         
1518792699                         
1518792709                         
1518792719                         
1518792729                         
1518792739                         
1518792750                         
1518792760                         
1518792770                         
1518792780                         
1518792790                         
1518792800                         
1518792811                         
1518792821                         
1518792831                         
1518792841                         
1518792851                         
1518792861                         
1518792871                         
1518792882                         
1518792892                         
1518792902                         
1518792912                         
1518792922                         
1518792932                         
1518792942                         
1518792953                         
1518792963                         
1518792973                         
1518792983                         
1518792993                         
1518793003                         
1518793014                         
1518793024                         
1518793034                         
1518793044                         
1518793054                         
1518793064                         
1518793074                         
1518793085                         
1518793095                         
1518793105                         
1518793115                         
1518793125                         
1518793135                         
1518793145                         
1518793156                         
1518793166                         
1518793176                         
1518793186                         
1518793196                         
1518793206                         
1518793217                         
1518793227                         
1518793237                         
1518793247                         
1518793257                         
1518793268                         
1518793278                         
1518793288                         
1518793298                         
1518793308                         
1518793318                         
1518793329                         
1518793339                         
1518793349                         
1518793359                         
1518793369                         
1518793379                         
1518793389                         
1518793400                         
1518793410                         
1518793420                         
1518793430                         
1518793440                         
1518793450                         
1518793460                         
1518793471                         
1518793481                         
1518793491                         
1518793501                         
1518793511                         
1518793521                         
1518793531                         
1518793542                         
1518793552                         
1518793562                         
1518793572                         
1518793582                         
1518793592                         
1518793602                         
1518793613                         
1518793623                         
1518793633                         
1518793643                         
1518793653                         
1518793663                         
1518793674                         
1518793684                         
1518793694                         
1518793704                         
1518793714                         
1518793724                         
1518793734                         
1518793745                         
1518793755                         
1518793765                         
1518793775                         
1518793786                         
1518793796                         
1518793806                         
1518793816                         
1518793826                         
1518793836                         
1518793846                         
1518793857                         
1518793867                         
1518793877                         
1518793887                         
1518793897                         
1518793907                         
1518793918                         
1518793928                         
1518793938                         
1518793948                         
1518793958                         
1518793968                         
1518793978                         
1518793989                         
1518793999                         
1518794009                         
1518794019                         
1518794029                         
1518794039                         
1518794049                         
1518794060                         
1518794070                         
1518794080                         
1518794090                         
1518794101                         
1518794111                         
1518794121                         
1518794131                         
1518794141                         
1518794151                         
1518794161                         
1518794172                         
1518794182                         
1518794192                         
1518794202                         
1518794212                         
1518794222                         
1518794232                         
1518794243                         
1518794253                         
1518794263                         
1518794273                         
1518794283                         
1518794293                         
1518794304                         
1518794314                         
1518794324                         
1518794334                         
1518794344                         
1518794354                         
1518794364                         
1518794375                         
1518794385                         
1518794395                         
1518794405                         
1518794415                         
1518794425                         
1518794436                         
1518794446                         
1518794456                         
1518794466                         
1518794477                         
1518794487                         
1518794497                         
1518794507                         
1518794517                         
1518794527                         
1518794538                         
1518794548                         
1518794558                         
1518794568                         
1518794578                         
1518794588                         
1518794598                         
1518794609                         
1518794619                         
1518794629                         
1518794639                         
1518794649                         
1518794659                         
1518794670                         
1518794680                         
1518794690                         
1518794700                         
1518794710                         
1518794720                         
1518794730                         
1518794741                         
1518794751                         
1518794761                         
1518794771                         
1518794781                         
1518794791                         
1518794802                         
1518794812                         
1518794822                         
1518794832                         
1518794842                         
1518794852                         
1518794862                         
1518794873                         
1518794883                         
1518794893                         
1518794903                         
1518794913                         
1518794923                         
1518794934                         
1518794944                         
1518794954                         
1518794964                         
1518794974                         
1518794984                         
1518794995                         
1518795005                         
1518795015                         
1518795025                         
1518795035                         
1518795046                         
1518795056                         
1518795066                         
1518795076                         
1518795086                         
1518795096                         
1518795107                         
1518795117                         
1518795127                         
1518795137                         
1518795147                         
1518795157                         
1518795167                         
1518795178                         
1518795188                         
1518795198                         
1518795208                         
1518795218                         
1518795228                         
1518795239                         
1518795249                         
1518795259                         
1518795269                         
1518795279                         
1518795289                         
1518795299                         
1518795310                         
1518795320                         
1518795330                         
1518795340                         
1518795350                         
1518795360                         
1518795370                         
1518795381                         
1518795391                         
1518795401                         
1518795411                         
1518795421                         
1518795431                         
1518795442                         
1518795452                         
1518795462                         
1518795472                         
1518795482                         
1518795492                         
1518795502                         
1518795513                         
1518795523                         
1518795533                         
1518795543                         
1518795553                         
1518795563                         
1518795574                         
1518795584                         
1518795594                         
1518795604                         
1518795614                         
1518795624                         
1518795634                         
1518795645                         
1518795655                         
1518795665                         
1518795675                         
1518795685                         
1518795695                         
1518795706                         
1518795716                         
1518795726                         
1518795736                         
1518795746                         
1518795756                         
1518795766                         
1518795777                         
1518795787                         
1518795797                         
1518795807                         
1518795817                         
1518795828                         
1518795838                         
1518795848                         
1518795858                         
1518795868                         
1518795878                         
1518795889                         
1518795899                         
1518795909                         
1518795919                         
1518795929                         
1518795939                         
1518795949                         
1518795960                         
1518795970                         
1518795980                         
1518795990                         
1518796000                         
1518796010                         
1518796021                         
1518796031                         
1518796041                         
1518796051                         
1518796061                         
1518796071                         
1518796081                         
1518796092                         
1518796102                         
1518796112                         
1518796122                         
1518796132                         
1518796142                         
1518796153                         
1518796163                         
1518796173                         
1518796183                         
1518796193                         
1518796203                         
1518796213                         
1518796224                         
1518796234                         
1518796244                         
1518796254                         
1518796264                         
1518796274                         
1518796285                         
1518796295                         
1518796305                         
1518796315                         
1518796325                         
1518796336                         
1518796346                         
1518796356                         
1518796366                         
1518796376                         
1518796386                         
1518796397                         
1518796407                         
1518796417                         
1518796427                         
1518796437                         
1518796447                         
1518796458                         
1518796468                         
1518796478                         
1518796488                         
1518796498                         
1518796508                         
1518796519                         
1518796529                         
1518796539                         
1518796549                         
1518796559                         
1518796569                         
1518796580                         
1518796590                         
1518796600                         
1518796610                         
1518796620                         
1518796630                         
1518796640                         
1518796651                         
1518796661                         
1518796671                         
1518796681                         
1518796691                         
1518796701                         
1518796712                         
1518796722                         
1518796732                         
1518796742                         
1518796752                         
1518796762                         
1518796772                         
1518796783                         
1518796793                         
1518796803                         
1518796813                         
1518796823                         
1518796833                         
1518796844                         
1518796854                         
1518796864                         
1518796874                         
1518796884                         
1518796894                         
1518796905                         
1518796915                         
1518796925                         
1518796935                         
1518796945                         
1518796955                         
1518796966                         
1518796976                         
1518796986                         
1518796996                         
1518797006                         
1518797016                         
1518797027                         
1518797037                         
1518797047                         
1518797057                         
1518797067                         
1518797077                         
1518797087                         
1518797098                         
1518797108                         
1518797118                         
1518797128                         
1518797138                         
1518797148                         
1518797159                         
1518797169                         
1518797179                         
1518797189                         
1518797199                         
1518797209                         
1518797219                         
1518797230                         
1518797240                         
1518797250                         
1518797260                         
1518797270                         
1518797280                         
1518797291                         
1518797301                         
1518797311                         
1518797321                         
1518797331                         
1518797341                         
1518797352                         
1518797362                         
1518797372                         
1518797382                         
1518797392                         
1518797402                         
1518797412                         
1518797423                         
1518797433                         
1518797443                         
1518797453                         
1518797463                         
1518797473                         
1518797484                         
1518797494                         
1518797504                         
1518797514                         
1518797524                         
1518797534                         
1518797544                         
1518797555                         
1518797565                         
1518797575                         
1518797585                         
1518797595                         
1518797605                         
1518797616                         
1518797626                         
1518797636                         
1518797646                         
1518797656                         
1518797666                         
1518797676                         
1518797687                         
1518797697                         
1518797707                         
1518797717                         
1518797727                         
1518797738                         
1518797748                         
1518797758                         
1518797768                         
1518797778                         
1518797788                         
1518797798                         
1518797809                         
1518797819                         
1518797829                         
1518797839                         
1518797849                         
1518797859                         
1518797870                         
1518797880                         
1518797890                         
1518797901                         
1518797911                         
1518797921                         
1518797931                         
1518797942                         
1518797952                         
1518797962                         
1518797972                         
1518797982                         
1518797992                         
1518798002                         
1518798013                         
1518798023                         
1518798033                         
1518798043                         
1518798053                         
1518798064                         
1518798074                         
1518798084                         
1518798094                         
1518798104                         
1518798114                         
1518798124                         
1518798135                         
1518798145                         
1518798155                         
1518798165                         
1518798175                         
1518798185                         
1518798196                         
1518798206                         
1518798216                         
1518798226                         
1518798237                         
1518798247                         
1518798257                         
1518798267                         
1518798277                         
1518798288                         
1518798298                         
1518798308                         
1518798318                         
1518798328                         
1518798338                         
1518798348                         
1518798359                         
1518798369                         
1518798379                         
1518798389                         
1518798399                         
1518798409                         
1518798420                         
1518798430                         
1518798440                         
1518798450                         
1518798460                         
1518798470                         
1518798480                         
1518798491                         
1518798501                         
1518798511                         
1518798521                         
1518798531                         
1518798541                         
1518798552                         
1518798562                         
1518798572                         
1518798582                         
1518798592                         
1518798602                         
1518798613                         
1518798623                         
1518798633                         
1518798643                         
1518798653                         
1518798663                         
1518798674                         
1518798684                         
1518798694                         
1518798704                         
1518798714                         
1518798724                         
1518798734                         
1518798745                         
1518798755                         
1518798765                         
1518798775                         
1518798785                         
1518798795                         
1518798806                         
1518798816                         
1518798826                         
1518798836                         
1518798846                         
1518798856                         
1518798866                         
1518798877                         
1518798887                         
1518798897                         
1518798907                         
1518798917                         
1518798927                         
1518798938                         
1518798948                         
1518798958                         
1518798968                         
1518798978                         
1518798988                         
1518798999                         
1518799009                         
1518799019                         
1518799029                         
1518799039                         
1518799049                         
1518799059                         
1518799070                         
1518799080                         
1518799090                         
1518799100                         
1518799110                         
1518799120                         
1518799131                         
1518799141                         
1518799151                         
1518799161                         
1518799171                         
1518799182                         
1518799192                         
1518799202                         
1518799212                         
1518799223                         
1518799233                         
1518799243                         
1518799253                         
1518799263                         
1518799273                         
1518799283                         
1518799294                         
1518799304                         
1518799314                         
1518799324                         
1518799334                         
1518799344                         
1518799355                         
1518799365                         
1518799375                         
1518799385                         
1518799395                         
1518799405                         
1518799416                         
1518799426                         
1518799436                         
1518799446                         
1518799456                         
1518799466                         
1518799476                         
1518799487                         
1518799497                         
1518799507                         
1518799517                         
1518799527                         
1518799537                         
1518799547                         
1518799558                         
1518799568                         
1518799578                         
1518799588                         
1518799598                         
1518799608                         
1518799619                         
1518799629                         
1518799639                         
1518799649                         
1518799659                         
1518799669                         
1518799679                         
1518799690                         
1518799700                         
1518799710                         
1518799720                         
1518799730                         
1518799740                         
1518799751                         
1518799761                         
1518799771                         
1518799781                         
1518799791                         
1518799801                         
1518799812                         
1518799822                         
1518799832                         
1518799842                         
1518799852                         
1518799862                         
1518799872                         
1518799883                         
1518799893                         
1518799903                         
1518799913                         
1518799923                         
1518799933                         
1518799944                         
1518799954                         
1518799964                         
1518799974                         
1518799984                         
1518799994                         
1518800004                         
1518800015                         
1518800025                         
1518800035                         
1518800045                         
1518800055                         
1518800065                         
1518800075                         
1518800086                         
1518800096                         
1518800106                         
1518800116                         
1518800126                         
1518800136                         
1518800147                         
1518800157                         
1518800167                         
1518800177                         
1518800187                         
1518800197                         
1518800207                         
1518800218                         
1518800228                         
1518800238                         
1518800248                         
1518800258                         
1518800268                         
1518800278                         
1518800289                         
1518800299                         
1518800309                         
1518800319                         
1518800329                         
1518800340                         
1518800350                         
1518800360                         
1518800370                         
1518800380                         
1518800390                         
1518800400                         
1518800411                         
1518800421                         
1518800431                         
1518800441                         
1518800451                         
1518800461                         
1518800472                         
1518800482                         
1518800492                         
1518800502                         
1518800512                         
1518800522                         
1518800532                         
1518800543                         
1518800553                         
1518800563                         
1518800573                         
1518800583                         
1518800593                         
1518800603                         
1518800614                         
1518800624                         
1518800634                         
1518800644                         
1518800654                         
1518800664                         
1518800675                         
1518800685                         
1518800695                         
1518800705                         
1518800715                         
1518800725                         
1518800736                         
1518800746                         
1518800756                         
1518800766                         
1518800776                         
1518800786                         
1518800796                         
1518800807                         
1518800817                         
1518800827                         
1518800837                         
1518800847                         
1518800858                         
1518800868                         
1518800878                         
1518800888                         
1518800898                         
1518800908                         
1518800919                         
1518800929                         
1518800939                         
1518800949                         
1518800959                         
1518800969                         
1518800980                         
1518800990                         
1518801000                         
1518801010                         
1518801020                         
1518801030                         
1518801040                         
1518801051                         
1518801061                         
1518801071                         
1518801081                         
1518801091                         
1518801101                         
1518801112                         
1518801122                         
1518801132                         
1518801142                         
1518801152                         
1518801162                         
1518801172                         
1518801183                         
1518801193                         
1518801203                         
1518801213                         
1518801223                         
1518801233                         
1518801244                         
1518801254                         
1518801264                         
1518801274                         
1518801284                         
1518801294                         
1518801304                         
1518801315                         
1518801325                         
1518801335                         
1518801345                         
1518801355                         
1518801365                         
1518801376                         
1518801386                         
1518801396                         
1518801406                         
1518801416                         
1518801426                         
1518801436                         
1518801447                         
1518801457                         
1518801467                         
1518801477                         
1518801487                         
1518801497                         
1518801508                         
1518801518                         
1518801528                         
1518801538                         
1518801548                         
1518801558                         
1518801568                         
1518801579                         
1518801589                         
1518801599                         
1518801609                         
1518801619                         
1518801629                         
1518801640                         
1518801650                         
1518801660                         
1518801670                         
1518801680                         
1518801690                         
1518801701                         
1518801711                         
1518801721                         
1518801731                         
1518801741                         
1518801751                         
1518801761                         
1518801772                         
1518801782                         
1518801792                         
1518801802                         
1518801812                         
1518801822                         
1518801833                         
1518801843                         
1518801853                         
1518801863                         
1518801873                         
1518801883                         
1518801894                         
1518801904                         
1518801914                         
1518801924                         
1518801934                         
1518801944                         
1518801954                         
1518801965                         
1518801975                         
1518801985                         
1518801995                         
1518802005                         
1518802015                         
1518802026                         
1518802036                         
1518802046                         
1518802056                         
1518802066                         
1518802076                         
1518802087                         
1518802097                         
1518802107                         
1518802117                         
1518802127                         
1518802137                         
1518802147                         
1518802158                         
1518802168                         
1518802178                         
1518802188                         
1518802198                         
1518802208                         
1518802219                         
1518802229                         
1518802239                         
1518802249                         
1518802259                         
1518802269                         
1518802279                         
1518802290                         
1518802300                         
1518802310                         
1518802320                         
1518802330                         
1518802340                         
1518802351                         
1518802361                         
1518802371                         
1518802381                         
1518802391                         
1518802401                         
1518802412                         
1518802422                         
1518802433                         
1518802443                         
1518802453                         
1518802463                         
1518802473                         
1518802483                         
1518802494                         
1518802504                         
1518802514                         
1518802524                         
1518802534                         
1518802544                         
1518802554                         
1518802565                         
1518802575                         
1518802585                         
1518802595                         
1518802605                         
1518802615                         
1518802626                         
1518802636                         
1518802646                         
1518802656                         
1518802666                         
1518802676                         
1518802686                         
1518802697                         
1518802707                         
1518802717                         
1518802727                         
1518802737                         
1518802748                         
1518802758                         
1518802768                         
1518802778                         
1518802788                         
1518802799                         
1518802809                         
1518802819                         
1518802829                         
1518802839                         
1518802849                         
1518802860                         
1518802870                         
1518802880                         
1518802890                         
1518802900                         
1518802910                         
1518802920                         
1518802931                         
1518802941                         
1518802951                         
1518802961                         
1518802971                         
1518802981                         
1518802992                         
1518803002                         
1518803012                         
1518803022                         
1518803032                         
1518803042                         
1518803053                         
1518803063                         
1518803073                         
1518803083                         
1518803093                         
1518803103                         
1518803113                         
1518803124                         
1518803134                         
1518803144                         
1518803154                         
1518803164                         
1518803174                         
1518803185                         
1518803195                         
1518803205                         
1518803215                         
1518803225                         
1518803235                         
1518803246                         
1518803256                         
1518803266                         
1518803276                         
1518803286                         
1518803296                         
1518803306                         
1518803317                         
1518803327                         
1518803337                         
1518803347                         
1518803357                         
1518803367                         
1518803378                         
1518803388                         
1518803398                         
1518803408                         
1518803418                         
1518803428                         
1518803439                         
1518803449                         
1518803459                         
1518803469                         
1518803479                         
1518803489                         
1518803500                         
1518803510                         
1518803520                         
1518803530                         
1518803540                         
1518803550                         
1518803561                         
1518803571                         
1518803581                         
1518803591                         
1518803601                         
1518803611                         
1518803621                         
1518803632                         
1518803642                         
1518803652                         
1518803662                         
1518803672                         
1518803682                         
1518803693                         
1518803703                         
1518803713                         
1518803723                         
1518803733                         
1518803743                         
1518803754                         
1518803764                         
1518803774                         
1518803784                         
1518803794                         
1518803804                         
1518803814                         
1518803825                         
1518803835                         
1518803845                         
1518803855                         
1518803865                         
1518803875                         
1518803886                         
1518803896                         
1518803906                         
1518803916                         
1518803926                         
1518803936                         
1518803947                         
1518803957                         
1518803967                         
1518803977                         
1518803987                         
1518803997                         
1518804008                         
1518804018                         
1518804028                         
1518804038                         
1518804048                         
1518804058                         
1518804068                         
1518804079                         
1518804089                         
1518804099                         
1518804109                         
1518804119                         
1518804129                         
1518804140                         
1518804150                         
1518804160                         
1518804170                         
1518804180                         
1518804190                         
1518804201                         
1518804211                         
1518804221                         
1518804231                         
1518804241                         
1518804251                         
1518804262                         
1518804272                         
1518804282                         
1518804292                         
1518804302                         
1518804312                         
1518804323                         
1518804333                         
1518804343                         
1518804353                         
1518804364                         
1518804374                         
1518804384                         
1518804394                         
1518804404                         
1518804414                         
1518804425                         
1518804435                         
1518804445                         
1518804455                         
1518804465                         
1518804475                         
1518804486                         
1518804496                         
1518804506                         
1518804516                         
1518804526                         
1518804536                         
1518804547                         
1518804557                         
1518804567                         
1518804577                         
1518804587                         
1518804597                         
1518804607                         
1518804618                         
1518804628                         
1518804638                         
1518804648                         
1518804658                         
1518804668                         
1518804679                         
1518804689                         
1518804699                         
1518804709                         
1518804719                         
1518804729                         
1518804739                         
1518804750                         
1518804760                         
1518804770                         
1518804780                         
1518804790                         
1518804800                         
1518804811                         
1518804821                         
1518804831                         
1518804841                         
1518804851                         
1518804861                         
1518804872                         
1518804882                         
1518804892                         
1518804902                         
1518804912                         
1518804922                         
1518804933                         
1518804943                         
1518804953                         
1518804963                         
1518804973                         
1518804983                         
1518804993                         
1518805004                         
1518805014                         
1518805024                         
1518805034                         
1518805044                         
1518805054                         
1518805065                         
1518805075                         
1518805085                         
1518805095                         
1518805106                         
1518805116                         
1518805126                         
1518805136                         
1518805146                         
1518805157                         
1518805167                         
1518805177                         
1518805187                         
1518805197                         
1518805207                         
1518805217                         
1518805228                         
1518805238                         
1518805248                         
1518805258                         
1518805268                         
1518805278                         
1518805289                         
1518805299                         
1518805309                         
1518805319                         
1518805329                         
1518805339                         
1518805349                         
1518805360                         
1518805370                         
1518805380                         
1518805390                         
1518805400                         
1518805410                         
1518805421                         
1518805431                         
1518805441                         
1518805451                         
1518805461                         
1518805471                         
1518805482                         
1518805492                         
1518805502                         
1518805512                         
1518805522                         
1518805532                         
1518805542                         
1518805553                         
1518805563                         
1518805573                         
1518805583                         
1518805593                         
1518805603                         
1518805614                         
1518805624                         
1518805634                         
1518805644                         
1518805654                         
1518805664                         
1518805675                         
1518805685                         
1518805695                         
1518805705                         
1518805715                         
1518805725                         
1518805735                         
1518805746                         
1518805756                         
1518805766                         
1518805776                         
1518805786                         
1518805796                         
1518805807                         
1518805817                         
1518805827                         
1518805837                         
1518805847                         
1518805857                         
1518805867                         
1518805878                         
1518805888                         
1518805898                         
1518805908                         
1518805918                         
1518805928                         
1518805939                         
1518805949                         
1518805959                         
1518805969                         
1518805979                         
1518805989                         
1518806000                         
1518806010                         
1518806020                         
1518806030                         
1518806040                         
1518806051                         
1518806061                         
1518806071                         
1518806081                         
1518806092                         
1518806102                         
1518806112                         
1518806122                         
1518806132                         
1518806142                         
1518806153                         
1518806163                         
1518806173                         
1518806183                         
1518806193                         
1518806203                         
1518806214                         
1518806224                         
1518806234                         
1518806244                         
1518806254                         
1518806264                         
1518806274                         
1518806285                         
1518806295                         
1518806305                         
1518806315                         
1518806325                         
1518806335                         
1518806346                         
1518806356                         
1518806366                         
1518806376                         
1518806386                         
1518806396                         
1518806407                         
1518806417                         
1518806427                         
1518806437                         
1518806447                         
1518806457                         
1518806467                         
1518806478                         
1518806488                         
1518806498                         
1518806537                         
1518806547                         
1518806557                         
1518806567                         
1518806578                         
1518806588                         
1518806598                         
1518806608                         
1518806618                         
1518806628                         
1518806639                         
1518806649                         
1518806659                         
1518806669                         
1518806679                         
1518806689                         
1518806700                         
1518806710                         
1518806720                         
1518806730                         
1518806740                         
1518806750                         
1518806760                         
1518806771                         
1518806781                         
1518806791                         
1518806801                         
1518806811                         
1518806821                         
1518806832                         
1518806842                         
1518806852                         
1518806862                         
1518806872                         
1518806882                         
1518806893                         
1518806903                         
1518806913                         
1518806923                         
1518806934                         
1518806944                         
1518806954                         
1518806964                         
1518806974                         
1518806984                         
1518806994                         
1518807005                         
1518807015                         
1518807025                         
1518807035                         
1518807045                         
1518807055                         
1518807066                         
1518807076                         
1518807086                         
1518807096                         
1518807106                         
1518807116                         
1518807127                         
1518807137                         
1518807147                         
1518807157                         
1518807167                         
1518807177                         
1518807188                         
1518807198                         
1518807208                         
1518807218                         
1518807229                         
1518807239                         
1518807249                         
1518807259                         
1518807269                         
1518807279                         
1518807290                         
1518807300                         
1518807310                         
1518807320                         
1518807330                         
1518807340                         
1518807350                         
1518807361                         
1518807371                         
1518807381                         
1518807391                         
1518807401                         
1518807411                         
1518807422                         
1518807432                         
1518807442                         
1518807452                         
1518807462                         
1518807472                         
1518807483                         
1518807493                         
1518807503                         
1518807513                         
1518807523                         
1518807533                         
1518807544                         
1518807554                         
1518807564                         
1518807574                         
1518807584                         
1518807594                         
1518807604                         
1518807615                         
1518807625                         
1518807635                         
1518807645                         
1518807655                         
1518807665                         
1518807676                         
1518807686                         
1518807696                         
1518807707                         
1518807717                         
1518807727                         
1518807737                         
1518807747                         
1518807757                         
