-2.64205e+28 -2.63865e+28 -3.39721e+25
-8.99191e+29 -8.98035e+29 -1.1562e+27
-5.26596e+27 -5.25919e+27 -6.76575e+24
-3.65756e+27 -3.65286e+27 -4.70298e+24
inf -4.41039e+26 inf
-1.72349e+31 -5.99339e+26 -1.72343e+31
-3.7951e+34 -5.91788e+27 -3.7951e+34
-1.36712e+33 -4.84706e+27 -1.36712e+33
-3.49767e+35 -7.77382e+27 -3.49767e+35
-8.46194e+26 -8.45105e+26 -1.08805e+24
-1.17645e+30 -1.17494e+30 -1.51271e+27
-2.38273e+27 -2.37967e+27 -3.06377e+24
-2.05255e+26 -2.04992e+26 -2.63796e+23
-6.46021e+27 -6.4519e+27 -8.30693e+24
inf -1.54288e+27 inf
-3.02993e+26 -3.02604e+26 -3.89597e+23
-4.62877e+27 -4.62282e+27 -5.95189e+24
-1.03203e+29 -1.0307e+29 -1.32688e+26
-6.0256e+27 -6.01785e+27 -7.74783e+24
-2.24678e+28 -2.24389e+28 -2.88895e+25
-7.03428e+31 -1.73382e+27 -7.0341e+31
-7.13959e+34 -8.23914e+27 -7.13959e+34
-7.92184e+26 -7.91166e+26 -1.01862e+24
-1.38727e+28 -1.38549e+28 -1.78379e+25
-1.45667e+28 -1.4548e+28 -1.8729e+25
-1.05919e+28 -1.05783e+28 -1.36195e+25
-1.40054e+27 -1.39874e+27 -1.79824e+24
-1.04026e+27 -1.03893e+27 -1.33759e+24
-1.56684e+29 -1.56483e+29 -2.01468e+26
-2.84041e+27 -2.83571e+27 -4.69727e+24
-1.13956e+30 -5.9577e+27 -1.1336e+30
-3.35702e+28 -3.3527e+28 -4.31654e+25
-4.64906e+28 -4.64308e+28 -5.97787e+25
-1.27523e+27 -1.27358e+27 -1.64276e+24
-1.05805e+35 -3.97116e+28 -1.05805e+35
-5.93285e+26 -5.92522e+26 -7.62858e+23
-1.054e+28 -1.05264e+28 -1.35525e+25
-2.69381e+27 -2.69034e+27 -3.46375e+24
-6.16809e+28 -6.16016e+28 -7.93106e+25
-4.24076e+26 -4.2353e+26 -5.45286e+23
-3.73795e+26 -3.73314e+26 -4.80634e+23
-1.12913e+27 -1.12768e+27 -1.45185e+24
-3.37612e+27 -3.34058e+27 -3.55374e+25
-9.20657e+26 -9.19473e+26 -1.1838e+24
-4.80511e+26 -4.79894e+26 -6.17852e+23
-4.34261e+27 -4.33702e+27 -5.58381e+24
-5.17917e+26 -5.17251e+26 -6.65948e+23
inf -6.81049e+26 inf
-9.20636e+26 -9.19452e+26 -1.18377e+24
-1.23408e+27 -1.23249e+27 -1.5868e+24
-4.26931e+26 -2.36901e+26 -1.90029e+26
-5.32431e+31 -2.55661e+29 -5.29874e+31
-2.62158e+28 -2.61821e+28 -3.37088e+25
-5.94324e+26 -5.9356e+26 -7.64197e+23
-1.0674e+28 -1.06603e+28 -1.37305e+25
-5.72991e+28 -5.72255e+28 -7.36764e+25
-3.11543e+28 -2.77628e+27 -2.8378e+28
-1.60549e+38 -1.46077e+29 -1.60549e+38
inf -2.26277e+27 inf
-2.32932e+27 -2.32633e+27 -2.99522e+24
-9.02991e+27 -9.0183e+27 -1.16109e+25
-2.98156e+27 -2.97772e+27 -3.83375e+24
-2.48389e+28 -2.4807e+28 -3.19401e+25
-4.26281e+28 -4.25726e+28 -5.55682e+25
-6.50508e+26 -6.40913e+26 -9.59503e+24
-1.01492e+28 -1.01361e+28 -1.30506e+25
inf -1.27327e+27 inf
-1.33586e+27 -1.33414e+27 -1.71767e+24
-1.05583e+27 -1.05446e+27 -1.37093e+24
-1.32113e+33 -7.98985e+28 -1.32105e+33
-8.69108e+28 -8.67991e+28 -1.11752e+26
-3.43309e+28 -3.42867e+28 -4.41433e+25
-1.24382e+28 -1.24222e+28 -1.59933e+25
-2.59733e+26 -2.59399e+26 -3.3397e+23
-2.84091e+28 -1.50987e+27 -2.68992e+28
-1.25165e+31 -1.25004e+31 -1.60939e+28
-9.04103e+27 -9.02941e+27 -1.16252e+25
-7.91771e+28 -7.90753e+28 -1.0181e+26
-2.0791e+30 -3.38137e+29 -1.74096e+30
-4.49855e+29 -2.46292e+27 -4.47392e+29
-2.20812e+27 -2.20528e+27 -2.83926e+24
-1.10336e+28 -1.10194e+28 -1.41872e+25
-3.17297e+27 -3.16889e+27 -4.07876e+24
-4.28382e+28 -4.27831e+28 -5.50814e+25
-6.02164e+26 -6.0139e+26 -7.74274e+23
-4.38358e+28 -4.37794e+28 -5.63646e+25
-1.69606e+27 -1.69388e+27 -2.18083e+24
-8.44827e+26 -7.96656e+26 -4.81707e+25
-1.36918e+28 -1.36742e+28 -1.76052e+25
-2.63598e+38 -8.40703e+29 -2.63598e+38
-1.90351e+27 -1.90106e+27 -2.44757e+24
-3.59503e+27 -3.59041e+27 -4.62254e+24
-9.61035e+26 -9.598e+26 -1.23572e+24
-3.16568e+26 -3.1616e+26 -4.07056e+23
-8.1496e+26 -8.13912e+26 -1.0479e+24
-2.03114e+30 -2.02853e+30 -2.61169e+27
-1.22447e+27 -1.22289e+27 -1.57445e+24
-2.9166e+29 -2.91285e+29 -3.75026e+26
-1.15013e+27 -7.9558e+26 -3.54547e+26
-6.21156e+28 -3.61003e+27 -5.85056e+28
