10614.5 2.10617 29.9952 30.0724 2.83926 0.779262 21.3139 14.2665 30.4034 92.5258 99.5526 99.0059 1028.76 2289.69 11.7769 -10.6358 0.474133 0.443418 6.98325 2.07076 5.20342 -0.402273 355.252 358.8 1.2771 0.535339 13.1935 -12.318
4.51362e+07 29.9978 2.83928 21.3139 30.4035 99.5526 1028.75 11.7769 0.474133 6.98325 5.20342 355.252 1.2771 13.1935
-2.48465e+10 -8.10838 28.5175 28.8237 2.76597 -9.06146 21.3139 28.876 30.4035 74.9652 99.5526 102.746 1028.75 2149.86 11.7769 -52.0491 0.474133 0.631269 6.98325 -2.84668 5.20342 38.0218 355.252 381.289 1.2771 0.463991 13.1935 20.7308
-9.12133e+06 29.9952 2.83928 21.3139 30.4035 99.5526 1028.75 11.7769 0.474133 6.98325 5.20342 355.252 1.2771 13.1935
-2.87841e+10 29.9952 2.83928 21.3139 30.4035 99.5526 1028.75 11.7769 0.474133 6.98325 5.20342 355.252 1.2771 13.1935
-6.81624e+16 29.9873 2.86498 21.3503 30.2296 99.5671 1028 11.7713 0.474131 6.98323 5.20339 355.252 1.2771 13.1935
-3.19859e+18 29.953 2.9863 21.4548 30.2602 99.5249 1029.36 11.7769 0.474133 6.98325 5.20342 355.252 1.2771 13.1935
-6.07086e+17 29.9948 2.83922 21.3139 30.4037 99.5526 1028.75 11.7769 0.474133 6.98325 5.20342 355.252 1.2771 13.1935
9.71039e+18 29.9952 2.83934 21.3139 30.4034 99.5526 1028.76 11.7769 0.474133 6.98325 5.20342 355.252 1.2771 13.1935
21.5982 29.9962 2.8412 21.3156 30.4006 99.5535 1028.7 11.7771 0.474133 6.98325 5.20342 355.252 1.2771 13.1935
-5440.95 29.9952 2.84003 21.3138 30.4036 99.5524 1028.74 11.7769 0.474133 6.98325 5.20342 355.252 1.2771 13.1935
-8.50718e+06 10.6245 28.3704 29.6483 2.83933 -12.0439 21.3141 25.7643 30.4059 48.1524 99.5536 99.1577 1028.85 636.253 11.7748 97.7809 0.474133 0.496691 6.98325 -10.2199 5.20342 -8.27403 355.252 318.119 1.2771 -0.159599 13.1935 8.18041
-5.925e+07 18.6841 2.83937 21.3141 30.4035 99.5526 1028.75 11.7768 0.474133 6.98325 5.20342 355.252 1.2771 13.1935
9.98045e+09 29.9939 2.83566 21.3073 30.4368 99.5509 1028.8 11.7774 0.474133 6.98325 5.20342 355.252 1.2771 13.1935
2.57254e+07 29.9951 2.83931 21.3139 30.4035 99.5526 1028.75 11.7769 0.474133 6.98325 5.20342 355.252 1.2771 13.1935
1.369e+10 29.9952 2.83931 21.314 30.4034 99.5526 1028.75 11.7769 0.474133 6.98325 5.20342 355.252 1.2771 13.1935
5.064 29.995 2.83892 21.3136 30.4039 99.5527 1028.75 11.7769 0.474133 6.98325 5.20342 355.252 1.2771 13.1935
8668.96 30.1636 2.84066 19.8572 31.0805 98.752 1081.42 11.7769 0.474133 6.98325 5.20342 355.252 1.2771 13.1935
-1867.59 29.9935 2.83944 21.3151 30.4242 99.552 1028.69 11.7767 0.474133 6.98325 5.20342 355.252 1.2771 13.1935
-3.55376e+07 29.9951 2.83907 21.3138 30.4031 99.5526 1028.76 11.7769 0.474133 6.98325 5.20342 355.252 1.2771 13.1935
1.37706e+17 29.9951 2.83934 21.314 30.403 99.5525 1028.78 11.7769 0.474133 6.98325 5.20342 355.252 1.2771 13.1935
-4.38716e+18 29.9795 2.83962 21.3141 30.4041 99.5528 1028.75 11.7769 0.474133 6.98325 5.20342 355.252 1.2771 13.1935
4.02798 30.1122 2.80569 21.2909 30.4034 99.5526 1028.76 11.7767 0.474133 6.98325 5.20341 355.252 1.2771 13.1935
8.64539 29.9953 2.83898 21.3134 30.4044 99.5523 1028.76 11.7769 0.474133 6.98325 5.20342 355.252 1.2771 13.1935
389.423 29.3218 2.76974 21.3133 30.3996 99.5525 1028.73 11.7769 0.474133 6.98325 5.20342 355.252 1.2771 13.1935
9.464 29.9951 2.83908 21.3138 30.4034 99.5525 1028.76 11.7769 0.474133 6.98325 5.20342 355.252 1.2771 13.1935
1.71055e+06 28.798 2.79114 21.0125 35.5658 101.189 1003.43 11.9879 0.474372 6.97168 5.20357 355.252 1.2771 13.1935
-4.28637e+07 29.9951 2.83982 21.3144 30.4031 99.5529 1028.73 11.7769 0.474133 6.98325 5.20342 355.252 1.2771 13.1935
3.51166e+06 29.996 2.83928 21.3139 30.4035 99.5526 1028.75 11.7769 0.474133 6.98325 5.20342 355.252 1.2771 13.1935
-1.67952e+13 29.9952 2.83927 21.3139 30.4036 99.5526 1028.75 11.7769 0.474133 6.98325 5.20342 355.252 1.2771 13.1935
1.74814e+16 29.9962 2.84667 21.3142 30.4092 99.5496 1028.73 11.7769 0.474133 6.98325 5.20342 355.252 1.2771 13.1935
-6.88411 29.9952 2.83929 21.3139 30.4035 99.5526 1028.75 11.7769 0.474133 6.98325 5.20342 355.252 1.2771 13.1935
-1.5169e+08 29.9952 2.83927 21.3139 30.4035 99.5526 1028.75 11.7769 0.474133 6.98325 5.20342 355.252 1.2771 13.1935
-9.41816e+11 29.9539 3.20814 21.1091 29.4461 99.5706 1016.49 11.7771 0.474133 6.98325 5.20342 355.252 1.2771 13.1935
-5.34072e+18 29.9953 2.83919 21.3139 30.4036 99.5526 1028.75 11.7769 0.474133 6.98325 5.20342 355.252 1.2771 13.1935
5.52924 29.9948 2.85043 21.315 30.4067 99.5542 1028.79 11.7766 0.474133 6.98324 5.20316 355.253 1.2771 13.1935
8.02906 29.9953 2.83882 21.3134 30.4047 99.5528 1028.74 11.7769 0.474133 6.98325 5.20342 355.252 1.2771 13.1935
-119.951 13.9267 29.9952 25.9443 2.83902 9.44746 21.3132 20.2564 30.4108 -0.278813 99.5545 99.2543 1028.99 686.331 11.7769 50.1098 0.474133 0.25354 6.98325 7.67311 5.20342 -14.1432 355.252 352.041 1.2771 0.324868 13.1935 21.3145
45.8569 29.9952 2.83929 21.3139 30.4035 99.5526 1028.75 11.7769 0.474133 6.98325 5.20342 355.252 1.2771 13.1935
7.80571e+06 29.5341 2.83928 21.3139 30.4035 99.5526 1028.75 11.7769 0.474133 6.98325 5.20342 355.252 1.2771 13.1935
2.48736e+10 30.034 2.84142 21.3152 30.4063 99.5572 1028.78 11.7769 0.474133 6.98325 5.20342 355.252 1.2771 13.1935
-9.22435e+08 29.9954 2.83992 21.3141 30.4036 99.5529 1028.75 11.7769 0.474133 6.98325 5.20342 355.252 1.2771 13.1935
9.17686e+13 105.507 3.70654 21.4672 37.1092 99.9607 1050.26 11.7428 0.474133 6.98324 5.20329 355.252 1.2771 13.1935
6.90348 29.9952 2.83928 21.3139 30.4035 99.5526 1028.75 11.7769 0.474133 6.98325 5.20342 355.252 1.2771 13.1935
2294.18 30.0077 2.83927 21.3139 30.4036 99.5526 1028.75 11.7769 0.474133 6.98325 5.20342 355.252 1.2771 13.1935
-140.225 29.9952 2.83928 21.3139 30.4035 99.5526 1028.75 11.7769 0.474133 6.98325 5.20342 355.252 1.2771 13.1935
53760.6 29.9857 2.81913 21.3139 30.4035 99.5526 1028.75 11.7769 0.474133 6.98325 5.20342 355.252 1.2771 13.1935
-1.30598e+06 30.0077 2.83955 21.3143 30.4015 99.5523 1028.77 11.7769 0.474133 6.98325 5.20342 355.252 1.2771 13.1935
-2.15874e+08 29.9722 2.8538 21.3249 30.4179 99.5964 1028.69 11.7763 0.474133 6.98324 5.20341 355.252 1.2771 13.1935
-6.11938e+09 29.9537 2.75145 21.2865 30.408 99.4621 1029.28 11.7764 0.474133 6.98325 5.20342 355.252 1.2771 13.1935
2.26156e+14 29.9952 2.83929 21.3139 30.4035 99.5526 1028.75 11.7769 0.474133 6.98325 5.20342 355.252 1.2771 13.1935
1.19518e+17 27.8582 30.002 41.7163 2.84407 2.29607 21.3139 18.1636 30.4035 -22.7158 99.5526 100.34 1028.75 -32.0476 11.7769 -15.8268 0.474133 1.06159 6.98325 12.1921 5.20342 41.2116 355.252 375.836 1.2771 0.0805476 13.1935 15.5057
15.5931 29.9952 2.83927 21.3139 30.4041 99.5524 1028.73 11.7769 0.474133 6.98325 5.20342 355.252 1.2771 13.1935
-1.70951 29.9952 2.83929 21.3139 30.4035 99.5526 1028.75 11.7769 0.474133 6.98325 5.20342 355.252 1.2771 13.1935
-1.59774e+12 47.4829 76.7701 16.5025 31.2831 99.5568 1028.29 11.7769 0.474133 6.98325 5.20342 355.252 1.2771 13.1935
-1.97453e+09 30.0023 2.84116 21.3139 30.4035 99.5526 1028.76 11.7769 0.474133 6.98325 5.20342 355.252 1.2771 13.1935
2.76574e+15 29.9952 2.83928 21.3139 30.4035 99.5526 1028.75 11.7769 0.474133 6.98325 5.20342 355.252 1.2771 13.1935
2.08042e+20 29.9952 2.83973 21.3141 30.4035 99.5527 1028.75 11.7769 0.474133 6.98325 5.20342 355.252 1.2771 13.1935
3.79831 30.055 2.81668 21.3139 30.4035 99.5526 1028.75 11.7769 0.474133 6.98325 5.20342 355.252 1.2771 13.1935
8.901 -4.73569 9.01912 -4.35873 29.9952 9.77329 17.0519 17.5853 2.83932 6.06733 -9.62077 -16.323 21.314 20.8779 7.30503 17.0393 30.4035 131.196 108.304 84.1823 99.5526 101.996 100.795 98.4478 1028.75 1193.58 598.775 -1612.66 11.7769 78.1911 40.3172 11.1255 0.474133 1.22426 -0.698868 1.02776 6.98325 11.2381 9.83091 -1.33345 5.20342 20.1579 11.0674 -27.6365 355.252 360.28 342.512 324.852 1.2771 -0.25934 3.95412 1.69201 13.1935 12.5034 26.1736 18.1351
850.228 15.8002 5.94808 39.2429 26.356 29.9933 -3.53664 21.5915 31.5287 30.4804 2.83983 16.5227 32.1613 8.21778 1.37035 21.3139 20.8595 21.4233 10.6833 18.924 30.3998 12.5868 132.235 -65.5944 56.402 99.5508 97.7902 99.602 101.666 96.9646 1028.92 1112.22 -420.892 797.08 852.791 11.7769 -84.9802 -44.3345 -15.5274 -27.297 0.474133 1.34742 1.03906 0.383146 0.330347 6.98325 -6.43173 6.30742 2.39481 9.78236 5.20342 5.54197 -35.4976 26.8397 25.0455 355.252 384.131 367.893 405.344 294.56 1.2771 2.94337 -0.707042 1.86039 0.499206 13.1935 15.7503 -0.798301 23.0451 22.3683
7384.4 29.9952 2.8393 21.314 30.4035 99.5526 1028.75 11.7769 0.474133 6.98325 5.20342 355.252 1.2771 13.1935
-6.72642e+11 29.989 2.8319 21.3134 30.4069 99.5499 1028.75 11.7769 0.474133 6.98325 5.20342 355.252 1.2771 13.1935
-1.42848e+13 29.9951 2.83936 21.314 30.4029 99.5523 1028.79 11.7769 0.474133 6.98325 5.20342 355.252 1.2771 13.1935
4.86232e+13 29.9952 2.83915 21.3138 30.4032 99.5527 1028.75 11.7769 0.474133 6.98325 5.20342 355.252 1.2771 13.1935
22.9005 29.9952 2.83929 21.3139 30.4035 99.5526 1028.75 11.7769 0.474133 6.98325 5.20342 355.252 1.2771 13.1935
13649.6 29.9952 2.83928 21.3139 30.4035 99.5526 1028.75 11.7769 0.474133 6.98325 5.20342 355.252 1.2771 13.1935
1.1913e+08 29.9943 2.83928 21.3139 30.4035 99.5526 1028.75 11.7769 0.474133 6.98325 5.20342 355.252 1.2771 13.1935
-1.91183e+12 44.4268 2.84103 21.3139 30.4219 99.5527 1028.77 11.7769 0.474133 6.98325 5.20342 355.252 1.2771 13.1935
5.96771e+17 29.9953 2.83684 21.3109 30.4102 99.5516 1028.82 11.7766 0.474133 6.98325 5.20342 355.252 1.2771 13.1935
-0.200816 30.0101 2.84475 21.3145 30.3728 99.5664 1029.44 11.7778 0.474133 6.98325 5.20342 355.252 1.2771 13.1935
3.31828 29.9952 2.83928 21.3139 30.4035 99.5528 1028.76 11.7769 0.474133 6.98325 5.20342 355.252 1.2771 13.1935
77446.6 29.9964 2.83989 21.3141 30.4045 99.5547 1028.75 11.7766 0.474133 6.98325 5.20342 355.252 1.2771 13.1935
-43082.2 29.9952 2.83928 21.3139 30.4035 99.5526 1028.75 11.7769 0.474133 6.98325 5.20342 355.252 1.2771 13.1935
-2.69278e+15 21.3325 29.9956 52.5318 2.83868 -6.44328 21.3135 20.487 30.4056 84.8618 99.5524 98.2918 1028.76 -390.752 11.7769 70.5852 0.474133 0.715117 6.98325 -2.01447 5.20342 -32.4388 355.252 347.538 1.2771 -0.844502 13.1935 7.77362
11.5622 29.9951 2.83932 21.314 30.4037 99.5526 1028.75 11.7769 0.474133 6.98325 5.20342 355.252 1.2771 13.1935
-109643 29.9952 2.83929 21.3139 30.4031 99.5525 1028.76 11.7769 0.474133 6.98325 5.20342 355.252 1.2771 13.1935
6.72761e+11 29.9952 2.83928 21.3139 30.4035 99.5526 1028.75 11.7769 0.474133 6.98325 5.20342 355.252 1.2771 13.1935
2.16614e+16 29.9862 2.83943 21.3137 30.4037 99.5525 1028.76 11.7769 0.474133 6.98325 5.20342 355.252 1.2771 13.1935
-1.09822e+16 29.9952 2.83929 21.3139 30.4034 99.5526 1028.75 11.7769 0.474133 6.98325 5.20342 355.252 1.2771 13.1935
-6.36923 29.9765 2.81561 21.2993 30.3855 99.5509 1028.84 11.7765 0.474133 6.98325 5.20342 355.252 1.2771 13.1935
-24448 11.2347 2.85171 21.3374 30.4295 99.5378 1028.49 11.7772 0.474133 6.98324 5.20343 355.252 1.2771 13.1935
1.9393e+07 14894.6 15.7902 21.3454 27.5806 100.469 1068.8 10.2764 0.474132 6.9833 5.20381 355.252 1.2771 13.1935
-7425.27 40.5121 2.83929 21.314 30.4035 99.5526 1028.75 11.7769 0.474133 6.98325 5.20342 355.252 1.2771 13.1935
-838.837 29.9977 2.83983 21.3138 30.4025 99.5519 1028.73 11.7936 0.474133 6.98325 5.20342 355.252 1.2771 13.1935
-9.1133e+06 30.0143 2.66844 21.1314 30.3041 99.5203 1029.48 11.7764 0.474133 6.98325 5.20342 355.252 1.2771 13.1935
-2.85322e+10 29.9947 2.83953 21.3136 30.4131 99.5514 1028.64 11.7769 0.474133 6.98325 5.20342 355.252 1.2771 13.1935
-1.12797e+14 45.8789 9.58906 24.9724 29.8444 99.5516 1028.77 11.7769 0.474133 6.98325 5.20342 355.252 1.2771 13.1935
-5.05224e+09 29.9955 2.83928 21.3139 30.4035 99.5526 1028.75 11.7768 0.474133 6.98325 5.20342 355.252 1.2771 13.1935
-2.66574e+20 29.9951 2.8393 21.314 30.4035 99.5526 1028.75 11.7769 0.474133 6.98325 5.20342 355.252 1.2771 13.1935
8.09464 30.0549 2.83929 21.3139 30.4035 99.5525 1028.76 11.7769 0.474133 6.98325 5.20342 355.252 1.2771 13.1935
8.87716 29.9884 3.13333 21.1429 31.302 99.0864 1038.77 11.7771 0.474133 6.98325 5.20342 355.252 1.2771 13.1935
9.48597 29.8922 2.83921 21.3139 30.4037 99.5526 1028.75 11.7769 0.474133 6.98325 5.20342 355.252 1.2771 13.1935
9.69432 14.5321 29.9963 28.7887 2.83741 -3.95825 21.3128 25.7592 30.3996 -83.3698 99.5506 101.779 1028.83 -45.018 11.7768 49.6891 0.474133 0.696993 6.98325 6.76083 5.20342 23.1202 355.252 399.085 1.2771 3.04337 13.1935 -1.86333
8.73763 29.9952 2.83929 21.3139 30.4035 99.5526 1028.75 11.7769 0.474133 6.98325 5.20342 355.252 1.2771 13.1935
2866.15 29.9952 2.83928 21.3139 30.4035 99.5526 1028.75 11.7769 0.474133 6.98325 5.20342 355.252 1.2771 13.1935
4.4213e+07 29.9803 2.7114 21.3139 30.4034 99.5526 1028.74 11.7769 0.474133 6.98325 5.20342 355.252 1.2771 13.1935
3.44567e+06 29.9951 2.83933 21.3141 30.4027 99.5524 1028.76 11.7769 0.474133 6.98325 5.20342 355.252 1.2771 13.1935
3.08714e+14 29.9952 2.8393 21.314 30.4035 99.5527 1028.75 11.777 0.474133 6.98325 5.20342 355.252 1.2771 13.1935
-3.97126e+15 12.3261 29.9952 43.6037 2.83926 -21.877 21.3139 23.4582 30.4034 -3.76632 99.5526 101.012 1028.75 2214.28 11.7769 55.7833 0.474133 1.29796 6.98325 4.02229 5.20342 13.7124 355.252 348.221 1.2771 1.49299 13.1935 3.44685
