2117.76
2129.88
2192.47
2115.99
2150.5
2159
2200.93
2085.37
2180.63
2098.49
2227.76
2238.44
2125.86
2183.83
2205.45
2174.85
2152.48
2134.79
2192.8
2149.32
2169.53
2208.69
2197.81
2117.21
2134.37
2191.24
2227.62
2236.21
2247.22
2161.99
2141.4
2179.97
2128.48
2143.08
2188
2154.23
2140.21
2135.03
2198.61
2186.51
2108.65
2198.74
2111.55
2214.69
2164.42
2201.9
2173.38
2232.81
2151.57
2154.79
2127.01
2236.8
2156.71
2154.65
2217.66
2222.72
2142.65
2234.84
2140.79
2274.26
2229.47
2192.08
2143.24
2109.77
2162.5
2186.78
2111.81
2229.54
2139.05
2157.96
2157.39
2153.21
2177.62
2188.86
2186.5
2169.77
2142.96
2149.04
2176.36
2253.59
2148.4
2230.76
2205.61
2135.61
2093.59
2116.26
2187.44
2169.62
2146.75
2106.46
2183.46
2202.09
2162.71
2112.8
2177.18
2167.37
2227.89
2216.69
2207.04
2184.28
