0.119064
0.119064
0.119064
0.119064
0.119064
0.119064
0.119064
0.119064
0.119064
0.304577
0.0923346
0.0923346
0.0923346
0.0923346
0.0923346
0.115621
0.115621
0.115621
0.115621
0.115621
0.115621
0.194035
0.194035
0.194035
0.194035
0.194035
0.194035
0.194035
0.205082
0.205082
0.172275
0.196277
0.250624
0.250624
0.250624
0.250624
0.120493
0.120493
0.200872
0.200872
0.200872
0.178191
0.15777
0.15777
0.15777
0.280639
0.0577895
0.0577895
0.0353666
0.0960481
0.0960481
0.0960481
0.102728
0.102728
0.102728
0.102728
0.102728
0.102728
0.102728
0.345078
0.345078
0.266998
0.0604595
0.0604595
0.0604595
0.0604595
0.0604595
0.0604595
0.47793
0.47793
0.731464
0.419215
0.419215
0.413263
0.413263
0.0585387
0.207138
0.202147
0.202147
0.214117
0.214117
0.214117
0.214117
0.235186
0.235186
0.109936
0.216459
0.256934
0.130486
0.227176
0.227176
0.189878
0.331004
0.434172
0.219737
0.219737
0.219737
0.219737
0.219737
0.438764
