134.805 0.555786
135.036
135.036 0.170019
135.036
135.036
135.036
135.036
135.403
135.403
135.403
135.403
135.403 -2.33818
135.403
135.403
135.329
135.329
135.329
135.329
135.329
135.329
135.329
135.329
135.942
135.942
135.942
135.942
134.207
134.207
134.207
134.918
134.918
134.918
134.918
135.928
135.928
135.928
135.928
135.963 -0.688979
135.963
135.963
135.963
135.963
135.963
135.963
135.963
135.963
135.963
135.963
135.963
135.963
135.224
135.224 4.21669
135.224
135.224
135.224
135.224
135.224
135.224
135.224
135.224 -3.77563 -2.60935 -2.56279
135.224 4.05644 3.61088 -0.606122 1.60436
135.224
135.224
135.224
135.224
135.224
135.224
135.224
135.224
135.224
135.498
135.498
135.498
135.171
135.171 -2.73323
135.171
135.171
135.171
135.171
135.171
135.171
135.018
135.018
135.018
135.018
135.018
135.018
135.018
135.018
135.018
135.018
135.018
135.018
135.018 1.45121
135.255
135.255
135.255
135.824
135.623
135.623 -0.272609
