0.999805 0.000194111
1
0.999703 0.000297
0.999989
1
1
1
1
0.999991
1
0.999999
0.99993 7.02987e-05
1
1
1
1
1
1
1
0.999993
1
0.999999
0.99999
0.999955
1
1
0.999999
0.999992
0.999992
0.999965
1
0.999999
0.999989
0.999938
0.999985
0.999999
0.999999
0.999842 0.000158168
0.999997
1
0.999997
0.999844
1
1
0.999997
0.999954
0.999999
1
1
1
1
0.999915 8.46346e-05
1
1
1
0.999997
1
0.999752
1
0.999832 3.68894e-05 6.2208e-05 6.92461e-05
0.999607 0.000123246 5.3412e-05 8.75433e-05 0.000100098
0.999929
0.999973
1
0.99998
1
1
1
0.999997
0.999998
0.999913
0.999855
0.999888
0.999872
0.999791 0.000206886
0.999935
0.999992
0.999999
0.99999
0.999982
0.999978
1
0.999999
0.999964
1
0.999928
0.999988
1
1
0.999997
0.999989
1
0.999999
0.999161 0.000809218
0.999994
1
1
1
1
0.999872 0.000127021
