5437 0 5437
5437 5437
5437 0 5437
5437 5437
5437 5437
5437 5437
5437 5437
5437 5437
5437 5437
5437 5437
5437 5437
5437 0 5437
5437 5437
5437 5437
5437 5437
5437 5437
5437 5437
5437 5437
5437 5437
5437 5437
5437 5437
5437 5437
5437 5437
5437 5437
5437 5437
5437 5437
5437 5437
5437 5437
5437 5437
5437 5437
5437 5437
5437 5437
5437 5437
5437 5437
5437 5437
5437 5437
5437 5437
5437 0 5437
5437 5437
5437 5437
5437 5437
5437 5437
5437 5437
5437 5437
5437 5437
5437 5437
5437 5437
5437 5437
5437 5437
5437 5437
5437 5437
5437 0 5437
5437 5437
5437 5437
5437 5437
5437 5437
5437 5437
5437 5437
5437 5437
5437 0 0 0 5437
5437 0 0 0 0 5437
5437 5437
5437 5437
5437 5437
5437 5437
5437 5437
5437 5437
5437 5437
5437 5437
5437 5437
5437 5437
5437 5437
5437 5437
5437 5437
5437 0 5437
5437 5437
5437 5437
5437 5437
5437 5437
5437 5437
5437 5437
5437 5437
5437 5437
5437 5437
5437 5437
5437 5437
5437 5437
5437 5437
5437 5437
5437 5437
5437 5437
5437 5437
5437 5437
5437 0 5437
5437 5437
5437 5437
5437 5437
5437 5437
5437 5437
5437 0 5437
