160.533
158.775
158.775
158.775
158.775
160.137
159.373
160.512 0.813541
159.18
159.18
159.18
159.18
159.38
159.152
159.152 1.61702
160.855 -2.54853 -0.455454
159.281
159.639
158.023
158.023
158.023
158.076
158.826
158.826 1.42226
158.068 -2.52735
159.209
159.209
159.209
157.92
157.92
159
159.552
159.552
160.105
159.496
159.496
159.496
159.092
159.092
159.092
159.092
159.092
159.092
159.287
160.181
159.661
158.424
158.424
158.424
159.386
159.761
159.761 -0.582035
159.761
159.761 -3.15186
159.761
159.761
159.761
158.659
158.659
161.269
161.269
161.269 -2.14479 0.693967 -0.533052 -3.19099
161.269
158.486
158.486
158.486
158.486 0.518667 0.206786
158.589
158.589
158.589 1.04741 2.48817 -3.02599 -3.27982
158.589
158.589
160.126 -0.651145 0.915547
159.127
160.184
160.184
159.365
159.997
159.997
159.472
159.472
159.472
159.472
159.472
161.29 0.471902
161.29 4.21648 -2.1034 0.202765
161.29 0.524853
161.29
161.29
161.29
157.564
159.368
159.866
159.866
160.587
160.587 -1.96058
160.587
158.89 3.84343
158.89
159.704
159.704
159.704
159.704
159.704
159.704 2.72696
158.684
160.567
160.567
160.567
158.538
158.538
158.538 1.63959
158.538 0.523037 -0.993162 -2.3216
159.074
159.074
159.074
159.074 3.86964 -1.66115
159.074
159.074
159.074
159.074
159.074
159.074
160.429
160.569 -9.91902 -0.507954
159.569
158.757
158.757
159.942
159.942
159.815 -0.318247
159.815
159.815
159.815
159.815
159.815
159.815
159.815
159.815
159.815
159.815
159.815
159.815 1.93201
159.815
159.368
159.368
160.156 1.97716
160.512
160.512
160.512 -5.58971
160.512
158.042
158.042
158.042
158.933
158.933
159.466
159.466
160.566
160.566
160.566
160.566
159.709
159.709
159.709
159.709
159.565
159.805
159.019
159.019 -8.90002
159.019
159.019
160.554
160.106
160.106
160.106
160.523
160.523 0.43379
160.523 -5.33546
160.523
160.523
159.249
160.664
159.54
159.54
160.175
160.175
160.175
159.771
159.771
159.399 -0.309966
159.101
159.578
159.578
159.578 2.14815
159.578
159.578
159.578
159.578 5.95037 1.59812
159.773
159.773 6.83691 -0.381764
159.378
161.866
160.43 -0.915981 -1.53665
160.43 -2.12355
160.43
160.43
159.757
159.757
159.757
159.757
159.233
159.233
158.402
158.402
158.402
158.402
158.402
159.944
159.944
159.772 -0.716898
159.772
159.772
159.772
159.091
159.091
159.091
158.874
159.402 -2.76008
160.554
160.554
159.1 1.6505
159.1
159.738
159.738
159.921
158.738
160.332
159.873 4.33041
159.873
159.873 -8.1164
159.873
159.873
159.873
159.873 3.59872 -6.7305
159.364
159.364 -1.76426
159.364 0.570649
159.791
159.791 -4.92611
159.186
159.186
159.742
159.552
159.552
159.552
159.552
159.416 1.47302 -1.38183
159.416
159.416
159.416
159.416
159.53
159.53 3.50953
159.53
159.53
159.467
159.883
159.998
159.998
159.021
159.021
159.021
159.021
159.021
160.1
160.1
160.1 0.489727
160.1
160.1
160.285
160.285
159.43
159.636
159.843
158.669
159.561
159.561
159.234
159.031
159.525
159.525
159.525
159.525
159.525
159.525
159.525
159.525
159.506
159.506 -0.130542
159.506
159.506
159.506
159.506
159.506
159.506
158.482
158.482 -0.923973 -3.9392
158.468
158.468
159.423
158.518
160.452
159.706
160.039
160.039
159.959
159.959
159.959 -1.67613 0.744539 0.181021
159.451
159.451
159.451
159.451
159.451
159.451
158.335
158.335 -2.83999
158.639 1.78777
158.855
158.855
158.855 1.39307
160.305
160.305
159.178 -0.497396
157.616
158.094
158.094
160.757
161.305
161.305
161.305
160.306
160.306
157.958
158.025
160.478
160.824
160.824 0.605391 -4.04961
159.958
160.317
160.159
160.159
158.9 2.50859 -2.03067
161.017 -0.847789
160.526
160.654
160.654
159.999
160.465
160.162
160.162 3.01677
160.162
160.162
158.797
158.797
158.797 -3.99435
158.797
158.797
159.335
159.335
159.697 -1.26872 1.60879
159.697
160.217
160.217
159.515
159.515
159.515
159.515
159.515
159.515 -2.03597
159.515
159.515
159.515
159.146
159.146
159.146
159.146
160.898
160.898
160.898 3.25385
161.423
160.028 -1.87356
160.028
160.028
160.028
160.016
160.016
158.658
158.991
158.991
158.991
159.242
160.489
160.489
159.603
159.603 3.51586 1.18028
159.603
158.842
158.842
158.842
158.842
158.891
158.891
158.532
158.532
158.45
158.45
158.831
159.608
159.608
159.608
158.788
158.561 0.684392 1.48879 -3.56378 1.89721 0.5877
158.561
158.561
158.561 1.36963
158.561
158.561
158.561
158.561
158.561
159.476
159.476
159.476 -2.55597
159.476
159.476
159.483
160.452
160.452
158.6
158.856 -0.858832
158.856
158.856 -0.713067
159.095
159.095
159.825 -1.38943
160.656
158.873
158.873
158.873
158.873
158.873
159.684
158.58
158.58
160.355 7.96985
160.355
159.14
159.14
158.766 1.40633 0.234658
158.781 -2.99667
159.521
157.718
157.718
158.053
159.133 3.2255
159.453
159.453
159.73
159.73
159.73
159.73
158.541
159.57
159.206
159.604
160.597
159.669
159.588
159.588
160.229
159.546
159.546
159.546
159.546
159.225
159.225
159.225
159.225
159.225
161.366
161.366
158.832
158.832
159.338
158.852 -3.55895
158.852
158.852
158.89
158.89
158.89
158.89
158.89
158.89
158.911
158.911
158.911
158.468
160.186 1.21146
160.635
160.635
160.089
158.1
158.137
158.137
158.741
157.554
158.13
158.13
158.13
159.41
159.41
158.825
158.825
158.825
158.825
160.671
160.671
160.466 -1.19681
160.466
160.466 -3.76653
160.466
160.466
160.41
160.128
160.128
160.128 1.28312
160.128
160.128 -4.8562 -0.357038 5.66421
160.128
160.128
159.103
159.103 -1.605
159.103
159.103
159.234
159.234
159.226
158.599
158.599
159.53
159.53
159.53
159.53
159.53
159.53
160.037
160.037
160.037
160.037
160.584
160.584
160.584
158.564
158.564 -0.859785 -4.78988
158.911 0.800035
158.911 -4.3113 0.426423
158.911 -1.23421 -2.45648
157.928 -1.16203
157.928
159.391 -5.04758 3.27249
159.391
159.391
159.391
159.391
159.391
159.391
159.391
159.391
159.391
159.391
159.391
159.391
159.391
158.988 -1.52297
158.988
158.988
158.988
158.988
158.988
159.265
159.423
159.423
159.423 7.89787
159.423 2.53113
159.423
159.423
159.423
159.423 -1.91216 -6.88533 -0.39223
158.468
159.496 1.98128 2.22513 -1.87449 -0.932267
159.496
159.615
159.615
159.615
159.615
159.615 -0.748249
160.136
160.136
160.136
160.187
160.187
160.187
160.187
159.559
159.002
159.002 4.04009
159.3
158.429 0.132146
159.998
159.998 -2.0331
159.998
159.998
159.99
159.643 9.32146
158.898
158.898
158.898
158.898
158.898
159.754
159.754
159.309
159.786
159.666
159.666
159.666
159.666
161.019
159.366
159.366
159.366
159.366
159.366
159.366
159.366
159.366
159.366
159.366
159.366
159.366
159.366
158.473
158.269
158.269
158.269
158.269
158.269
157.805 0.779279 1.11011 -0.215691
157.805
157.805
161.073
161.073
161.073
161.073
159.124
159.124
158.388
158.388
158.388
160.483
160.483
160.483 -2.77235
160.483
160.281
160.065
160.065
160.065 3.62185
160.065
159.066
159.066
159.839
160.857
160.857
160.857
160.857
161.127
161.827
160.704
160.486
160.486
159.181
160.628
159.306
159.306
159.306
159.306
159.9
157.864
157.864
159.567
159.62
159.62
159.62
159.62
159.62
159.62
159.62 2.70718
159.697
159.697
159.697
159.697
160.314 2.95118
160.314
158.368
160.814
159.012
159.012
159.359
159.022
159.022
159.329
159.329
160.456
160.456
160.33 -6.04499
160.33 0.828397
159.742
159.742
160.432
161.519
161.519 -2.87114
161.519
161.519
161.519
161.519
158.056
158.516
158.229
160.489
158.792
160.193
160.193
162.374
162.374
162.374
162.294
162.294
162.294
160.072
159.179
159.072 -6.72293
159.072
159.072
159.072
159.072
159.072
159.072
160.081
160.081
159.386
159.386
159.565
159.565
160.226
158.948
158.948
160.042
160.042
159.427
159.189 -1.92608 -1.03983 -3.84175
159.189 1.13143
158.618 1.13143
159.9 2.9502
159.9 4.16865 7.27521
159.9 4.57628
159.9 4.57628
158.711 4.57628
161.054 0.818359
158.847 2.63547
161.122 2.63547
161.122 1.97421
160.309 5.20769
160.484 5.4333 -0.472191
160.163 5.48212
160.163 5.48212 1.86109
159.719 6.49958 0.462753
158.849 6.49958
158.849 7.43204 -2.13346
158.849 7.43204 4.51677 1.90712
160.928 7.43204 -0.219283
160.265 7.55441 3.11747
160.265 7.26271 2.08871
160.151 9.2707
162.07 9.2707
160.472 12.4541 -3.71304
160.472 13.0751
160.472 13.6279
160.472 15.1177
160.472 15.1177 -0.12408
160.472 15.1177 2.16094 -2.77511
161.389 16.3716
161.389 16.3716 -0.89655
163.31 16.3716
163.31 19.5192 -4.66323 1.11053
164.949 19.5192 -1.22842
164.949 19.5192
164.248 21.9654 1.54567 2.37203
164.844 21.9577
167.862 22.8781
167.862 22.8781 -0.935757
167.862
167.862
166.161 -1.30769 0.141291
163.681
161.337
158.952
158.952
161.425
161.425
161.365
160.395
160.593
158.577
159.165
159.165
159.165
159.165
159.165
159.165
159.165
159.165 -1.08165
160.354
160.354
160.774
158.56
158.56
159.64
159.64
159.64
159.18
159.18
158.294
159.124
159.436
158.404
158.404 8.37152
159.067
158.457
158.562
158.562
158.562
158.562 0.697236 2.72633
158.562
158.562
158.562
160.649
159.983
159.983
159.983
159.983
160.89
160.89
161.068
161.068
161.068
161.068
159.543
159.543 12.1258 5.17728
159.543 -1.63674
159.543
159.543 -1.19039
159.543
158.925
160.238
161.368
159.484
157.9 1.56593
157.9
157.9 -2.00299
157.9
157.9
159.771
159.771 -5.69397
159.771
159.771
158.935
160.957 -2.04929 -1.29952
160.633
160.633
160.633
160.633
160.633
160.633
160.633
159.57
159.968
159.968
158.949
158.942
158.942
158.923
160.548 -2.32594
160.548
160.548
160.548
160.548
160.548
159.526
159.526
159.526 -2.18073
159.526
160.076
160.076
160.076
160.076
159.614
159.264
159.264
159.264 0.229621 -2.95572
159.516
159.516
159.778
159.028
159.591
159.591
159.591
159.591
160.872
160.246
160.246 2.30477
160.656
160.656
160.656
160.656
160.376
160.376 -2.71353
160.376
158.373
156.597
157.974
159.864
160.206
160.374
158.628
158.628 -3.7414
158.628
158.628 -0.203501
157.54
158.417
157.641
157.641
157.641
157.641 0.118572 2.34187
158.301
158.301
158.301
160.793
158.554
158.554
158.554 -2.04185
159.857
159.972
159.972
159.972 -1.46958
159.19
159.19
159.682
160.162
160.76
157.976
157.976
157.976
157.976
157.976 1.10314
157.976
157.976
157.976
157.976
157.976
159.151
159.151 -1.8918
159.151 3.23533
159.151 -2.03929
159.151
159.151
159.151
159.151
160.915
160.915
160.915
160.915
160.915 5.61346
159.967
158.206 0.856069
159.473
159.939 1.20715
159.939 3.72517 -3.46017 4.36504
159.939 1.01919 1.04627
159.939
