0.443059 2.46742
0.445714 2.50934
0.4464 2.52999
0.443137 2.44854
0.443077 2.44854
0.438491 2.32971
0.437037 2.29063
0.435636 2.25206
0.435 2.23303
0.433684 2.19545
0.433793 2.19545
0.43322 2.17712
0.432667 2.15902
0.432131 2.14113
0.434194 2.19417
0.43619 2.24659
0.43375 2.17749
0.434462 2.19457
0.433333 2.16079
0.434627 2.1942
0.435882 2.22726
0.437101 2.25997
0.434857 2.19523
0.433239 2.14718
0.428889 2.02035
0.428493 2.00466
0.427568 1.97358
0.4256 1.91202
0.426842 1.9425
0.427013 1.9425
0.428205 1.97241
0.428861 1.98723
0.432284 2.0753
0.434074 2.13349
0.43491 2.1479
0.435181 2.16219
0.43619 2.19052
0.435294 2.16244
0.434419 2.13459
0.434483 2.13459
0.435455 2.16197
0.434607 2.13482
