0.422577 0.373862
0.420488 0.302399
0.422857 0.349226
0.423256 0.349226
0.425455 0.394518
0.426667 0.416802
0.429565 0.482606
0.428085 0.43941
0.4275 0.418137
0.430204 0.481015
0.4312 0.501672
0.432941 0.542399
0.429231 0.441999
0.42566 0.342971
0.431111 0.479749
0.429818 0.441185
0.435 0.57441
0.433684 0.536831
0.432414 0.499722
0.429831 0.426419
0.428667 0.390212
0.424262 0.264998
0.427742 0.353386
0.429841 0.405806
0.42875 0.371257
0.427692 0.337096
0.427273 0.320204
0.429851 0.387036
0.427059 0.304393
0.426667 0.288039
0.424 0.207124
0.427606 0.303223
0.43 0.366638
0.430137 0.366638
0.427568 0.288939
0.4288 0.319715
0.432105 0.411156
0.432727 0.426251
0.430769 0.366437
0.432405 0.410882
0.433 0.425561
