0.0676538
0.0676538
0.0676538
0.21051
0.21051
0.21051
0.277767
0.277767
0.277767
0.277767
0.277767
0.277767
0.277767
0.488097
0.366087
0.38003
0.38003
0.38003
0.147853
0.157977
0.157977
0.157977
0.157977
0.234262
0.234262
0.092937
0.092937
0.092937
0.092937
0.092937
0.092937
0.12172
0.12172
0.12912
0.301901
0.301901
0.301901
0.301901
0.269989
0.253369
0.0346744
0.0346744
0.0563292
0.0563292
0.0787169
0.0721662
0.0443413
0.0998654
0.099167
0.099167
0.099167
0.055075
0.0770335
0.0770335
0.0770335
0.0770335
0.0770335
0.0770335
0.0770335
0.262105
0.638321
0.890615
0.322624
0.322542
0.322542
0.322542
0.322542
0.322542
0.354739
0.354739
0.354739
0.434026
0.434026
0.257974
0.115895
0.115895
0.171915
0.171915
0.171915
0.0719096
0.0719096
0.157801
0.197907
0.204076
0.289937
0.361031
0.361031
0.361031
0.361031
0.361031
0.361031
0.277592
0.29835
0.155535
0.155535
0.240521
0.240521
0.0904173
0.369002
0.369002
0.358083
0.17034
0.17034
0.17034
0.085307
0.459413
0.459413
0.074681
0.074681
0.323834
0.323834
0.320945
0.320945
0.320945
0.282375
0.285682
0.27046
0.145049
0.273584
0.273584
0.273584
0.273584
0.273584
0.273584
0.273584
0.273584
0.167527
0.167527
0.167527
0.167527
0.125101
0.114952
0.114952
0.114952
0.114952
0.114952
0.0502371
0.0502371
0.115218
0.182509
0.0581908
0.787989
0.453147
0.453147
0.417689
0.401361
0.217181
0.217181
0.14601
0.340067
0.340067
0.501064
0.716131
0.128208
0.128208
0.0651021
0.0651021
0.0651021
0.0651021
0.0651021
0.14485
0.14485
0.14485
0.14485
0.14485
0.294603
0.258783
0.258783
0.258783
0.258783
0.258783
0.258783
0.258783
0.201269
0.147381
0.147381
0.147381
0.450067
0.450067
0.462858
0.0280693
0.0280693
0.0280693
0.0280693
0.0280693
0.0644451
0.0644451
0.137513
0.137513
0.137513
0.388747
0.209132
0.209132
0.133158
0.133158
0.133158
0.133158
0.0929843
0.184275
0.184275
0.343384
0.105272
0.105272
0.105272
0.105272
0.23813
0.281037
0.137693
0.137693
0.190187
0.190187
0.190187
0.190187
0.172078
0.172078
0.172078
0.393245
0.0723732
0.17859
0.17859
0.184035
0.312228
0.199756
0.199756
0.295929
0.295929
0.295929
0.363656
0.531817
0.177771
0.326578
0.280944
0.280944
0.280944
0.121181
0.121181
0.121181
0.121181
0.358118
0.0897751
0.0897751
0.0897751
0.0897751
0.0897751
0.41137
0.41137
0.29029
0.0492253
0.287076
0.287076
0.353377
0.353377
0.316329
0.202593
0.24486
0.332631
0.332631
0.224662
0.224662
0.224662
0.214521
0.162743
0.162743
0.162743
0.162743
0.297559
0.297559
0.297559
0.358919
0.189551
0.189551
0.0198752
0.274579
0.274579
0.274579
0.274579
0.274579
0.311103
0.0906454
0.0906454
0.0906454
0.157662
0.157662
0.157662
0.157662
0.157662
0.107314
0.107314
0.107314
0.107314
0.107314
0.107314
0.107314
0.107314
0.107314
0.0242791
0.0242791
0.137822
0.137822
0.137822
0.137822
0.137822
0.137822
0.206644
0.206644
0.206644
0.298698
0.298698
0.298698
0.298698
0.356606
0.356606
0.232574
0.0611015
0.0611015
0.0611015
0.173779
0.173779
0.173779
0.173779
0.173779
0.173779
0.173779
0.173779
0.173779
0.307205
0.307205
0.307205
0.307205
0.310445
0.267126
0.467041
0.701838
0.701838
0.475459
0.240434
0.2413
0.053971
0.053971
0.053971
0.085914
0.244932
0.446798
0.45466
0.539069
0.494767
0.840779
0.840779
0.697054
0.606395
0.606395
0.572854
0.445441
0.2716
0.2716
0.2716
0.2716
0.2716
0.2716
0.2716
0.223737
0.223737
0.462521
0.462521
0.462521
0.30516
0.30516
0.30516
0.30516
0.30516
0.344245
0.147668
0.147668
0.147668
0.0362364
0.0746868
0.140228
0.140228
0.27458
0.218042
0.109744
0.109744
0.109744
0.109744
0.565006
0.565006
0.608817
0.13459
0.340743
0.224008
0.305026
0.251978
0.214715
0.140165
0.140165
0.355792
0.327081
0.149323
0.0597749
0.0597749
0.0597749
0.296705
0.296705
0.296705
0.296705
0.296705
0.296705
0.296705
0.218958
0.218958
0.218958
0.178811
0.455028
0.436387
0.233735
0.233735
0.233735
0.299513
0.299513
0.299513
0.299513
0.20841
0.46214
0.46214
0.46214
0.714611
0.358937
0.358937
0.061939
0.061939
0.265393
0.104444
0.104444
0.104444
0.104444
0.296892
0.296892
0.268369
0.176001
0.176001
0.176001
0.176001
0.176001
0.176001
0.176001
0.176001
0.176001
0.176001
0.296194
0.296194
0.167475
0.167475
0.167475
0.167475
0.167475
0.167475
0.167475
0.420304
0.420304
0.597616
0.254941
0.184185
0.184185
0.184185
0.184185
0.128229
0.128229
0.127919
0.127919
0.127919
0.127919
0.127919
0.127919
0.127919
0.127919
0.127919
0.249986
0.0470173
0.0470173
0.1979
0.1979
0.1979
0.253042
0.253042
0.424245
0.134123
0.134123
0.134123
0.134123
0.134123
0.134123
0.134123
0.134123
0.134123
0.134123
0.277496
0.277496
0.0612615
0.0612615
0.161591
0.149255
0.149255
0.149255
0.149255
0.149255
0.149255
0.149255
0.149255
0.149255
0.149255
0.149255
0.149255
0.149255
0.149255
0.149255
0.149255
0.278854
0.278854
0.278854
0.278854
0.278854
0.278854
0.454106
0.454106
0.243685
0.194154
0.160142
0.160142
0.160142
0.164507
0.164507
0.164507
0.164507
0.454443
0.454443
0.454443
0.408788
0.331726
0.503917
0.557246
0.557882
0.301136
0.106986
0.106986
0.0769967
0.229327
0.134871
0.146557
0.184483
0.184483
0.184483
0.184483
0.315844
0.419357
0.2883
0.2883
0.396788
0.396788
0.396788
0.520008
0.531952
0.531952
0.399502
0.47864
0.66609
0.66609
0.66609
0.168445
0.168445
0.168445
0.368243
0.208356
0.171839
0.136508
0.136508
0.136508
0.136508
0.111724
0.111724
0.111724
0.433233
0.433233
0.433233
0.433233
0.0409625
0.144914
0.144914
0.144914
0.144914
0.136979
0.136979
0.136979
0.386031
0.386031
0.356995
0.450915
0.450915
0.71343
0.71343
0.71343
0.71343
0.260942
0.0815248
0.0815248
0.291842
0.291842
0.291842
0.189576
0.2259
0.0480237
0.0480237
0.0480237
0.179329
0.179329
0.641848
0.641848
0.249618
0.249618
0.249618
0.249618
0.249618
0.249618
0.249618
0.249618
0.249618
0.249618
0.220306
0.220306
0.220306
0.137445
0.108705
0.108705
0.108705
0.193394
0.181195
0.120346
0.120346
0.0812115
0.0812115
0.0812115
0.0812115
0.0812115
0.0812115
0.0812115
0.102288
0.102288
0.102288
0.165466
0.165466
0.282778
0.282778
0.282778
0.282778
0.282778
0.282778
0.220874
0.104937
0.580624
0.559775
0.490027
0.294258
0.294258
0.294258
0.707355
0.504921
0.414876
0.287742
0.16082
0.117788
0.0364539
0.0364539
0.180705
0.417383
0.417383
0.417383
0.417383
0.35138
0.35138
0.0293962
0.0293962
0.0293962
0.101102
0.101102
0.101102
0.101102
0.101102
0.101102
0.101102
0.0372245
0.0372245
0.0372245
0.0544067
0.0544067
0.0544067
0.0544067
0.0544067
0.0554217
0.0554217
0.0554217
0.0554217
0.0554217
0.0554217
0.108944
0.108944
0.108944
0.108944
0.112993
0.354027
0.354027
0.354027
0.354027
0.279701
0.279701
0.279701
0.124104
0.17379
0.17379
0.26885
0.0331442
0.0331442
0.0331442
0.0331442
0.0331442
0.0398224
0.300385
0.300385
0.300385
0.355902
0.355902
0.355902
0.337523
0.392797
0.448903
0.448903
0.407049
0.407049
0.407049
0.407049
0.0347478
0.0347478
0.0347478
0.0347478
0.0347478
0.0347478
0.0347478
0.0347478
0.0347478
0.0347478
0.0347478
0.0347478
0.0870831
0.330522
0.330522
0.523844
0.53049
0.53049
0.549523
0.398576
0.281736
0.281736
0.119843
0.119843
0.102363
0.102363
0.104019
0.0354136
0.142944
0.172043
0.172043
0.30252
0.237927
0.137069
0.27362
0.27362
0.27362
0.27362
0.27362
0.27362
0.156387
0.156699
0.0504962
0.0504962
0.347077
0.347077
0.347077
0.409252
0.409252
0.409252
0.331677
0.331677
0.325677
0.395819
0.229661
0.229661
0.113929
0.210346
0.0528918
0.140911
0.457553
0.824913
0.515092
0.515092
0.457545
0.457545
0.526437
0.433346
0.51726
0.511799
0.511799
0.398502
0.195264
0.195264
0.195264
0.195264
0.195264
0.195264
0.195264
0.195264
0.195264
0.127663
0.060275
0.060275
0.098614
0.098614
0.098614
0.098614
0.098614
0.396679
0.396679
0.396679
0.261734
0.261734
0.261734
0.222473
0.173687
0.209028
0.209028
0.0717694
0.0717694
0.0717694
0.0717694
0.0717694
0.0717694
0.0717694
0.0717694
0.0717694
0.0717694
0.0717694
0.0717694
0.0717694
0.22838
0.22838
0.22838
0.150862
0.150862
0.150862
0.150862
0.150862
0.185398
0.222888
0.222888
0.222888
0.21826
0.21826
0.0940134
0.0940134
0.175059
0.193889
0.132727
0.33281
0.237693
0.108178
0.108178
0.262411
0.262411
0.331133
0.331133
0.314797
0.502195
0.481956
0.411929
0.422408
0.783387
0.703818
0.517819
0.234291
0.134956
0.335779
0.335779
0.174571
0.174571
0.105553
0.435147
0.0403362
0.16315
0.16315
0.16315
0.16315
0.16315
0.16315
0.16315
0.151591
0.151591
0.151591
0.151591
0.245623
0.245623
0.345943
0.514582
0.514582
0.514582
0.374635
0.363701
0.363701
0.302689
0.241981
0.241981
0.241981
0.253747
0.253747
0.157767
0.377891
0.377891
0.377891
0.12374
0.12374
0.12374
0.12374
0.12374
0.566968
0.671978
0.671978
0.671978
0.457763
0.457763
0.5584
0.366831
0.366831
0.366831
0.366831
0.366831
0.366831
0.14105
0.14105
0.14105
0.14105
0.14105
0.14105
0.14105
0.269971
0.0804152
0.0686189
0.132779
0.198933
0.282892
0.282892
0.443422
0.407062
0.407062
0.407062
0.407062
0.407062
0.641321
0.641321
0.641321
0.156318
0.156318
0.156318
0.0971231
0.118954
0.118954
0.0747159
0.0923977
0.0923977
0.0896638
0.0896638
0.274279
0.274279
0.270543
0.270543
0.141685
0.112057
0.112057
0.335026
0.335026
0.18292
0.18292
0.18292
0.18292
0.18292
0.0468768
0.0468768
0.104869
0.104869
0.416467
0.657564
0.657564
0.486907
0.203818
0.203818
