0.999857
0.999972
0.999999
0.99975 8.15595e-05 0.000133252
0.999438 0.000532947
0.999581
0.999823
0.99997
0.999975
0.999999
0.998683
0.999628
0.999683
1
0.999876
0.99998
1
0.999898
0.999997
0.999958
0.999957
0.998376 0.00162412
0.999998
0.999977
0.999999
1
1
1
0.999918
0.9999
0.999988
0.997298 0.000750825 0.00156138
1
0.999574 0.000395501
0.999984
0.999891
0.998174
0.999717
0.999994
0.999822
0.998487 0.00131916 0.000170611
0.999861
1
1
1
0.999995
1
1
1
0.998912 0.00106167
1
1
1
0.999997
1
0.999969
1
1
1
1
1
1
1
1
1
1
1
1
1
1
1
1
1
1
1
1
1
0.999999
0.999787 0.000143585
1
1
1
1
1
1
1
1
1
1
1
1
0.999995
1
1
1
0.999994
0.99994
0.999999
0.999003 0.000938611
0.999974
0.998912 0.000850596
0.999759
1
0.999945
0.999218
0.999997
0.999992
1
0.999994
0.99996
1
0.999846
0.999968 6.45903e-06
0.998773 0.00119623
1
0.999666
0.999999
0.999816
0.999798 0.000167883
0.999337
0.99972
0.999981 1.67238e-05
0.999978
0.999944
1
0.999971
0.99176 0.00782916
0.999127 0.000515915
0.998168 0.00165859
0.999812
1
0.999967
0.999972
0.999691
0.999978
1
0.999952
0.999997
0.999899
0.997387 0.000698877 0.00153354
0.999839
0.999229
0.998103 0.00119756
0.999279 0.00028677 5.72805e-05 0.000222834
0.999969
0.998529 0.000668094
0.999678
0.999885 4.16644e-06 6.01422e-05
0.999403
0.999746
0.999627
1
0.999995
0.999995
0.99999
0.999998
0.9986
0.999997
0.999776
0.999863
0.999726
0.999169
0.999018 7.96265e-05 0.000198965
0.999808
0.999482
0.999921
0.998358 0.000919272
0.999266 0.000583078
0.999919
0.999814
0.999396 0.000461716 1.39951e-05 0.00010805
0.999295
0.999344 9.40423e-05 0.000418544
0.999176
0.999671
0.999974
0.999957
0.999621
0.998151 0.00165158
0.998765 0.00123256
0.999653
0.999995
1
0.999974
0.999965
0.999998
0.999867 0.00013324
0.999999
0.999998
1
1
1
1
0.999986
0.998494
0.999937
0.999981
0.997406 0.00256584
0.999811 0.000188724
0.999998
0.999287 0.000686557
1
0.999962
0.999773 4.82608e-05 0.00016084
0.998034 0.000289092 0.00133249 0.000254506 7.87542e-05
0.99984
0.999991
0.999898
0.999031 0.00096894
1
1
1
0.999999
0.999774
1
0.999939
0.999948
0.999889
0.999244 0.000549557
0.999675
0.999989
0.999719
1
0.999978
0.999232 0.000767606
1
0.999273
0.999865
0.998645 0.000810766 0.000133148 0.000392113
0.999581
0.999528 0.000138172 0.000309013
0.999964
0.999908
1
1
0.998288 0.00120856 0.000497436
0.999549 0.000445742
0.999997
0.99967
1
1
1
1
1
0.998852 0.000569583 0.000335037
0.999971
0.999723
0.999915
0.999899
0.999961
0.999944
1
0.99999
0.999995
0.999981
0.999972
0.999995
0.999975
0.999989
0.999667 0.000296437
0.999958
0.999858
1
1
1
0.999994
0.999999
1
1
1
1
0.999999
1
0.999976
0.999993
0.99999
0.999997
1
0.998954 0.00104628
1
0.999948
1
0.999954
1
0.999979
0.999991
1
0.999999
0.999993
1
0.999998
1
0.999999
0.999691
0.999949
0.99954
1
0.999946
1
0.999681
0.999944
0.999785
0.999835
0.999996
1
0.999976
0.999995
0.99986
0.999803
0.999903
0.999924
1
0.999939
0.999775
0.999938
0.999991
1
0.999864 0.000130212
0.999912
0.999999
1
0.999998
0.999854
0.999397 4.30195e-05 6.32422e-05 0.000443063
0.998975 0.00033495 0.000452021
0.999999
0.999989
0.999998
1
0.999982
0.999997
0.999997
1
1
1
0.999576 0.000423579
1
0.999879
0.99997
0.999929
0.999994
0.999999
0.999774
0.999997
1
0.999988
1
1
1
1
0.999999
0.999986
0.999869
1
1
0.999998
0.999992
1
0.999999
0.999999
0.999793
0.999694
0.999981
0.999998
0.999998
0.999568
0.998813
1
1
1
0.999836
0.999962
0.999434
0.999982
0.99925 0.000598807
1
0.99999
0.999998
1
0.999496 0.000497467
1
1
1
0.999915
1
0.998772 1.33378e-05 0.000450057 0.000186912 0.000110086 9.92061e-05 0.000367053
0.999709
0.999969
0.999207 0.000435223 0.000347958
0.999827
0.999993
0.999529 0.000273277
0.996658 0.000453253 0.00275898
0.99995
1
0.999958
0.999875
0.999811
0.999674
0.99971
1
1
0.999854
0.999974
0.999884 1.53929e-05 4.43003e-06 8.57781e-05 4.8361e-06 4.79298e-06
0.999836
0.999998
0.999987
0.999983
0.999736 3.32282e-05 9.88547e-05
0.999948
0.999751
0.999982
0.999996
0.998371 0.0016196
0.999996
0.999179 0.000757534
0.99759 0.00204491
0.999392
0.998879
1
1
0.999404
0.999897
0.999976
0.999992
1
0.999986
0.999979
0.999935
0.999871
0.999887
0.999683 0.000227515
1
0.999852
0.999999
0.999897
0.999647
1
0.99999
0.998402 0.000839084 0.000693903
0.998987
0.999904
0.999998
0.999893
0.999722
0.999999
1
0.99924
0.997884 0.000365743
0.999714
0.999238
0.999155 0.000818544
0.999954
0.99999
0.999908
0.997528 0.00168111 0.000695112 2.41824e-05 5.52645e-06
0.999879
0.999142
0.999622
0.999428 0.000556793
0.999908
0.9997
0.996085 0.00354157
1
0.996827 0.00292819
0.997507 0.00249247
1
1
0.999988
1
1
1
0.999959
0.999937
0.99999
0.999979
0.99998
0.999999
0.99981
0.999977
0.999058 0.000525541
0.999929
0.999494
0.999962
0.999003
0.999991
0.99996
0.997956
0.998312 0.00159855
0.999973
0.99998
0.999949
1
0.999997
0.999987
1
0.999852 0.000147259
0.999975
1
1
1
0.999999
0.999954
0.999641
1
0.999983
0.999994
0.999899
0.999979
0.9999
0.999175 0.000367647 0.000432719
0.999995
0.999954
0.998813 0.000262919 0.000828808
0.999723 0.000246577
0.997722 0.000251935 0.000157138 0.000320942 0.00142317
0.997711 0.0021836 8.83095e-05
0.999969
0.99992
0.999932
0.999989
1
0.999855 0.000136924
0.999255 0.000744704
1
0.999673
0.999998
0.99984
0.99905 0.000806202
1
1
0.99994
0.999718
1
0.999955
0.999998
0.999995
0.999478
0.999998
0.999231 0.000580437 0.000171817
0.999997
0.999918
0.999989
0.999458
0.99944 0.000559754
0.999626
0.999969
1
0.999993
0.999803
0.999964
0.999911
0.999999
0.999813 0.000186007
0.999968
1
1
1
0.999972
1
0.999949
1
1
1
1
1
0.999994
0.999997
0.999999
0.999923
0.999966
0.998428 0.00156751
0.999942
0.999974
0.999756
0.999825 0.000175414
0.999935
0.99928
1
0.999955
0.999702
0.9995
0.999768
0.999999
0.999924
1
0.999956
1
1
1
1
1
1
1
1
0.999998
0.999999
1
0.99998
0.999997
0.999976
1
1
1
0.999882
1
1
1
0.999669
0.999999
0.99999
0.998996 0.000687062 0.000316491
0.999344
1
0.999999
1
0.999978
1
0.995129 0.00426342
0.999994
1
1
1
1
1
1
1
1
1
0.999983
0.999999
0.998915 0.000964341
1
1
0.999993
0.99993
0.999378
0.999992
0.99939 0.000608261
0.999945
1
1
0.999525
0.999806
0.999608
0.999998
0.999945
0.999873
0.998645
0.999917
0.999541
1
0.999624
0.999999
0.999971
1
0.999997
0.999966
1
1
1
1
1
1
0.999499
0.999877
1
1
1
0.999989
0.999993
0.999997
0.999968
0.999916 6.87904e-05
0.999811
0.99985 0.00013828
0.999848
1
1
0.999794
0.999995
0.999589 0.000226618
1
0.999639 0.000343733
0.999579
1
0.999893
0.999992
1
1
0.999769
0.999979
1
1
0.999772
1
1
0.999989
0.999882
0.996034 0.00396409
1
1
1
1
0.999919
0.999999
1
0.99998
1
0.99887
0.999899
0.99998
0.99966
1
0.99999
0.999999
0.999984
0.999376
0.999983
0.998986 0.000900976
1
0.999853
0.999797 8.91138e-06 0.000194279
1
1
0.999925
0.999897
1
1
1
0.998994
1
0.999998
0.999969
0.999984
0.999993
0.99986
0.999997
0.999991
0.999559
1
1
1
0.999941
0.999872
0.999872 0.000128357
0.999974
1
0.999993
0.999989
1
0.999866
0.999997
0.999856
0.998505 0.000946069
0.999288 0.000659715
0.999617
0.999963
0.997571
0.999469
0.999994
0.999601
1
1
1
0.999992
0.999963
0.998401 0.00159868
1
0.998899 0.00103317
0.997747
0.999999
0.99989
0.999992
1
1
1
0.999836
0.999934
1
1
0.999995
1
1
0.999999
1
0.999995
0.999214 0.000784918
0.999939 4.77296e-05 1.0462e-05 1.88718e-06 3.03449e-07 6.71675e-07
0.998322 0.00158808
0.999945
0.999694
0.999523
1
0.999976
0.999941
0.999827
0.999915
0.999994
1
0.999987
0.999968
0.999999
1
0.999998
0.999776
1
0.99992
0.999878 0.000121521
0.999846
0.999665 0.000246768
0.999997
0.999998
0.999987
0.999002
0.999998
1
0.999571
1
0.999999
0.999991
0.999986
1
1
0.999998
0.999998
0.999898
0.999921
0.999837
0.99999
0.999841
0.999382
0.999999
0.999986
0.999683
0.999955
1
1
1
0.998367 0.0016328
0.999996
0.999229
0.999984
0.999145
0.998365 0.000620473 0.000692052 0.000232698
0.999705 4.40474e-05 8.34265e-05
0.998413 0.000412705 0.000428309 0.000551766
0.999528
0.999 0.000656641
0.999927
0.998938 0.000832513
0.997596 0.000535512
0.999626 0.000208865 0.000153106
0.998478 0.00133857
0.999739
0.999825 0.00014319
0.999994
0.999973
0.999783
0.999949
0.998629 0.0011918
1
0.999492
1
0.997818 0.00218232
0.999984
0.999989
0.999969
0.999509
0.999974
0.999853
0.999888
1
0.999901 9.92209e-05
0.999983
1
1
0.999656 0.000341136
0.9998
0.999875
0.999974
1
1
0.999808
0.999522 0.000414687
0.999314 0.000649333
0.999426
0.999994
1
0.999953
0.999734 0.000232288 3.36642e-05
0.999429
0.998947 0.000303414 0.000537577
0.998759 0.00103357 7.44316e-05
0.99923
0.999998
0.998795 0.000248117 0.000956574
0.999999
0.999148 0.000545164
0.999989
0.999916 2.88153e-05
0.999591
0.998356 0.00116441
0.995553 0.00231437 0.00114521 0.00066047 0.000116147 0.000186898
0.999601
0.998243 0.00175733
1
0.999587
0.999183 0.000809701
1
0.99963 0.000343255
0.999969
0.999993
0.999995
0.999995
0.999978
0.999979
1
0.999985
0.999952
0.999988
0.99994 6.02721e-05
0.999647
0.999913
0.99972 0.000279941
1
1
1
0.999858
0.999983
0.999864
0.999861
0.999252 0.000350312 0.000207111
0.999999
0.999992
0.999995
0.999966
0.999842
0.999958
1
1
0.999974
0.999881
0.999992
1
0.999935
0.999922
0.999818
0.99986
1
1
0.999965
0.99849 0.0014902
0.999997
0.99976 0.000239752
1
0.99959 0.000408642
0.99857 0.00142324
0.999232
0.999988
0.999965
0.999883
0.996814 0.00301301
0.999607
0.999782
0.999972
1
0.998245 0.00169735
0.99921
0.999974
0.999689
0.999982
0.999868 0.000105662
0.999803
0.999993
0.99977
0.999841 8.19831e-05
0.999931
0.999923
0.999982
0.999992
0.99991
0.999993
0.999999
0.998431 0.00132624
0.999984
0.999999
0.999649
0.999896
0.999997
1
0.999692 0.00017702
0.99973 0.00026877
0.999014 0.000610138
0.999994
0.99876 0.000783543 2.27622e-05 0.000411685
0.999669
0.999962
0.999857
