-2.80879e+28 -2.78921e+28 -1.95772e+26
-2.33406e+29 -1.18773e+28 -2.21529e+29
-2.28836e+28 -2.27242e+28 -1.59363e+26
-7.39866e+28 -7.34707e+28 -5.15854e+26
-1.82905e+29 -1.81619e+29 -1.28573e+27
-8.0925e+27 -8.03613e+27 -5.6372e+25
-1.57975e+28 -1.56875e+28 -1.10039e+26
-1.56174e+28 -1.55086e+28 -1.08799e+26
-4.18632e+29 -4.15716e+29 -2.91676e+27
-2.49699e+29 -1.55064e+27 -2.48148e+29
-8.42472e+30 -8.14886e+28 -8.34324e+30
-5.84009e+29 -8.55706e+27 -5.75452e+29
-8.02364e+29 -7.87982e+29 -1.43824e+28
-2.1648e+33 -9.40745e+27 -2.16479e+33
-1.35405e+29 -4.38918e+28 -9.15135e+28
-1.37188e+30 -1.00607e+29 -1.27127e+30
-6.88508e+27 -6.83712e+27 -4.79576e+25
-3.70934e+29 -3.68351e+29 -2.5829e+27
-3.8404e+27 -3.81364e+27 -2.67574e+25
-6.43744e+29 -6.39259e+29 -4.4849e+27
-2.38374e+29 -2.36714e+29 -1.65978e+27
-6.73965e+28 -6.69275e+28 -4.69005e+26
-5.03907e+29 -5.00397e+29 -3.51022e+27
-1.10291e+31 -1.09523e+31 -7.68445e+28
-4.72753e+29 -4.69461e+29 -3.2919e+27
-3.55436e+28 -3.52961e+28 -2.47501e+26
-1.30348e+29 -1.2944e+29 -9.07427e+26
-2.19614e+28 -2.18085e+28 -1.52899e+26
-4.45252e+27 -4.42149e+27 -3.10239e+25
-4.49783e+29 -4.46649e+29 -3.13387e+27
-3.46822e+28 -7.89907e+27 -2.67832e+28
-3.97784e+28 -9.38513e+27 -3.03933e+28
-2.12229e+28 -2.10751e+28 -1.47788e+26
-5.8916e+28 -5.85057e+28 -4.10342e+26
-6.33347e+28 -6.28935e+28 -4.41246e+26
-2.37002e+29 -2.35353e+29 -1.64965e+27
-1.3049e+29 -1.29582e+29 -9.08182e+26
-2.81184e+28 -2.79226e+28 -1.95728e+26
-1.58178e+28 -1.57077e+28 -1.10118e+26
-9.22092e+31 -9.15668e+31 -6.4236e+29
-9.47358e+28 -9.40757e+28 -6.60072e+26
-1.57928e+27 -1.56828e+27 -1.09983e+25
-7.82786e+29 -7.77331e+29 -5.45413e+27
-1.94719e+29 -1.93364e+29 -1.35541e+27
-nan inf -nan
-1.00108e+29 -9.94113e+28 -6.96629e+26
-4.40052e+27 -4.36988e+27 -3.06417e+25
-2.59871e+27 -2.58061e+27 -1.8095e+25
-1.79239e+28 -1.77991e+28 -1.24736e+26
-1.32192e+29 -1.29509e+29 -2.68317e+27
-2.1002e+29 -1.98944e+29 -1.10757e+28
-9.57511e+30 -4.47452e+30 -5.10059e+30
-4.87295e+28 -4.83903e+28 -3.39167e+26
-9.07011e+27 -9.00698e+27 -6.31303e+25
-9.52588e+28 -9.4596e+28 -6.62895e+26
-4.40081e+30 -4.37014e+30 -3.0668e+28
inf -1.22411e+28 inf
-1.94509e+28 -1.93154e+28 -1.35544e+26
inf -6.85371e+28 inf
inf -1.1885e+29 inf
inf -4.05857e+28 inf
inf -3.01788e+29 inf
inf -1.93893e+29 inf
inf -2.76583e+28 inf
inf -1.80817e+29 inf
inf -4.34357e+28 inf
-4.17718e+28 -4.14809e+28 -2.90945e+26
inf -1.74149e+28 inf
inf -1.95231e+29 inf
inf -2.72838e+29 inf
-1.26486e+28 -1.25606e+28 -8.80904e+25
-1.15171e+29 -1.14369e+29 -8.01681e+26
-1.57827e+28 -1.56728e+28 -1.09847e+26
inf -3.56727e+28 inf
-5.28104e+28 -5.24424e+28 -3.67995e+26
-6.47852e+29 -6.43339e+29 -4.51298e+27
-2.78826e+28 -2.76884e+28 -1.94276e+26
-2.95018e+28 -2.92962e+28 -2.05569e+26
-5.37141e+30 -5.33399e+30 -3.74234e+28
-2.9321e+29 -2.91168e+29 -2.04232e+27
-8.19429e+28 -8.13723e+28 -5.70549e+26
-5.56118e+29 -5.52243e+29 -3.87519e+27
-3.44656e+27 -3.42255e+27 -2.40072e+25
-1.31476e+28 -1.3056e+28 -9.15658e+25
-6.3759e+27 -6.33151e+27 -4.43903e+25
-3.04162e+29 -3.02046e+29 -2.11668e+27
-1.7504e+29 -1.7382e+29 -1.21955e+27
-1.75825e+28 -1.74601e+28 -1.22417e+26
-7.06453e+28 -7.01536e+28 -4.91689e+26
-5.07504e+29 -5.03971e+29 -3.53263e+27
-2.55126e+28 -2.53349e+28 -1.77721e+26
-3.32418e+28 -3.15241e+28 -1.71767e+27
-1.34528e+31 -1.82893e+28 -1.34345e+31
-2.54443e+28 -2.52671e+28 -1.77271e+26
-3.0142e+28 -2.99322e+28 -2.09798e+26
-1.13195e+28 -1.12407e+28 -7.88551e+25
-1.80688e+28 -1.7943e+28 -1.25811e+26
-9.41272e+28 -9.34715e+28 -6.55757e+26
-5.38113e+28 -5.34321e+28 -3.79123e+26
-2.03289e+30 -2.01873e+30 -1.41602e+28
-1.02058e+28 -1.01347e+28 -7.10585e+25
-1.03756e+29 -1.03034e+29 -7.22017e+26
-1.15783e+29 -1.14976e+29 -8.06522e+26
-9.14423e+27 -9.08053e+27 -6.37004e+25
-7.35452e+28 -7.30332e+28 -5.11989e+26
-1.98163e+28 -1.96783e+28 -1.37958e+26
-1.65969e+29 -1.64812e+29 -1.15649e+27
-3.16572e+28 -3.14367e+28 -2.20528e+26
-5.96076e+27 -5.91923e+27 -4.15309e+25
-4.24312e+27 -4.21358e+27 -2.95368e+25
-8.95519e+27 -8.89284e+27 -6.23482e+25
-2.86431e+28 -2.84436e+28 -1.99513e+26
-1.36519e+31 -1.35568e+31 -9.50664e+28
-6.27786e+28 -6.2286e+28 -4.92643e+26
-nan inf -inf
-6.39837e+28 -6.35379e+28 -4.45754e+26
-1.47632e+29 -1.46604e+29 -1.02864e+27
-3.42103e+28 -3.39719e+28 -2.38376e+26
-4.31317e+30 -4.28315e+30 -3.00194e+28
-6.22096e+28 -1.08181e+28 -5.13914e+28
-4.20631e+27 -4.177e+27 -2.93172e+25
-2.37044e+28 -2.35393e+28 -1.651e+26
-8.11878e+28 -8.06225e+28 -5.65312e+26
-1.39106e+29 -1.38137e+29 -9.69205e+26
-7.20194e+28 -7.1518e+28 -5.01425e+26
-1.62093e+32 -1.60964e+32 -1.12839e+30
-1.75021e+28 -1.73802e+28 -1.21865e+26
-6.44394e+29 -6.3994e+29 -4.45473e+27
-4.74135e+30 -4.70836e+30 -3.29928e+28
-2.6444e+27 -2.62599e+27 -1.84134e+25
-1.84755e+28 -1.83469e+28 -1.28653e+26
-9.64474e+27 -9.57754e+27 -6.71956e+25
-1.85782e+29 -1.84489e+29 -1.29333e+27
-4.58342e+27 -4.55146e+27 -3.19608e+25
-1.60288e+29 -1.59172e+29 -1.11636e+27
-1.80185e+28 -1.7893e+28 -1.25475e+26
-9.72542e+28 -9.65766e+28 -6.77628e+26
-5.55734e+29 -5.51863e+29 -3.87096e+27
-1.76021e+28 -1.74789e+28 -1.2321e+26
-5.31221e+29 -5.27519e+29 -3.70151e+27
-4.25747e+27 -4.22784e+27 -2.9637e+25
-8.79166e+27 -8.73048e+27 -6.11861e+25
-6.38718e+28 -6.34268e+28 -4.44944e+26
-2.58768e+30 -2.56965e+30 -1.80242e+28
-2.55572e+28 -2.53791e+28 -1.78047e+26
-4.11972e+30 -4.09105e+30 -2.86715e+28
-2.32891e+28 -2.31268e+28 -1.62279e+26
-5.15176e+28 -5.11586e+28 -3.58957e+26
-6.207e+27 -6.16374e+27 -4.32592e+25
-7.03976e+27 -6.99076e+27 -4.8997e+25
-2.30039e+28 -2.28436e+28 -1.60284e+26
-1.21207e+27 -1.20363e+27 -8.44095e+24
-1.81718e+28 -1.80453e+28 -1.26462e+26
-1.36404e+30 -1.35454e+30 -9.50384e+27
-1.38816e+29 -1.37849e+29 -9.66204e+26
-1.16115e+28 -1.15306e+28 -8.09123e+25
-1.43379e+28 -1.4238e+28 -9.98826e+25
-1.61016e+28 -1.59894e+28 -1.12194e+26
-5.54505e+28 -5.50641e+28 -3.86389e+26
-8.32919e+29 -8.27119e+29 -5.80016e+27
-2.48845e+30 -2.47112e+30 -1.7339e+28
-1.20911e+28 -1.20069e+28 -8.42165e+25
-1.48874e+28 -1.47837e+28 -1.03703e+26
-2.76652e+29 -2.74726e+29 -1.92544e+27
-8.61498e+28 -8.555e+28 -5.99853e+26
-1.66211e+28 -1.65053e+28 -1.15794e+26
-5.26247e+28 -5.22584e+28 -3.66306e+26
-8.15455e+27 -8.09779e+27 -5.67523e+25
-2.22176e+27 -2.20629e+27 -1.5469e+25
-1.51645e+28 -1.50589e+28 -1.05629e+26
-2.46981e+29 -2.4526e+29 -1.7203e+27
-1.39176e+30 -1.37994e+30 -1.18245e+28
-2.47407e+29 -2.27553e+29 -1.98546e+28
-3.1692e+28 -3.14713e+28 -2.20745e+26
-5.50479e+30 -5.46643e+30 -3.8357e+28
-1.56545e+29 -1.55455e+29 -1.09029e+27
-5.69102e+28 -5.65139e+28 -3.96341e+26
-2.71925e+27 -2.70031e+27 -1.89403e+25
-1.30071e+29 -1.29165e+29 -9.06306e+26
-2.53764e+27 -2.51996e+27 -1.76754e+25
-2.71803e+28 -2.6991e+28 -1.89383e+26
-7.87233e+27 -7.81752e+27 -5.4812e+25
-1.74991e+28 -1.73772e+28 -1.21899e+26
-2.87513e+30 -2.85509e+30 -2.00385e+28
-2.65769e+28 -2.1055e+28 -5.52193e+27
-3.32876e+32 -3.27545e+29 -3.32548e+32
-4.76795e+31 -4.03275e+28 -4.76392e+31
-4.33931e+27 -4.30911e+27 -3.02015e+25
-1.91128e+28 -1.89796e+28 -1.33157e+26
inf -3.61259e+28 inf
-2.19099e+28 -2.17573e+28 -1.52586e+26
-6.75264e+27 -6.70561e+27 -4.70274e+25
-1.03538e+28 -1.02817e+28 -7.21282e+25
-4.24109e+27 -4.21155e+27 -2.9545e+25
-7.41721e+29 -2.14358e+27 -7.39577e+29
-1.38183e+37 -2.52157e+28 -1.38183e+37
-7.4189e+29 -7.36727e+29 -5.16332e+27
-1.07233e+30 -1.06486e+30 -7.46838e+27
-4.68457e+28 -4.65196e+28 -3.2603e+26
-6.49379e+28 -6.44854e+28 -4.52451e+26
-9.01303e+27 -8.95026e+27 -6.27734e+25
-7.02182e+27 -6.97294e+27 -4.88808e+25
-2.23413e+27 -2.21857e+27 -1.55663e+25
-5.00751e+28 -4.97108e+28 -3.64276e+26
-9.34405e+29 -9.25517e+29 -8.88764e+27
-2.27218e+28 -4.00527e+27 -1.87165e+28
-3.68429e+28 -2.40601e+28 -1.27828e+28
-7.14199e+31 -5.3907e+28 -7.1366e+31
-8.52253e+27 -8.46224e+27 -6.02879e+25
-3.30574e+28 -3.27902e+28 -2.67191e+26
inf -2.66819e+27 inf
inf -2.73067e+28 inf
-1.47118e+29 -1.46093e+29 -1.02491e+27
-2.68069e+28 -2.66202e+28 -1.86638e+26
-5.041e+27 -5.00591e+27 -3.50883e+25
-6.577e+28 -6.53119e+28 -4.58138e+26
-6.0536e+28 -6.01143e+28 -4.21676e+26
-1.33514e+28 -1.32584e+28 -9.30428e+25
-2.49291e+28 -2.47554e+28 -1.73765e+26
-nan inf -inf
-6.94625e+28 -6.89786e+28 -4.83852e+26
-8.85112e+29 -8.78945e+29 -6.167e+27
-3.75959e+27 -3.73339e+27 -2.61974e+25
-2.73102e+28 -2.712e+28 -1.9016e+26
-2.86735e+28 -2.84737e+28 -1.99759e+26
-6.36085e+28 -6.31658e+28 -4.42716e+26
-8.36538e+28 -8.30711e+28 -5.8277e+26
-6.71842e+30 -6.67166e+30 -4.67621e+28
-1.93543e+28 -9.96646e+27 -9.38782e+27
-2.71538e+30 -1.55262e+28 -2.69985e+30
-3.90499e+41 -6.36649e+27 -3.90499e+41
-2.01721e+30 -1.00589e+29 -1.91662e+30
-1.50459e+32 -8.91287e+27 -1.5045e+32
-5.32443e+29 -5.28737e+29 -3.7054e+27
-8.24161e+28 -8.18419e+28 -5.74221e+26
-2.33567e+28 -2.31939e+28 -1.62735e+26
-2.41195e+29 -2.39516e+29 -1.67959e+27
-1.03778e+30 -1.03056e+30 -7.22186e+27
-4.76147e+27 -4.72832e+27 -3.31465e+25
-2.83991e+30 -2.82015e+30 -1.97613e+28
-2.02697e+27 -2.01285e+27 -1.41225e+25
-1.9848e+28 -1.97097e+28 -1.38253e+26
-5.60387e+29 -5.56482e+29 -3.90476e+27
-4.55377e+29 -4.52205e+29 -3.17278e+27
-5.70755e+28 -5.66782e+28 -3.97321e+26
-1.06106e+30 -1.05367e+30 -7.39369e+27
-1.71194e+28 -1.70002e+28 -1.19164e+26
-1.80182e+27 -1.78927e+27 -1.25486e+25
-1.24034e+28 -1.2317e+28 -8.6424e+25
-3.6349e+28 -3.6096e+28 -2.53043e+26
-1.1129e+29 -1.10515e+29 -7.7465e+26
-3.19321e+28 -3.17097e+28 -2.22418e+26
-1.01045e+28 -1.00341e+28 -7.03754e+25
-4.38645e+27 -4.35588e+27 -3.05746e+25
-6.50607e+28 -6.46078e+28 -4.52954e+26
-1.86916e+29 -1.85615e+29 -1.30075e+27
-7.54127e+28 -7.48874e+28 -5.25303e+26
-4.81145e+28 -4.77795e+28 -3.35016e+26
-6.15804e+27 -6.11516e+27 -4.28772e+25
-2.41891e+28 -2.40206e+28 -1.68428e+26
-3.67739e+28 -3.65157e+28 -2.58203e+26
-4.34987e+31 -1.59626e+28 -4.34827e+31
-3.23815e+29 -3.21559e+29 -2.25634e+27
-6.22919e+27 -6.18584e+27 -4.33518e+25
-2.56962e+29 -2.55173e+29 -1.78846e+27
-3.35096e+28 -3.32763e+28 -2.3331e+26
-2.71285e+27 -2.69396e+27 -1.88827e+25
inf -2.46995e+28 inf
-5.11211e+27 -5.07649e+27 -3.56192e+25
-5.05909e+28 -5.02384e+28 -3.52511e+26
-8.66937e+27 -8.60898e+27 -6.03848e+25
-3.60036e+40 -1.38071e+28 -3.60036e+40
-1.63235e+31 -2.93008e+28 -1.62942e+31
-3.17948e+34 -2.14631e+28 -3.17947e+34
-2.18105e+28 -2.16585e+28 -1.51967e+26
-2.40355e+29 -2.3868e+29 -1.67462e+27
-7.24458e+28 -7.19411e+28 -5.04685e+26
-1.76372e+28 -1.75144e+28 -1.22758e+26
inf -6.496e+27 inf
inf -2.66984e+28 inf
-5.93018e+29 -5.88891e+29 -4.12694e+27
-2.40955e+28 -5.60457e+27 -1.84909e+28
-1.38883e+30 -5.29051e+29 -8.59776e+29
-4.97125e+30 -6.10241e+27 -4.96514e+30
-6.31812e+30 -2.43214e+29 -6.0749e+30
-8.3672e+27 -8.30894e+27 -5.82578e+25
-8.39021e+27 -8.33179e+27 -5.84185e+25
-1.19775e+30 -1.18941e+30 -8.34269e+27
-2.59118e+28 -2.57314e+28 -1.80388e+26
-1.31393e+30 -1.30478e+30 -9.15496e+27
-5.09859e+27 -5.06307e+27 -3.55206e+25
inf -5.40681e+27 inf
-1.03675e+28 -1.01347e+28 -2.32847e+26
-1.16969e+28 -1.11559e+28 -5.40992e+26
-4.21104e+28 -9.44891e+27 -3.26615e+28
-2.31205e+28 -1.15614e+28 -1.15592e+28
-2.78136e+28 -2.76198e+28 -1.93775e+26
-7.37868e+29 -7.32732e+29 -5.13536e+27
-1.44568e+29 -1.4356e+29 -1.00727e+27
-3.07723e+27 -3.0558e+27 -2.14255e+25
-2.31081e+28 -2.29472e+28 -1.6089e+26
-8.52784e+27 -8.46848e+27 -5.93634e+25
-2.45398e+29 -2.43688e+29 -1.70993e+27
-1.32509e+28 -1.31508e+28 -1.0009e+26
-1.59261e+28 -1.38718e+28 -2.05422e+27
-1.04351e+28 -1.03625e+28 -7.26458e+25
-1.29292e+27 -1.28391e+27 -9.00507e+24
-2.91173e+27 -2.89145e+27 -2.02737e+25
-2.10639e+29 -2.09172e+29 -1.46757e+27
-1.49291e+28 -1.48251e+28 -1.0395e+26
-3.82187e+28 -3.79525e+28 -2.66246e+26
-9.11198e+27 -9.04854e+27 -6.3439e+25
-1.68477e+29 -1.67303e+29 -1.17395e+27
-1.91923e+29 -1.90586e+29 -1.33672e+27
-2.72102e+29 -2.70206e+29 -1.89592e+27
-6.55418e+29 -6.50851e+29 -4.56686e+27
-4.37731e+28 -4.34683e+28 -3.04791e+26
-7.63907e+28 -7.58584e+28 -5.32294e+26
-1.37094e+28 -1.36054e+28 -1.04072e+26
-6.96558e+28 -6.91704e+28 -4.85406e+26
-5.65852e+30 -5.61909e+30 -3.94364e+28
-4.38142e+27 -4.35091e+27 -3.05078e+25
-1.17822e+28 -1.17001e+28 -8.20498e+25
-6.20568e+29 -6.16244e+29 -4.32396e+27
-2.7569e+29 -2.59122e+29 -1.65684e+28
-1.23687e+30 -1.1938e+30 -4.30686e+28
-8.32662e+30 -1.94035e+28 -8.30722e+30
-4.86356e+28 -4.82968e+28 -3.38889e+26
-4.16872e+29 -4.13967e+29 -2.90465e+27
-6.88524e+27 -6.83728e+27 -4.79543e+25
-1.09595e+29 -1.08832e+29 -7.63379e+26
-6.72197e+29 -6.67513e+29 -4.68334e+27
-8.70024e+27 -8.63966e+27 -6.05822e+25
-1.9998e+28 -1.98587e+28 -1.39266e+26
inf -1.64385e+28 inf
-4.01429e+28 -3.98634e+28 -2.79449e+26
-2.86382e+30 -2.84386e+30 -1.99544e+28
-3.09013e+29 -3.0686e+29 -2.15291e+27
-2.69412e+28 -2.67535e+28 -1.87714e+26
-1.0031e+29 -9.96122e+28 -6.98143e+26
-1.08092e+29 -2.94016e+28 -7.86901e+28
-nan inf -inf
-4.14796e+28 -4.11909e+28 -2.88668e+26
-4.761e+28 -4.72784e+28 -3.31683e+26
-2.76877e+27 -2.74949e+27 -1.92782e+25
-6.48954e+28 -6.44434e+28 -4.51998e+26
-4.93544e+29 -4.90106e+29 -3.4385e+27
-8.3647e+27 -8.30645e+27 -5.82544e+25
-2.7079e+28 -2.68903e+28 -1.88655e+26
-3.29191e+27 -3.26899e+27 -2.29171e+25
-4.32175e+27 -4.29167e+27 -3.00781e+25
-1.21747e+29 -1.209e+29 -8.47897e+26
-9.56985e+28 -9.50317e+28 -6.66825e+26
-1.44114e+28 -1.43111e+28 -1.00301e+26
-5.38673e+28 -5.34924e+28 -3.74926e+26
-1.82307e+28 -1.81038e+28 -1.26947e+26
-6.68313e+27 -6.63657e+27 -4.65615e+25
-3.80022e+27 -3.77376e+27 -2.64673e+25
-3.76746e+28 -3.74122e+28 -2.62448e+26
-5.06194e+27 -5.00343e+27 -5.85038e+25
-7.07727e+28 -7.02799e+28 -4.92757e+26
-1.88081e+29 -1.86772e+29 -1.30948e+27
-1.85429e+28 -1.84138e+28 -1.29156e+26
-2.49629e+27 -2.4789e+27 -1.73886e+25
-2.16657e+28 -2.15147e+28 -1.50914e+26
-1.38102e+29 -1.3714e+29 -9.62374e+26
-1.22906e+28 -1.2205e+28 -8.56019e+25
-6.01165e+28 -5.96976e+28 -4.18967e+26
-2.82111e+30 -2.80146e+30 -1.96508e+28
-2.10012e+28 -2.0855e+28 -1.46243e+26
-1.74281e+31 -1.73069e+31 -1.21295e+29
-1.0414e+28 -1.03415e+28 -7.2522e+25
-2.40229e+29 -2.38557e+29 -1.67236e+27
-2.01851e+29 -2.00176e+29 -1.67515e+27
-2.87647e+28 -5.41789e+27 -2.33469e+28
-2.39776e+28 -2.38106e+28 -1.66982e+26
-5.02735e+27 -4.99234e+27 -3.50125e+25
-2.96951e+28 -2.94884e+28 -2.06693e+26
-5.23408e+30 -5.19762e+30 -3.64605e+28
-6.51067e+28 -6.46531e+28 -4.53586e+26
-5.91959e+27 -5.87838e+27 -4.1212e+25
-1.09634e+28 -1.08871e+28 -7.63532e+25
inf -2.4302e+29 inf
-1.35145e+28 -1.34203e+28 -9.41389e+25
-1.68868e+28 -1.67691e+28 -1.17615e+26
-1.24208e+30 -1.23344e+30 -8.64399e+27
-3.25939e+28 -3.23668e+28 -2.27089e+26
-1.26663e+30 -1.2578e+30 -8.82605e+27
-3.71993e+32 -9.41926e+27 -3.71983e+32
-2.03995e+28 -2.02574e+28 -1.42086e+26
-1.15108e+29 -1.14306e+29 -8.01758e+26
-3.64567e+28 -3.62029e+28 -2.53762e+26
-1.66305e+28 -1.65146e+28 -1.15852e+26
-6.41918e+27 -6.37446e+27 -4.47145e+25
-2.09892e+28 -2.0843e+28 -1.46214e+26
-3.08354e+27 -3.06207e+27 -2.1474e+25
-9.51657e+29 -9.45025e+29 -6.63166e+27
-2.48846e+31 -2.21311e+28 -2.48625e+31
-6.78909e+32 -7.95367e+26 -6.78908e+32
-3.21223e+28 -3.18985e+28 -2.23746e+26
-6.71453e+28 -6.66779e+28 -4.67366e+26
-2.12065e+29 -2.10588e+29 -1.47764e+27
-1.09554e+28 -1.08791e+28 -7.62873e+25
-5.1691e+28 -5.1331e+28 -3.60027e+26
-6.54364e+28 -6.49806e+28 -4.5584e+26
-1.51295e+31 -1.50241e+31 -1.05403e+29
-4.25491e+31 -1.77547e+29 -4.23716e+31
-1.93158e+33 -4.5143e+28 -1.93153e+33
-7.49054e+29 -2.92843e+27 -7.46125e+29
-2.30827e+32 -1.73054e+29 -2.30654e+32
-1.79998e+29 -1.78744e+29 -1.25398e+27
-2.06403e+29 -2.04965e+29 -1.43756e+27
-3.5599e+29 -3.53509e+29 -2.48053e+27
-1.28071e+36 -1.29756e+31 -1.2807e+36
-nan inf -inf
-7.87114e+28 -7.8163e+28 -5.48398e+26
-5.58428e+28 -5.54537e+28 -3.89112e+26
-1.385e+28 -1.37536e+28 -9.64588e+25
-1.67407e+28 -1.66241e+28 -1.16624e+26
-3.97334e+28 -3.94567e+28 -2.76703e+26
-5.16155e+28 -5.1256e+28 -3.59517e+26
-1.46257e+29 -1.45238e+29 -1.01913e+27
-1.0764e+32 -1.85302e+28 -1.07622e+32
-4.42825e+34 -6.87808e+27 -4.42825e+34
-7.37906e+32 -7.32563e+32 -5.34248e+30
-2.60189e+29 -2.58376e+29 -1.81275e+27
inf -8.12996e+28 inf
-1.36634e+29 -1.35682e+29 -9.51633e+26
-6.65347e+27 -6.60711e+27 -4.63531e+25
-5.19406e+29 -5.15786e+29 -3.61915e+27
-7.89808e+28 -7.8431e+28 -5.4987e+26
-1.14422e+28 -1.13626e+28 -7.9653e+25
-2.40508e+29 -2.38832e+29 -1.6759e+27
-9.60615e+27 -9.53926e+27 -6.68861e+25
-1.70189e+29 -1.69004e+29 -1.18519e+27
-1.40787e+28 -1.39806e+28 -9.8064e+25
-1.06339e+29 -1.05598e+29 -7.40828e+26
-4.70666e+27 -4.67387e+27 -3.27894e+25
-1.16353e+28 -1.15542e+28 -8.10702e+25
-3.39619e+28 -3.37254e+28 -2.36452e+26
-2.05176e+27 -2.03744e+27 -1.43182e+25
-9.25041e+27 -9.18588e+27 -6.45297e+25
-4.24022e+29 -4.21055e+29 -2.96712e+27
-5.0189e+28 -2.59178e+28 -2.42711e+28
-3.53446e+28 -1.65692e+28 -1.87754e+28
-1.28186e+28 -1.27294e+28 -8.92238e+25
-3.59085e+29 -3.56585e+29 -2.50026e+27
-1.06075e+28 -1.05336e+28 -7.38713e+25
-5.75763e+28 -5.71756e+28 -4.00774e+26
-3.15764e+29 -3.13564e+29 -2.19995e+27
-1.88803e+28 -1.87488e+28 -1.31488e+26
-1.94616e+28 -1.89741e+28 -4.87464e+26
-5.04049e+30 -4.024e+27 -5.03647e+30
-1.02093e+30 -1.01382e+30 -7.11114e+27
-1.16343e+29 -1.15533e+29 -8.09621e+26
-4.00626e+27 -3.97836e+27 -2.78935e+25
-6.56795e+27 -6.52223e+27 -4.57165e+25
-2.26041e+31 -2.24467e+31 -1.57306e+29
-8.71903e+28 -8.6555e+28 -6.35346e+26
-1.60157e+29 -7.71776e+28 -8.29796e+28
-5.90899e+29 -4.05121e+28 -5.50387e+29
-2.57635e+31 -4.76253e+27 -2.57588e+31
-1.02448e+28 -1.01734e+28 -7.13679e+25
-1.13966e+28 -1.13172e+28 -7.93806e+25
-4.21323e+28 -4.18389e+28 -2.93431e+26
-3.14694e+28 -3.12502e+28 -2.19129e+26
-1.16399e+28 -1.15588e+28 -8.10845e+25
-3.42013e+27 -3.39631e+27 -2.38206e+25
-3.11917e+27 -3.09745e+27 -2.17213e+25
-1.89509e+30 -1.88188e+30 -1.32023e+28
-1.17758e+29 -1.16938e+29 -8.20039e+26
-7.20985e+28 -7.15966e+28 -5.01933e+26
-7.28306e+28 -7.23236e+28 -5.07047e+26
-1.64165e+29 -1.63021e+29 -1.14355e+27
-2.73717e+28 -2.71811e+28 -1.906e+26
-5.37322e+28 -5.33582e+28 -3.73979e+26
-1.49709e+28 -1.48667e+28 -1.04207e+26
-1.49446e+30 -1.48405e+30 -1.0412e+28
-5.63384e+27 -5.59463e+27 -3.92196e+25
-3.08319e+27 -3.06172e+27 -2.1464e+25
-8.00498e+28 -7.94928e+28 -5.5708e+26
-8.81111e+28 -8.74977e+28 -6.13428e+26
-4.70884e+27 -4.67607e+27 -3.27726e+25
-1.49273e+28 -1.48234e+28 -1.03984e+26
-8.14245e+27 -8.08574e+27 -5.67096e+25
-1.11829e+28 -1.1105e+28 -7.78843e+25
-2.17773e+28 -2.16257e+28 -1.51569e+26
-6.98619e+27 -6.93751e+27 -4.86736e+25
-1.14839e+29 -2.0999e+28 -9.38401e+28
-6.46645e+31 -1.0195e+28 -6.46543e+31
-1.41332e+31 -1.36417e+30 -1.2769e+31
-3.23454e+36 -5.64822e+30 -3.23453e+36
-2.72035e+28 -2.7014e+28 -1.89479e+26
-6.30832e+27 -6.26441e+27 -4.39116e+25
-nan inf -inf
-1.11189e+30 -1.10414e+30 -7.74481e+27
inf -2.45662e+28 inf
-1.62104e+29 -1.60975e+29 -1.12813e+27
-2.15804e+29 -2.14301e+29 -1.50345e+27
-8.06939e+28 -8.01259e+28 -5.68035e+26
-1.38487e+28 -1.03257e+28 -3.52299e+27
-6.14938e+28 -6.10658e+28 -4.27979e+26
-7.43396e+27 -7.38222e+27 -5.17396e+25
-3.94907e+28 -3.92155e+28 -2.75178e+26
-4.32032e+29 -4.29021e+29 -3.01075e+27
-6.32395e+31 -3.36664e+28 -6.32059e+31
-2.55131e+31 -3.57276e+27 -2.55095e+31
-nan inf -inf
-2.10879e+28 -2.0941e+28 -1.46893e+26
-2.67009e+28 -2.65149e+28 -1.85999e+26
-3.07331e+29 -3.0519e+29 -2.14118e+27
-5.50482e+27 -5.46648e+27 -3.83382e+25
-2.35778e+27 -2.34137e+27 -1.64096e+25
-7.90137e+27 -7.84635e+27 -5.50188e+25
-2.11595e+29 -2.10122e+29 -1.47297e+27
-6.40526e+28 -6.36064e+28 -4.46155e+26
-7.32079e+27 -7.26978e+27 -5.1009e+25
-1.51402e+29 -1.50348e+29 -1.05371e+27
-6.43032e+27 -6.38554e+27 -4.47824e+25
-9.37561e+27 -9.3103e+27 -6.53129e+25
-1.25189e+28 -1.24317e+28 -8.71406e+25
-2.84003e+28 -2.81627e+28 -2.37605e+26
-3.51835e+30 -3.49383e+30 -2.45163e+28
-2.4239e+27 -2.40703e+27 -1.6874e+25
-5.66847e+27 -5.62899e+27 -3.94741e+25
-1.87359e+28 -1.86054e+28 -1.30473e+26
-2.35561e+30 -2.33921e+30 -1.64053e+28
-5.408e+28 -5.37032e+28 -3.76853e+26
-1.32834e+29 -1.31908e+29 -9.25694e+26
-9.60552e+28 -9.53862e+28 -6.68969e+26
-1.28094e+28 -1.27203e+28 -8.91546e+25
-6.7863e+29 -6.73906e+29 -4.72392e+27
-3.05432e+28 -3.03297e+28 -2.13571e+26
-5.32713e+30 -7.54277e+28 -5.2517e+30
-9.17373e+29 -1.65904e+28 -9.00783e+29
-4.08677e+28 -4.05815e+28 -2.86121e+26
-1.35447e+29 -1.34184e+29 -1.26342e+27
-1.06985e+29 -1.05539e+29 -1.44605e+27
-1.38663e+29 -1.33965e+29 -4.69752e+27
-nan inf -inf
-1.71669e+28 -1.70473e+28 -1.19541e+26
-6.70296e+28 -6.65625e+28 -4.67043e+26
-4.55118e+27 -4.51949e+27 -3.16926e+25
-1.05076e+28 -1.04344e+28 -7.31734e+25
-4.88547e+28 -4.85144e+28 -3.40236e+26
-nan inf -inf
-3.55548e+28 -3.5307e+28 -2.4773e+26
-3.25365e+28 -3.231e+28 -2.26536e+26
-2.70011e+29 -2.68131e+29 -1.88057e+27
-1.24936e+28 -1.24065e+28 -8.71502e+25
-2.70229e+29 -2.68348e+29 -1.88069e+27
-3.94057e+28 -3.91313e+28 -2.74419e+26
-1.69214e+28 -1.68036e+28 -1.17806e+26
-6.24579e+28 -6.20228e+28 -4.35163e+26
-4.75073e+28 -4.71762e+28 -3.31174e+26
-4.44649e+28 -4.41554e+28 -3.09526e+26
inf -4.52864e+27 inf
-1.86441e+28 -1.85142e+28 -1.29905e+26
-nan inf -inf
-1.31777e+29 -1.30859e+29 -9.18226e+26
-3.24203e+28 -3.21947e+28 -2.25635e+26
-1.79554e+28 -1.78303e+28 -1.25067e+26
-1.7578e+29 -1.74557e+29 -1.2234e+27
-2.70953e+27 -2.69066e+27 -1.88714e+25
inf -3.51174e+29 inf
inf -2.42089e+29 inf
-2.18096e+29 -2.16578e+29 -1.51798e+27
-8.21e+28 -8.15267e+28 -5.73324e+26
-2.1624e+28 -1.75919e+28 -4.03215e+27
-4.92163e+30 -4.88737e+30 -3.42632e+28
-6.3016e+29 -6.25769e+29 -4.39127e+27
-7.66447e+27 -7.61108e+27 -5.33906e+25
-1.30331e+28 -1.29424e+28 -9.07843e+25
-7.43517e+29 -7.38337e+29 -5.18088e+27
-1.16605e+28 -1.15793e+28 -8.11991e+25
-6.9939e+28 -6.94522e+28 -4.86845e+26
-7.77991e+28 -7.72573e+28 -5.41806e+26
-6.1572e+30 -1.68665e+28 -6.14033e+30
-2.76103e+32 -1.08413e+28 -2.76092e+32
-1.8605e+29 -1.84754e+29 -1.29635e+27
-4.11155e+28 -4.08293e+28 -2.86204e+26
-1.33358e+30 -1.32429e+30 -9.29228e+27
-3.08131e+29 -3.05984e+29 -2.14684e+27
-2.785e+28 -2.76561e+28 -1.9383e+26
-1.23693e+28 -1.22831e+28 -8.61751e+25
-1.9042e+28 -1.89094e+28 -1.32623e+26
-6.72776e+28 -6.68091e+28 -4.68494e+26
-6.30326e+27 -6.25936e+27 -4.38964e+25
inf -3.66294e+28 inf
-4.58801e+27 -4.55557e+27 -3.24406e+25
inf -3.44063e+28 inf
-2.17338e+29 -2.15823e+29 -1.5144e+27
-4.33623e+28 -4.30605e+28 -3.01819e+26
-8.68713e+28 -8.6266e+28 -6.05287e+26
-2.19166e+28 -2.1764e+28 -1.52568e+26
-9.27942e+28 -9.21479e+28 -6.46267e+26
-9.46908e+28 -9.40315e+28 -6.59236e+26
-1.64013e+28 -1.62871e+28 -1.14275e+26
-4.78948e+29 -4.75615e+29 -3.33334e+27
-2.83326e+28 -2.81352e+28 -1.97392e+26
-1.01526e+28 -1.00819e+28 -7.06852e+25
-4.58469e+28 -4.55277e+28 -3.19243e+26
-5.6892e+27 -5.64957e+27 -3.96227e+25
-2.92224e+32 -2.07475e+31 -2.71477e+32
-1.43325e+34 -3.77518e+27 -1.43325e+34
-2.76265e+28 -2.74342e+28 -1.92368e+26
-9.76016e+28 -9.6922e+28 -6.79554e+26
-8.07099e+27 -8.01475e+27 -5.62345e+25
-5.15205e+28 -5.11615e+28 -3.58932e+26
-4.15429e+28 -4.12535e+28 -2.89413e+26
-7.19105e+28 -7.14098e+28 -5.00773e+26
-7.04788e+28 -6.99878e+28 -4.90986e+26
-7.66519e+28 -7.61177e+28 -5.34146e+26
-2.23004e+28 -2.21451e+28 -1.55364e+26
-3.70176e+28 -3.67598e+28 -2.57783e+26
-9.8749e+27 -9.80613e+27 -6.87712e+25
-9.38766e+27 -9.32227e+27 -6.53889e+25
-9.23981e+27 -9.17549e+27 -6.4318e+25
-1.54713e+27 -1.53635e+27 -1.07748e+25
-4.55884e+28 -4.52711e+28 -3.17344e+26
-1.46577e+28 -1.45556e+28 -1.02099e+26
-1.97503e+30 -1.96127e+30 -1.37614e+28
-7.14916e+28 -7.09935e+28 -4.98162e+26
inf -2.50638e+28 inf
inf -3.47661e+27 inf
-4.03143e+28 -4.00335e+28 -2.80808e+26
inf -1.26834e+28 inf
inf -1.88818e+30 inf
inf -1.07115e+28 inf
-3.75998e+27 -3.73379e+27 -2.61857e+25
-9.56623e+27 -9.49961e+27 -6.66179e+25
-4.58777e+28 -4.55583e+28 -3.1938e+26
-1.55131e+29 -1.54051e+29 -1.07994e+27
-9.71521e+27 -9.64755e+27 -6.76574e+25
-8.87998e+28 -8.81812e+28 -6.18602e+26
-2.08692e+27 -2.07238e+27 -1.45367e+25
-2.7627e+28 -2.74293e+28 -1.97637e+26
-5.96414e+27 -5.87194e+27 -9.21942e+25
-3.38683e+28 -3.13667e+28 -2.50161e+27
-2.35496e+28 -1.57765e+28 -7.77318e+27
-1.24816e+28 -1.23948e+28 -8.68835e+25
-1.20168e+29 -1.1933e+29 -8.37322e+26
-2.65655e+28 -2.63805e+28 -1.85018e+26
-1.80841e+33 -1.79582e+33 -1.25855e+31
-1.81771e+28 -1.80505e+28 -1.26552e+26
-7.49114e+27 -7.43897e+27 -5.21628e+25
-1.44093e+28 -1.4309e+28 -1.00331e+26
-nan inf -inf
-6.65278e+27 -6.60643e+27 -4.63495e+25
-8.69643e+28 -8.63582e+28 -6.0604e+26
-3.24859e+27 -3.22596e+27 -2.26298e+25
-3.28431e+28 -3.26143e+28 -2.28733e+26
-1.18505e+29 -1.1768e+29 -8.24622e+26
-2.99578e+30 -2.97491e+30 -2.0867e+28
-1.20019e+28 -1.19183e+28 -8.36102e+25
-4.73584e+28 -4.70284e+28 -3.29964e+26
-8.61781e+28 -8.55781e+28 -6.00036e+26
-1.32433e+29 -1.31511e+29 -9.22659e+26
-1.2424e+29 -1.23375e+29 -8.65634e+26
-8.30069e+28 -8.24235e+28 -5.83387e+26
-7.36821e+27 -6.92953e+27 -4.38687e+26
inf -3.75779e+29 inf
-1.28932e+28 -1.28033e+28 -8.98481e+25
-9.61963e+29 -9.55261e+29 -6.70119e+27
-1.97687e+27 -1.96311e+27 -1.3764e+25
-4.42057e+28 -4.38977e+28 -3.07969e+26
-1.55171e+30 -1.5409e+30 -1.0812e+28
-1.85362e+28 -1.8407e+28 -1.2914e+26
-5.16785e+31 -5.13186e+31 -3.59875e+29
-2.2689e+28 -2.23703e+28 -3.18712e+26
-1.61943e+30 -1.54192e+29 -1.46523e+30
-3.40514e+28 -2.53979e+28 -8.65348e+27
-3.13613e+30 -1.4826e+30 -1.65353e+30
-1.56647e+29 -5.76808e+27 -1.50879e+29
-6.24665e+28 -6.20311e+28 -4.35433e+26
-5.28282e+29 -5.24601e+29 -3.6803e+27
-3.33827e+28 -3.31503e+28 -2.3239e+26
-2.00696e+28 -1.99298e+28 -1.39774e+26
-5.51314e+28 -5.47473e+28 -3.84107e+26
-3.01646e+29 -2.99544e+29 -2.10235e+27
-1.83556e+28 -1.71628e+28 -1.19282e+27
-7.31831e+27 -7.26734e+27 -5.09728e+25
-2.63502e+29 -2.61666e+29 -1.83609e+27
-2.05827e+29 -2.04393e+29 -1.43408e+27
-2.635e+28 -2.61665e+28 -1.83582e+26
-1.86282e+28 -1.84985e+28 -1.29714e+26
inf -1.93818e+28 inf
-6.36035e+28 -6.31606e+28 -4.42865e+26
-1.01181e+29 -1.00476e+29 -7.04173e+26
-2.3555e+29 -2.33908e+29 -1.64155e+27
-5.10392e+28 -3.56414e+28 -1.53978e+28
-2.53889e+29 -1.8681e+29 -6.70788e+28
-3.29074e+28 -2.77062e+28 -5.20126e+27
-4.16962e+28 -6.38548e+27 -3.53107e+28
-6.47807e+28 -6.43298e+28 -4.50815e+26
-3.25829e+28 -3.23561e+28 -2.26818e+26
-1.70286e+27 -1.691e+27 -1.18556e+25
-3.7496e+29 -3.72349e+29 -2.61188e+27
-3.19673e+27 -3.17446e+27 -2.22643e+25
-1.17944e+29 -1.17123e+29 -8.21808e+26
-1.13703e+29 -1.12877e+29 -8.25923e+26
-7.53616e+30 -3.70672e+30 -3.82944e+30
inf -2.8503e+29 inf
-1.37166e+31 -5.87628e+27 -1.37107e+31
-4.25744e+28 -4.22778e+28 -2.96581e+26
-3.97864e+27 -3.95094e+27 -2.77031e+25
-1.01165e+29 -1.0046e+29 -7.04662e+26
inf -4.69883e+28 inf
-2.93724e+28 -2.9168e+28 -2.04465e+26
-9.85288e+27 -9.78423e+27 -6.86443e+25
-8.83705e+28 -8.77551e+28 -6.15372e+26
-2.45546e+28 -2.43837e+28 -1.70872e+26
-1.10675e+29 -1.09042e+29 -1.63312e+27
-3.71864e+28 -3.69273e+28 -2.5909e+26
-6.44545e+29 -6.40055e+29 -4.49021e+27
-8.90039e+27 -8.80558e+27 -9.48109e+25
-1.18157e+28 -9.85701e+27 -1.95868e+27
-6.04117e+28 -5.99912e+28 -4.2052e+26
-3.1719e+28 -3.14981e+28 -2.20889e+26
-6.65572e+27 -6.6094e+27 -4.63257e+25
-4.06391e+29 -4.03561e+29 -2.83012e+27
-3.08112e+30 -3.05965e+30 -2.14741e+28
-5.27933e+27 -5.24255e+27 -3.67787e+25
-1.91626e+28 -1.90292e+28 -1.33421e+26
-7.1742e+27 -7.12421e+27 -4.99891e+25
-1.82942e+29 -1.81669e+29 -1.27355e+27
-7.17481e+27 -7.12488e+27 -4.99329e+25
-2.95708e+28 -2.40035e+28 -5.56727e+27
-2.47062e+28 -2.44714e+28 -2.34836e+26
-1.05296e+29 -8.3013e+28 -2.22831e+28
-2.60825e+31 -1.88945e+29 -2.58936e+31
-2.09168e+32 -4.64767e+28 -2.09121e+32
-1.01017e+28 -1.00313e+28 -7.036e+25
-4.0894e+29 -4.06092e+29 -2.84799e+27
-1.11758e+30 -1.10979e+30 -7.78613e+27
-6.59981e+30 -6.55383e+30 -4.59822e+28
-2.31695e+28 -2.30082e+28 -1.61381e+26
-5.82488e+27 -5.78433e+27 -4.05532e+25
-8.98489e+27 -8.92233e+27 -6.25648e+25
-7.35216e+28 -7.30098e+28 -5.11778e+26
-1.37645e+28 -1.36675e+28 -9.69946e+25
-7.47101e+28 -7.41823e+28 -5.27781e+26
-4.85134e+31 -5.00351e+27 -4.85084e+31
-9.33934e+27 -8.5042e+27 -8.35137e+26
-1.9904e+30 -4.23195e+28 -1.94808e+30
-1.035e+38 -1.19753e+29 -1.035e+38
-4.00559e+37 -6.82934e+28 -4.00559e+37
-6.36603e+27 -6.32167e+27 -4.43561e+25
-1.26744e+29 -1.25861e+29 -8.83001e+26
-4.03604e+27 -4.00788e+27 -2.81527e+25
-9.73872e+28 -9.67087e+28 -6.78546e+26
inf -2.24367e+29 inf
-1.06514e+29 -1.05698e+29 -8.15257e+26
-2.74903e+30 -2.72987e+30 -1.91553e+28
-5.16047e+27 -5.12454e+27 -3.59283e+25
-8.53766e+27 -8.47819e+27 -5.9475e+25
-1.42969e+28 -1.41973e+28 -9.95931e+25
-2.70286e+28 -2.67982e+28 -2.30352e+26
-1.15541e+34 -4.10795e+27 -1.15541e+34
-4.64405e+27 -4.61172e+27 -3.23304e+25
-4.58591e+27 -4.55399e+27 -3.19186e+25
-1.08669e+28 -1.07913e+28 -7.56227e+25
-1.32253e+28 -1.31332e+28 -9.20643e+25
inf -4.9986e+30 inf
inf -3.79427e+27 inf
inf -7.35862e+28 inf
-6.71913e+27 -5.95387e+27 -7.65258e+26
-2.97894e+28 -2.9582e+28 -2.0746e+26
-9.45531e+27 -9.38946e+27 -6.58468e+25
-2.97246e+27 -2.95175e+27 -2.07057e+25
-8.18065e+28 -8.12368e+28 -5.69631e+26
-8.46825e+27 -8.40928e+27 -5.89707e+25
-2.14293e+28 -2.12801e+28 -1.49255e+26
-2.57664e+28 -2.5587e+28 -1.79313e+26
-1.21042e+29 -1.20199e+29 -8.43256e+26
-2.10217e+29 -2.08753e+29 -1.46355e+27
-2.11148e+28 -2.09677e+28 -1.47055e+26
-1.7104e+31 -1.69849e+31 -1.1915e+29
-5.46697e+27 -5.42859e+27 -3.83816e+25
-1.86619e+28 -1.85319e+28 -1.30001e+26
-3.16686e+27 -3.1448e+27 -2.20584e+25
-5.51191e+27 -5.47349e+27 -3.84117e+25
-5.58873e+28 -5.54983e+28 -3.89013e+26
-4.06757e+28 -4.03923e+28 -2.83462e+26
-1.40289e+29 -1.39312e+29 -9.77486e+26
-8.34853e+28 -8.29038e+28 -5.81545e+26
-2.24718e+30 -2.23153e+30 -1.56447e+28
-1.33142e+29 -1.32214e+29 -9.27525e+26
-3.59102e+28 -7.20877e+27 -2.87015e+28
-4.43101e+30 -3.388e+28 -4.39713e+30
-1.12861e+30 -1.12074e+30 -7.86368e+27
-5.28723e+28 -5.25042e+28 -3.68072e+26
-1.12505e+29 -1.11722e+29 -7.83556e+26
-2.61764e+30 -2.59941e+30 -1.82328e+28
-2.88644e+28 -2.86635e+28 -2.009e+26
-7.91585e+27 -7.82312e+27 -9.2731e+25
-1.63842e+28 -1.627e+28 -1.1414e+26
-1.12795e+28 -1.10568e+28 -2.22765e+26
-2.40265e+28 -2.38593e+28 -1.67229e+26
-2.31188e+28 -2.29579e+28 -1.60933e+26
-6.67359e+28 -6.62709e+28 -4.65022e+26
-1.74459e+29 -1.73244e+29 -1.21502e+27
-nan inf -inf
-3.55016e+28 -3.52544e+28 -2.4719e+26
-nan inf -inf
-4.38627e+31 -4.35575e+31 -3.05239e+29
-2.44578e+28 -2.42875e+28 -1.70325e+26
-8.70576e+29 -8.6451e+29 -6.06617e+27
-5.52831e+27 -5.48981e+27 -3.84997e+25
-1.71726e+28 -1.7053e+28 -1.19567e+26
-5.42316e+29 -5.38538e+29 -3.77872e+27
-1.59432e+28 -1.58322e+28 -1.11024e+26
-5.33925e+28 -5.30205e+28 -3.72042e+26
-3.96092e+28 -3.93332e+28 -2.75958e+26
-3.69828e+27 -3.67254e+27 -2.57444e+25
-1.51196e+29 -1.50142e+29 -1.05339e+27
-3.07656e+28 -3.05514e+28 -2.14181e+26
-2.93828e+27 -2.91782e+27 -2.04598e+25
-5.10541e+30 -5.06988e+30 -3.55289e+28
-7.43405e+27 -7.38211e+27 -5.19413e+25
-5.01003e+28 -4.97479e+28 -3.52414e+26
-5.50349e+29 -2.15488e+29 -3.3486e+29
-8.28578e+28 -1.23217e+28 -7.05361e+28
-3.36928e+32 -1.05944e+29 -3.36823e+32
-3.95154e+29 -1.90035e+29 -2.05118e+29
-4.69461e+27 -4.6619e+27 -3.27091e+25
-4.44075e+27 -4.40981e+27 -3.09349e+25
-8.40621e+27 -8.3477e+27 -5.8515e+25
-4.68955e+27 -4.6569e+27 -3.26527e+25
-1.05514e+29 -1.04779e+29 -7.35068e+26
-1.58168e+29 -1.57066e+29 -1.10209e+27
-2.60246e+29 -2.58433e+29 -1.81314e+27
-3.51468e+29 -3.49019e+29 -2.44901e+27
-2.49036e+28 -2.47303e+28 -1.73364e+26
-1.30762e+28 -1.29852e+28 -9.1054e+25
-1.93741e+28 -1.92392e+28 -1.34837e+26
-1.87285e+29 -1.8598e+29 -1.30491e+27
-9.27105e+29 -9.20645e+29 -6.46011e+27
inf -1.12523e+29 inf
-5.16606e+29 -5.13006e+29 -3.59999e+27
-1.01622e+29 -1.00915e+29 -7.0729e+26
-1.69852e+27 -1.68669e+27 -1.1824e+25
-1.53123e+29 -1.52056e+29 -1.06697e+27
-3.91048e+27 -3.88325e+27 -2.72273e+25
-1.60679e+28 -1.5956e+28 -1.11916e+26
-5.50722e+28 -5.46885e+28 -3.83693e+26
-5.74504e+27 -5.70501e+27 -4.00282e+25
-1.099e+28 -1.09135e+28 -7.65618e+25
-4.8515e+28 -4.77092e+28 -8.05854e+26
-4.52941e+27 -4.49786e+27 -3.15513e+25
-3.16545e+31 -3.14339e+31 -2.20569e+29
-7.26059e+30 -7.20973e+30 -5.0861e+28
-1.76115e+29 -1.16651e+29 -5.94643e+28
-8.7709e+37 -8.44629e+27 -8.7709e+37
-1.12735e+28 -1.1195e+28 -7.85259e+25
-7.55953e+28 -7.50687e+28 -5.266e+26
-5.61733e+28 -5.57819e+28 -3.91428e+26
-1.22191e+29 -1.21339e+29 -8.51432e+26
-1.83365e+29 -1.82087e+29 -1.27774e+27
-6.92235e+30 -4.61741e+28 -6.87618e+30
-7.82168e+32 -6.99921e+27 -7.82161e+32
-1.87417e+28 -1.86111e+28 -1.30565e+26
-9.39674e+28 -9.33127e+28 -6.5472e+26
-nan inf -inf
-1.2685e+28 -1.25967e+28 -8.83024e+25
-4.17668e+27 -4.14759e+27 -2.90907e+25
-1.14613e+28 -1.13815e+28 -7.98426e+25
-1.60873e+29 -1.59753e+29 -1.11967e+27
-6.71251e+28 -6.66572e+28 -4.67856e+26
-1.85701e+27 -1.84407e+27 -1.2939e+25
-7.07915e+29 -7.02983e+29 -4.93275e+27
-6.37903e+30 -6.33464e+30 -4.43979e+28
-1.08596e+29 -1.0784e+29 -7.56062e+26
inf -3.90299e+27 inf
-1.03015e+28 -1.02298e+28 -7.17156e+25
-1.87753e+28 -1.86445e+28 -1.3071e+26
-8.06698e+28 -8.01076e+28 -5.6218e+26
-1.15677e+29 -1.14871e+29 -8.05815e+26
-3.24336e+27 -3.22075e+27 -2.26097e+25
-1.14928e+31 -1.14128e+31 -7.99918e+28
-8.40642e+28 -8.34786e+28 -5.85688e+26
-4.20937e+28 -4.10346e+28 -1.05911e+27
-1.08849e+30 -1.51529e+28 -1.07333e+30
-1.92448e+28 -1.91108e+28 -1.34029e+26
-4.10665e+29 -4.07807e+29 -2.85805e+27
-4.51935e+30 -4.48789e+30 -3.14626e+28
-1.13181e+28 -1.12393e+28 -7.88009e+25
-1.52037e+28 -1.50979e+28 -1.0583e+26
-3.47352e+28 -3.44932e+28 -2.42006e+26
-1.10578e+29 -1.09807e+29 -7.70481e+26
-1.00111e+27 -9.9414e+26 -6.97415e+24
-1.21529e+31 -3.82265e+30 -8.33022e+30
-6.83323e+27 -6.78564e+27 -4.75914e+25
-8.24342e+27 -8.18605e+27 -5.73743e+25
-2.09155e+29 -2.07698e+29 -1.45742e+27
-1.42972e+27 -1.41977e+27 -9.95195e+24
-7.72473e+28 -7.67096e+28 -5.37752e+26
-7.969e+28 -7.91354e+28 -5.5456e+26
-5.97098e+30 -5.92933e+30 -4.16445e+28
-1.92004e+28 -1.9064e+28 -1.3642e+26
-1.48211e+29 -1.47166e+29 -1.04521e+27
-3.92797e+28 -5.15182e+27 -3.41278e+28
-4.19095e+31 -3.81343e+28 -4.18714e+31
-9.80477e+31 -9.73645e+31 -6.83197e+29
-4.13129e+29 -4.10254e+29 -2.87545e+27
-4.93189e+27 -4.89752e+27 -3.43638e+25
-1.91369e+28 -1.90037e+28 -1.33229e+26
-4.28431e+27 -4.25446e+27 -2.98431e+25
-7.00507e+28 -6.95632e+28 -4.87541e+26
-9.92901e+27 -9.85991e+27 -6.91009e+25
-1.64058e+28 -1.62915e+28 -1.14299e+26
-1.65654e+29 -1.64499e+29 -1.15412e+27
-4.00853e+35 -6.8227e+28 -4.00853e+35
-1.54816e+27 -1.53737e+27 -1.07875e+25
-4.86593e+28 -4.83202e+28 -3.3908e+26
-4.15483e+29 -4.12588e+29 -2.89514e+27
-1.11032e+29 -6.89679e+28 -4.20642e+28
-1.01827e+29 -5.45747e+28 -4.72525e+28
-5.73738e+28 -5.6974e+28 -3.99739e+26
-2.5576e+28 -2.53979e+28 -1.78171e+26
-1.43835e+29 -1.42832e+29 -1.00216e+27
-2.71402e+28 -2.69511e+28 -1.89093e+26
-1.45321e+34 -1.92741e+28 -1.45321e+34
-5.49976e+28 -5.46145e+28 -3.83088e+26
-1.00035e+30 -9.93381e+29 -6.96798e+27
-7.11725e+28 -7.06766e+28 -4.95891e+26
-2.61823e+28 -2.59999e+28 -1.82413e+26
-2.5311e+29 -2.51346e+29 -1.76388e+27
-6.89216e+28 -6.84419e+28 -4.79729e+26
-5.5393e+28 -5.50074e+28 -3.856e+26
-4.18291e+28 -4.15377e+28 -2.91379e+26
-4.29394e+27 -4.26403e+27 -2.99092e+25
-1.97577e+29 -1.962e+29 -1.37651e+27
-1.26835e+28 -1.25952e+28 -8.83015e+25
-1.31453e+28 -1.30538e+28 -9.15232e+25
-7.12409e+29 -7.07448e+29 -4.96097e+27
-4.29473e+29 -4.26482e+29 -2.99183e+27
-5.98701e+27 -5.94529e+27 -4.17126e+25
-6.2313e+27 -6.18791e+27 -4.33924e+25
-3.59845e+29 -3.5734e+29 -2.50468e+27
-2.09851e+29 -2.08388e+29 -1.46229e+27
-4.74115e+28 -4.70812e+28 -3.30376e+26
-nan inf -inf
-2.7607e+28 -2.74146e+28 -1.92347e+26
-1.13655e+28 -1.12863e+28 -7.91939e+25
-1.14257e+28 -1.13462e+28 -7.95345e+25
-3.36057e+29 -1.60911e+29 -1.75146e+29
-1.39763e+28 -1.3879e+28 -9.72721e+25
-1.56962e+31 -1.55868e+31 -1.09374e+29
-1.49393e+28 -1.48353e+28 -1.03987e+26
-8.66802e+27 -8.60768e+27 -6.0342e+25
-1.72072e+27 -1.70873e+27 -1.19889e+25
-4.64532e+28 -4.61298e+28 -3.23435e+26
-2.43805e+28 -2.42107e+28 -1.69729e+26
-5.72568e+27 -5.68582e+27 -3.98687e+25
-1.29404e+29 -1.26871e+29 -2.53288e+27
-2.00506e+30 -1.41205e+28 -1.99094e+30
-6.75656e+35 -1.1709e+28 -6.75656e+35
-3.24752e+30 -3.2249e+30 -2.26208e+28
-3.7995e+27 -3.77304e+27 -2.64574e+25
-3.52802e+28 -3.50345e+28 -2.45607e+26
-1.14365e+28 -1.13569e+28 -7.96661e+25
-1.84638e+29 -1.83352e+29 -1.2866e+27
-1.42683e+29 -1.41689e+29 -9.94139e+26
-2.12499e+27 -2.11019e+27 -1.47984e+25
-1.14351e+28 -1.13555e+28 -7.96119e+25
-2.3024e+28 -2.28637e+28 -1.60253e+26
-6.28011e+28 -6.23228e+28 -4.7829e+26
-2.92118e+27 -2.90033e+27 -2.08431e+25
-1.94921e+28 -7.1462e+27 -1.23459e+28
-2.52344e+29 -2.50586e+29 -1.75821e+27
-6.78134e+28 -6.73413e+28 -4.72127e+26
-1.83144e+28 -1.81868e+28 -1.27615e+26
-1.77798e+28 -1.7656e+28 -1.23849e+26
-1.91523e+28 -1.90189e+28 -1.33409e+26
-7.40633e+29 -7.35472e+29 -5.16079e+27
-3.77952e+28 -3.75319e+28 -2.63311e+26
-5.95647e+29 -9.57953e+28 -4.99852e+29
-5.38357e+27 -5.34608e+27 -3.74897e+25
-3.772e+28 -3.74564e+28 -2.63551e+26
-3.52371e+29 -3.49917e+29 -2.45475e+27
-1.86746e+28 -1.85446e+28 -1.29997e+26
-9.07429e+29 -9.01113e+29 -6.3154e+27
-8.12803e+29 -8.07145e+29 -5.65849e+27
-7.15024e+27 -7.10045e+27 -4.97862e+25
-1.05368e+31 -1.04634e+31 -7.34202e+28
-2.43014e+28 -2.41322e+28 -1.69167e+26
-3.9002e+30 -3.87302e+30 -2.71742e+28
-2.67614e+28 -2.65748e+28 -1.8661e+26
-3.0722e+31 -3.05082e+31 -2.13843e+29
-2.4519e+29 -2.43482e+29 -1.70731e+27
-1.07507e+28 -1.06758e+28 -7.48913e+25
-1.44125e+29 -1.43121e+29 -1.00344e+27
-1.12137e+28 -1.11356e+28 -7.81125e+25
-2.07159e+29 -2.05716e+29 -1.44338e+27
-6.33021e+28 -6.28612e+28 -4.40914e+26
-2.92694e+28 -2.90657e+28 -2.03709e+26
-4.28359e+27 -4.25375e+27 -2.98356e+25
-9.36608e+27 -9.30083e+27 -6.52546e+25
-nan inf -inf
