999
15
1
14
Pedi
windDirMin
windDirMax
solarMax
soilMoistMax
soilMoistMin
soilTempMin
tempMin
tempMax
soilTempMax
rainMax
dewMax
windSpdMax
windGustMax
dewMin
0
634
160.8268 0 0 360 745 28.9 18.4 5.11 0.44 31.5 21.22 3.048 14.28 5.81 10.73 -6.33
175.1692 0 0 360 745 28.9 18.4 5.11 0.44 31.5 21.22 3.048 14.28 5.81 10.73 -6.33
169.2724 1 0 360 745 28.9 18.4 5.11 0.44 31.5 21.22 3.048 14.28 5.81 10.73 -6.33
179.3311 1 0 360 745 28.9 18.4 5.11 0.44 31.5 21.22 3.048 14.28 5.81 10.73 -6.33
122.4805 2 0 360 745 28.9 18.4 5.11 0.44 31.5 21.22 3.048 14.28 5.81 10.73 -6.33
185.7406 3 0 360 745 28.9 18.4 5.11 0.44 31.5 21.22 3.048 14.28 5.81 10.73 -6.33
136.8725 4 0 360 745 28.9 18.4 5.11 0.44 31.5 21.22 3.048 14.28 5.81 10.73 -6.33
133.2998 5 0 360 745 28.9 18.4 5.11 0.44 31.5 21.22 3.048 14.28 5.81 10.73 -6.33
141.3407 6 0 360 745 28.9 18.4 5.11 0.44 31.5 21.22 3.048 14.28 5.81 10.73 -6.33
150.9436 7 0 360 745 28.9 18.4 5.11 0.44 31.5 21.22 3.048 14.28 5.81 10.73 -6.33
135.4308 8 0 360 745 28.9 18.4 5.11 0.44 31.5 21.22 3.048 14.28 5.81 10.73 -6.33
149.0721 9 0 360 745 28.9 18.4 5.11 0.44 31.5 21.22 3.048 14.28 5.81 10.73 -6.33
153.8334 10 0 360 745 28.9 18.4 5.11 0.44 31.5 21.22 3.048 14.28 5.81 10.73 -6.33
160.6391 11 0 360 745 28.9 18.4 5.11 0.44 31.5 21.22 3.048 14.28 5.81 10.73 -6.33
164.0153 12 0 360 745 28.9 18.4 5.11 0.44 31.5 21.22 3.048 14.28 5.81 10.73 -6.33
171.0374 13 0 360 745 28.9 18.4 5.11 0.44 31.5 21.22 3.048 14.28 5.81 10.73 -6.33
168.5686 14 0 360 745 28.9 18.4 5.11 0.44 31.5 21.22 3.048 14.28 5.81 10.73 -6.33
138.5218 15 0 360 745 28.9 18.4 5.11 0.44 31.5 21.22 3.048 14.28 5.81 10.73 -6.33
146.9088 16 0 360 745 28.9 18.4 5.11 0.44 31.5 21.22 3.048 14.28 5.81 10.73 -6.33
186.1719 17 0 360 745 28.9 18.4 5.11 0.44 31.5 21.22 3.048 14.28 5.81 10.73 -6.33
164.8528 20 0 360 745 28.9 18.4 5.11 0.44 31.5 21.22 3.048 14.28 5.81 10.73 -6.33
170.8594 21 0 360 745 28.9 18.4 5.11 0.44 31.5 21.22 3.048 14.28 5.81 10.73 -6.33
143.8119 23 0 360 745 28.9 18.4 5.11 0.44 31.5 21.22 3.048 14.28 5.81 10.73 -6.33
176.0926 24 0 360 745 28.9 18.4 5.11 0.44 31.5 21.22 3.048 14.28 5.81 10.73 -6.33
110.8994 25 0 360 745 28.9 18.4 5.11 0.44 31.5 21.22 3.048 14.28 5.81 10.73 -6.33
141.2237 25 0 360 745 28.9 18.4 5.11 0.44 31.5 21.22 3.048 14.28 5.81 10.73 -6.33
157.1715 26 0 360 745 28.9 18.4 5.11 0.44 31.5 21.22 3.048 14.28 5.81 10.73 -6.33
112.3726 27 0 360 745 28.9 18.4 5.11 0.44 31.5 21.22 3.048 14.28 5.81 10.73 -6.33
147.1836 27 0 360 745 28.9 18.4 5.11 0.44 31.5 21.22 3.048 14.28 5.81 10.73 -6.33
100.8394 28 0 360 745 28.9 18.4 5.11 0.44 31.5 21.22 3.048 14.28 5.81 10.73 -6.33
121.2925 28 0 360 745 28.9 18.4 5.11 0.44 31.5 21.22 3.048 14.28 5.81 10.73 -6.33
111.4168 29 0 360 745 28.9 18.4 5.11 0.44 31.5 21.22 3.048 14.28 5.81 10.73 -6.33
153.2764 29 0 360 745 28.9 18.4 5.11 0.44 31.5 21.22 3.048 14.28 5.81 10.73 -6.33
121.887 30 0 360 745 28.9 18.4 5.11 0.44 31.5 21.22 3.048 14.28 5.81 10.73 -6.33
155.2919 33 0 360 745 28.9 18.4 5.11 0.44 31.5 21.22 3.048 14.28 5.81 10.73 -6.33
149.8055 34 0 360 745 28.9 18.4 5.11 0.44 31.5 21.22 3.048 14.28 5.81 10.73 -6.33
152.3425 59 0 360 745 28.9 18.4 5.11 0.44 31.5 21.22 3.048 14.28 5.81 10.73 -6.33
150.7634 59 0 360 745 28.9 18.4 5.11 0.44 31.5 21.22 3.048 14.28 5.81 10.73 -6.33
180.3242 60 0 360 745 28.9 18.4 5.11 0.44 31.5 21.22 3.048 14.28 5.81 10.73 -6.33
168.3498 60 0 360 745 28.9 18.4 5.11 0.44 31.5 21.22 3.048 14.28 5.81 10.73 -6.33
163.2024 61 0 360 745 28.9 18.4 5.11 0.44 31.5 21.22 3.048 14.28 5.81 10.73 -6.33
186.6988 61 0 360 745 28.9 18.4 5.11 0.44 31.5 21.22 3.048 14.28 5.81 10.73 -6.33
168.8887 62 0 360 745 28.9 18.4 5.11 0.44 31.5 21.22 3.048 14.28 5.81 10.73 -6.33
190.2084 62 0 360 745 28.9 18.4 5.11 0.44 31.5 21.22 3.048 14.28 5.81 10.73 -6.33
156.6051 63 0 360 745 28.9 18.4 5.11 0.44 31.5 21.22 3.048 14.28 5.81 10.73 -6.33
178.9779 63 0 360 745 28.9 18.4 5.11 0.44 31.5 21.22 3.048 14.28 5.81 10.73 -6.33
163.5001 64 0 360 745 28.9 18.4 5.11 0.44 31.5 21.22 3.048 14.28 5.81 10.73 -6.33
212.9407 64 0 360 745 28.9 18.4 5.11 0.44 31.5 21.22 3.048 14.28 5.81 10.73 -6.33
173.9948 67 0 360 745 28.9 18.4 5.11 0.44 31.5 21.22 3.048 14.28 5.81 10.73 -6.33
170.8393 68 0 360 745 28.9 18.4 5.11 0.44 31.5 21.22 3.048 14.28 5.81 10.73 -6.33
168.8603 68 0 360 745 28.9 18.4 5.11 0.44 31.5 21.22 3.048 14.28 5.81 10.73 -6.33
113.5508 71 0 360 745 28.9 18.4 5.11 0.44 31.5 21.22 3.048 14.28 5.81 10.73 -6.33
128.8477 72 0 360 745 28.9 18.4 5.11 0.44 31.5 21.22 3.048 14.28 5.81 10.73 -6.33
139.7394 73 0 360 745 28.9 18.4 5.11 0.44 31.5 21.22 3.048 14.28 5.81 10.73 -6.33
153.7216 74 0 360 745 28.9 18.4 5.11 0.44 31.5 21.22 3.048 14.28 5.81 10.73 -6.33
128.5954 75 0 360 745 28.9 18.4 5.11 0.44 31.5 21.22 3.048 14.28 5.81 10.73 -6.33
125.7225 76 0 360 745 28.9 18.4 5.11 0.44 31.5 21.22 3.048 14.28 5.81 10.73 -6.33
101.9604 77 0 360 745 28.9 18.4 5.11 0.44 31.5 21.22 3.048 14.28 5.81 10.73 -6.33
137.7534 78 0 360 745 28.9 18.4 5.11 0.44 31.5 21.22 3.048 14.28 5.81 10.73 -6.33
107.1685 79 0 360 745 28.9 18.4 5.11 0.44 31.5 21.22 3.048 14.28 5.81 10.73 -6.33
125.4194 80 0 360 745 28.9 18.4 5.11 0.44 31.5 21.22 3.048 14.28 5.81 10.73 -6.33
132.9231 83 0 360 745 28.9 18.4 5.11 0.44 31.5 21.22 3.048 14.28 5.81 10.73 -6.33
120.9149 84 0 360 745 28.9 18.4 5.11 0.44 31.5 21.22 3.048 14.28 5.81 10.73 -6.33
139.0389 85 0 360 745 28.9 18.4 5.11 0.44 31.5 21.22 3.048 14.28 5.81 10.73 -6.33
153.0755 86 0 360 745 28.9 18.4 5.11 0.44 31.5 21.22 3.048 14.28 5.81 10.73 -6.33
142.5871 87 0 360 745 28.9 18.4 5.11 0.44 31.5 21.22 3.048 14.28 5.81 10.73 -6.33
106.2351 88 0 360 745 28.9 18.4 5.11 0.44 31.5 21.22 3.048 14.28 5.81 10.73 -6.33
133.5983 89 0 360 745 28.9 18.4 5.11 0.44 31.5 21.22 3.048 14.28 5.81 10.73 -6.33
152.7961 90 0 360 745 28.9 18.4 5.11 0.44 31.5 21.22 3.048 14.28 5.81 10.73 -6.33
148.3644 91 0 360 745 28.9 18.4 5.11 0.44 31.5 21.22 3.048 14.28 5.81 10.73 -6.33
154.6509 92 0 360 745 28.9 18.4 5.11 0.44 31.5 21.22 3.048 14.28 5.81 10.73 -6.33
160.6406 92 0 360 745 28.9 18.4 5.11 0.44 31.5 21.22 3.048 14.28 5.81 10.73 -6.33
131.9289 94 0 360 745 28.9 18.4 5.11 0.44 31.5 21.22 3.048 14.28 5.81 10.73 -6.33
121.2803 95 0 360 745 28.9 18.4 5.11 0.44 31.5 21.22 3.048 14.28 5.81 10.73 -6.33
116.2904 96 0 360 745 28.9 18.4 5.11 0.44 31.5 21.22 3.048 14.28 5.81 10.73 -6.33
159.083 97 0 360 745 28.9 18.4 5.11 0.44 31.5 21.22 3.048 14.28 5.81 10.73 -6.33
159.0582 98 0 360 745 28.9 18.4 5.11 0.44 31.5 21.22 3.048 14.28 5.81 10.73 -6.33
171.8376 98 0 360 745 28.9 18.4 5.11 0.44 31.5 21.22 3.048 14.28 5.81 10.73 -6.33
144.4357 99 0 360 745 28.9 18.4 5.11 0.44 31.5 21.22 3.048 14.28 5.81 10.73 -6.33
161.2095 100 0 360 745 28.9 18.4 5.11 0.44 31.5 21.22 3.048 14.28 5.81 10.73 -6.33
160.7599 100 0 360 745 28.9 18.4 5.11 0.44 31.5 21.22 3.048 14.28 5.81 10.73 -6.33
160.2944 102 0 360 745 28.9 18.4 5.11 0.44 31.5 21.22 3.048 14.28 5.81 10.73 -6.33
179.1856 103 0 360 745 28.9 18.4 5.11 0.44 31.5 21.22 3.048 14.28 5.81 10.73 -6.33
143.2874 104 0 360 745 28.9 18.4 5.11 0.44 31.5 21.22 3.048 14.28 5.81 10.73 -6.33
169.2959 105 0 360 745 28.9 18.4 5.11 0.44 31.5 21.22 3.048 14.28 5.81 10.73 -6.33
134.1301 105 0 360 745 28.9 18.4 5.11 0.44 31.5 21.22 3.048 14.28 5.81 10.73 -6.33
165.099 106 0 360 745 28.9 18.4 5.11 0.44 31.5 21.22 3.048 14.28 5.81 10.73 -6.33
139.2385 106 0 360 745 28.9 18.4 5.11 0.44 31.5 21.22 3.048 14.28 5.81 10.73 -6.33
152.9944 107 0 360 745 28.9 18.4 5.11 0.44 31.5 21.22 3.048 14.28 5.81 10.73 -6.33
150.1143 108 0 360 745 28.9 18.4 5.11 0.44 31.5 21.22 3.048 14.28 5.81 10.73 -6.33
151.8658 108 0 360 745 28.9 18.4 5.11 0.44 31.5 21.22 3.048 14.28 5.81 10.73 -6.33
139.9333 109 0 360 745 28.9 18.4 5.11 0.44 31.5 21.22 3.048 14.28 5.81 10.73 -6.33
163.2059 110 0 360 745 28.9 18.4 5.11 0.44 31.5 21.22 3.048 14.28 5.81 10.73 -6.33
143.1371 111 0 360 745 28.9 18.4 5.11 0.44 31.5 21.22 3.048 14.28 5.81 10.73 -6.33
142.3913 112 0 360 745 28.9 18.4 5.11 0.44 31.5 21.22 3.048 14.28 5.81 10.73 -6.33
170.7637 113 0 360 745 28.9 18.4 5.11 0.44 31.5 21.22 3.048 14.28 5.81 10.73 -6.33
102.1509 114 0 360 745 28.9 18.4 5.11 0.44 31.5 21.22 3.048 14.28 5.81 10.73 -6.33
144.3151 115 0 360 745 28.9 18.4 5.11 0.44 31.5 21.22 3.048 14.28 5.81 10.73 -6.33
147.1331 116 0 360 745 28.9 18.4 5.11 0.44 31.5 21.22 3.048 14.28 5.81 10.73 -6.33
162.5602 117 0 360 745 28.9 18.4 5.11 0.44 31.5 21.22 3.048 14.28 5.81 10.73 -6.33
136.4144 118 0 360 745 28.9 18.4 5.11 0.44 31.5 21.22 3.048 14.28 5.81 10.73 -6.33
166.4857 119 0 360 745 28.9 18.4 5.11 0.44 31.5 21.22 3.048 14.28 5.81 10.73 -6.33
161.9698 120 0 360 745 28.9 18.4 5.11 0.44 31.5 21.22 3.048 14.28 5.81 10.73 -6.33
138.1598 121 0 360 745 28.9 18.4 5.11 0.44 31.5 21.22 3.048 14.28 5.81 10.73 -6.33
165.2756 122 0 360 745 28.9 18.4 5.11 0.44 31.5 21.22 3.048 14.28 5.81 10.73 -6.33
177.0003 123 0 360 745 28.9 18.4 5.11 0.44 31.5 21.22 3.048 14.28 5.81 10.73 -6.33
166.3428 124 0 360 745 28.9 18.4 5.11 0.44 31.5 21.22 3.048 14.28 5.81 10.73 -6.33
138.361 125 0 360 745 28.9 18.4 5.11 0.44 31.5 21.22 3.048 14.28 5.81 10.73 -6.33
139.3411 125 0 360 745 28.9 18.4 5.11 0.44 31.5 21.22 3.048 14.28 5.81 10.73 -6.33
122.9885 127 0 360 745 28.9 18.4 5.11 0.44 31.5 21.22 3.048 14.28 5.81 10.73 -6.33
156.1203 128 0 360 745 28.9 18.4 5.11 0.44 31.5 21.22 3.048 14.28 5.81 10.73 -6.33
141.2197 129 0 360 745 28.9 18.4 5.11 0.44 31.5 21.22 3.048 14.28 5.81 10.73 -6.33
125.9818 130 0 360 745 28.9 18.4 5.11 0.44 31.5 21.22 3.048 14.28 5.81 10.73 -6.33
127.1853 130 0 360 745 28.9 18.4 5.11 0.44 31.5 21.22 3.048 14.28 5.81 10.73 -6.33
147.956 131 0 360 745 28.9 18.4 5.11 0.44 31.5 21.22 3.048 14.28 5.81 10.73 -6.33
146.777 132 0 360 745 28.9 18.4 5.11 0.44 31.5 21.22 3.048 14.28 5.81 10.73 -6.33
143.2162 133 0 360 745 28.9 18.4 5.11 0.44 31.5 21.22 3.048 14.28 5.81 10.73 -6.33
151.2634 134 0 360 745 28.9 18.4 5.11 0.44 31.5 21.22 3.048 14.28 5.81 10.73 -6.33
182.3843 135 0 360 745 28.9 18.4 5.11 0.44 31.5 21.22 3.048 14.28 5.81 10.73 -6.33
174.1693 136 0 360 745 28.9 18.4 5.11 0.44 31.5 21.22 3.048 14.28 5.81 10.73 -6.33
161.0675 137 0 360 745 28.9 18.4 5.11 0.44 31.5 21.22 3.048 14.28 5.81 10.73 -6.33
181.4165 138 0 360 745 28.9 18.4 5.11 0.44 31.5 21.22 3.048 14.28 5.81 10.73 -6.33
146.3501 139 0 360 745 28.9 18.4 5.11 0.44 31.5 21.22 3.048 14.28 5.81 10.73 -6.33
150.4753 140 0 360 745 28.9 18.4 5.11 0.44 31.5 21.22 3.048 14.28 5.81 10.73 -6.33
176.7178 141 0 360 745 28.9 18.4 5.11 0.44 31.5 21.22 3.048 14.28 5.81 10.73 -6.33
151.1537 144 0 360 745 28.9 18.4 5.11 0.44 31.5 21.22 3.048 14.28 5.81 10.73 -6.33
131.1094 145 0 360 745 28.9 18.4 5.11 0.44 31.5 21.22 3.048 14.28 5.81 10.73 -6.33
179.6143 153 0 360 745 28.9 18.4 5.11 0.44 31.5 21.22 3.048 14.28 5.81 10.73 -6.33
189.8094 153 0 360 745 28.9 18.4 5.11 0.44 31.5 21.22 3.048 14.28 5.81 10.73 -6.33
203.155 154 0 360 745 28.9 18.4 5.11 0.44 31.5 21.22 3.048 14.28 5.81 10.73 -6.33
214.8718 154 0 360 745 28.9 18.4 5.11 0.44 31.5 21.22 3.048 14.28 5.81 10.73 -6.33
210.7073 155 0 360 745 28.9 18.4 5.11 0.44 31.5 21.22 3.048 14.28 5.81 10.73 -6.33
222.35 155 0 360 745 28.9 18.4 5.11 0.44 31.5 21.22 3.048 14.28 5.81 10.73 -6.33
151.0892 156 0 360 745 28.9 18.4 5.11 0.44 31.5 21.22 3.048 14.28 5.81 10.73 -6.33
192.0455 157 0 360 745 28.9 18.4 5.11 0.44 31.5 21.22 3.048 14.28 5.81 10.73 -6.33
120.0887 158 0 360 745 28.9 18.4 5.11 0.44 31.5 21.22 3.048 14.28 5.81 10.73 -6.33
139.086 159 0 360 745 28.9 18.4 5.11 0.44 31.5 21.22 3.048 14.28 5.81 10.73 -6.33
169.7614 159 0 360 745 28.9 18.4 5.11 0.44 31.5 21.22 3.048 14.28 5.81 10.73 -6.33
140.2173 160 0 360 745 28.9 18.4 5.11 0.44 31.5 21.22 3.048 14.28 5.81 10.73 -6.33
151.5514 160 0 360 745 28.9 18.4 5.11 0.44 31.5 21.22 3.048 14.28 5.81 10.73 -6.33
148.6617 162 0 360 745 28.9 18.4 5.11 0.44 31.5 21.22 3.048 14.28 5.81 10.73 -6.33
156.7713 162 0 360 745 28.9 18.4 5.11 0.44 31.5 21.22 3.048 14.28 5.81 10.73 -6.33
155.1754 166 0 360 745 28.9 18.4 5.11 0.44 31.5 21.22 3.048 14.28 5.81 10.73 -6.33
148.3644 166 0 360 745 28.9 18.4 5.11 0.44 31.5 21.22 3.048 14.28 5.81 10.73 -6.33
198.1025 170 0 360 745 28.9 18.4 5.11 0.44 31.5 21.22 3.048 14.28 5.81 10.73 -6.33
182.3299 170 0 360 745 28.9 18.4 5.11 0.44 31.5 21.22 3.048 14.28 5.81 10.73 -6.33
181.7341 173 0 360 745 28.9 18.4 5.11 0.44 31.5 21.22 3.048 14.28 5.81 10.73 -6.33
173.8569 173 0 360 745 28.9 18.4 5.11 0.44 31.5 21.22 3.048 14.28 5.81 10.73 -6.33
250.4692 175 0 360 745 28.9 18.4 5.11 0.44 31.5 21.22 3.048 14.28 5.81 10.73 -6.33
177.6493 175 0 360 745 28.9 18.4 5.11 0.44 31.5 21.22 3.048 14.28 5.81 10.73 -6.33
146.4966 176 0 360 745 28.9 18.4 5.11 0.44 31.5 21.22 3.048 14.28 5.81 10.73 -6.33
171.0847 176 0 360 745 28.9 18.4 5.11 0.44 31.5 21.22 3.048 14.28 5.81 10.73 -6.33
130.3819 181 0 360 745 28.9 18.4 5.11 0.44 31.5 21.22 3.048 14.28 5.81 10.73 -6.33
184.7559 181 0 360 745 28.9 18.4 5.11 0.44 31.5 21.22 3.048 14.28 5.81 10.73 -6.33
156.0814 182 0 360 745 28.9 18.4 5.11 0.44 31.5 21.22 3.048 14.28 5.81 10.73 -6.33
165.7392 182 0 360 745 28.9 18.4 5.11 0.44 31.5 21.22 3.048 14.28 5.81 10.73 -6.33
229.8802 184 0 360 745 28.9 18.4 5.11 0.44 31.5 21.22 3.048 14.28 5.81 10.73 -6.33
205.7299 184 0 360 745 28.9 18.4 5.11 0.44 31.5 21.22 3.048 14.28 5.81 10.73 -6.33
148.8794 185 0 360 745 28.9 18.4 5.11 0.44 31.5 21.22 3.048 14.28 5.81 10.73 -6.33
149.203 186 0 360 745 28.9 18.4 5.11 0.44 31.5 21.22 3.048 14.28 5.81 10.73 -6.33
168.6557 186 0 360 745 28.9 18.4 5.11 0.44 31.5 21.22 3.048 14.28 5.81 10.73 -6.33
149.7714 187 0 360 745 28.9 18.4 5.11 0.44 31.5 21.22 3.048 14.28 5.81 10.73 -6.33
149.5253 188 0 360 745 28.9 18.4 5.11 0.44 31.5 21.22 3.048 14.28 5.81 10.73 -6.33
160.2715 190 0 360 745 28.9 18.4 5.11 0.44 31.5 21.22 3.048 14.28 5.81 10.73 -6.33
160.618 190 0 360 745 28.9 18.4 5.11 0.44 31.5 21.22 3.048 14.28 5.81 10.73 -6.33
141.2223 191 0 360 745 28.9 18.4 5.11 0.44 31.5 21.22 3.048 14.28 5.81 10.73 -6.33
173.41 191 0 360 745 28.9 18.4 5.11 0.44 31.5 21.22 3.048 14.28 5.81 10.73 -6.33
181.8494 192 0 360 745 28.9 18.4 5.11 0.44 31.5 21.22 3.048 14.28 5.81 10.73 -6.33
191.1538 192 0 360 745 28.9 18.4 5.11 0.44 31.5 21.22 3.048 14.28 5.81 10.73 -6.33
167.6527 193 0 360 745 28.9 18.4 5.11 0.44 31.5 21.22 3.048 14.28 5.81 10.73 -6.33
173.4391 193 0 360 745 28.9 18.4 5.11 0.44 31.5 21.22 3.048 14.28 5.81 10.73 -6.33
155.9197 194 0 360 745 28.9 18.4 5.11 0.44 31.5 21.22 3.048 14.28 5.81 10.73 -6.33
189.762 194 0 360 745 28.9 18.4 5.11 0.44 31.5 21.22 3.048 14.28 5.81 10.73 -6.33
183.3514 195 0 360 745 28.9 18.4 5.11 0.44 31.5 21.22 3.048 14.28 5.81 10.73 -6.33
188.0541 195 0 360 745 28.9 18.4 5.11 0.44 31.5 21.22 3.048 14.28 5.81 10.73 -6.33
187.7756 196 0 360 745 28.9 18.4 5.11 0.44 31.5 21.22 3.048 14.28 5.81 10.73 -6.33
200.0187 196 0 360 745 28.9 18.4 5.11 0.44 31.5 21.22 3.048 14.28 5.81 10.73 -6.33
134.0482 197 0 360 745 28.9 18.4 5.11 0.44 31.5 21.22 3.048 14.28 5.81 10.73 -6.33
165.1872 197 0 360 745 28.9 18.4 5.11 0.44 31.5 21.22 3.048 14.28 5.81 10.73 -6.33
170.5993 198 0 360 745 28.9 18.4 5.11 0.44 31.5 21.22 3.048 14.28 5.81 10.73 -6.33
211.7338 199 0 360 745 28.9 18.4 5.11 0.44 31.5 21.22 3.048 14.28 5.81 10.73 -6.33
203.3893 200 0 360 745 28.9 18.4 5.11 0.44 31.5 21.22 3.048 14.28 5.81 10.73 -6.33
198.3066 200 0 360 745 28.9 18.4 5.11 0.44 31.5 21.22 3.048 14.28 5.81 10.73 -6.33
174.7313 201 0 360 745 28.9 18.4 5.11 0.44 31.5 21.22 3.048 14.28 5.81 10.73 -6.33
177.0241 201 0 360 745 28.9 18.4 5.11 0.44 31.5 21.22 3.048 14.28 5.81 10.73 -6.33
142.5282 202 0 360 745 28.9 18.4 5.11 0.44 31.5 21.22 3.048 14.28 5.81 10.73 -6.33
155.0501 202 0 360 745 28.9 18.4 5.11 0.44 31.5 21.22 3.048 14.28 5.81 10.73 -6.33
100.0093 203 0 360 745 28.9 18.4 5.11 0.44 31.5 21.22 3.048 14.28 5.81 10.73 -6.33
170.5915 203 0 360 745 28.9 18.4 5.11 0.44 31.5 21.22 3.048 14.28 5.81 10.73 -6.33
158.1428 206 0 360 745 28.9 18.4 5.11 0.44 31.5 21.22 3.048 14.28 5.81 10.73 -6.33
147.7028 206 0 360 745 28.9 18.4 5.11 0.44 31.5 21.22 3.048 14.28 5.81 10.73 -6.33
165.8558 207 0 360 745 28.9 18.4 5.11 0.44 31.5 21.22 3.048 14.28 5.81 10.73 -6.33
170.5882 207 0 360 745 28.9 18.4 5.11 0.44 31.5 21.22 3.048 14.28 5.81 10.73 -6.33
202.5774 208 0 360 745 28.9 18.4 5.11 0.44 31.5 21.22 3.048 14.28 5.81 10.73 -6.33
174.4398 208 0 360 745 28.9 18.4 5.11 0.44 31.5 21.22 3.048 14.28 5.81 10.73 -6.33
178.8862 209 0 360 745 28.9 18.4 5.11 0.44 31.5 21.22 3.048 14.28 5.81 10.73 -6.33
166.2276 210 0 360 745 28.9 18.4 5.11 0.44 31.5 21.22 3.048 14.28 5.81 10.73 -6.33
149.367 211 0 360 745 28.9 18.4 5.11 0.44 31.5 21.22 3.048 14.28 5.81 10.73 -6.33
170.3714 212 0 360 745 28.9 18.4 5.11 0.44 31.5 21.22 3.048 14.28 5.81 10.73 -6.33
157.8845 213 0 360 745 28.9 18.4 5.11 0.44 31.5 21.22 3.048 14.28 5.81 10.73 -6.33
163.7228 214 0 360 745 28.9 18.4 5.11 0.44 31.5 21.22 3.048 14.28 5.81 10.73 -6.33
171.4642 215 0 360 745 28.9 18.4 5.11 0.44 31.5 21.22 3.048 14.28 5.81 10.73 -6.33
130.0678 216 0 360 745 28.9 18.4 5.11 0.44 31.5 21.22 3.048 14.28 5.81 10.73 -6.33
147.0004 217 0 360 745 28.9 18.4 5.11 0.44 31.5 21.22 3.048 14.28 5.81 10.73 -6.33
160.2988 218 0 360 745 28.9 18.4 5.11 0.44 31.5 21.22 3.048 14.28 5.81 10.73 -6.33
157.7891 220 0 360 745 28.9 18.4 5.11 0.44 31.5 21.22 3.048 14.28 5.81 10.73 -6.33
160.5758 221 0 360 745 28.9 18.4 5.11 0.44 31.5 21.22 3.048 14.28 5.81 10.73 -6.33
128.3019 222 0 360 745 28.9 18.4 5.11 0.44 31.5 21.22 3.048 14.28 5.81 10.73 -6.33
168.1452 223 0 360 745 28.9 18.4 5.11 0.44 31.5 21.22 3.048 14.28 5.81 10.73 -6.33
158.2836 224 0 360 745 28.9 18.4 5.11 0.44 31.5 21.22 3.048 14.28 5.81 10.73 -6.33
179.4503 225 0 360 745 28.9 18.4 5.11 0.44 31.5 21.22 3.048 14.28 5.81 10.73 -6.33
179.8961 226 0 360 745 28.9 18.4 5.11 0.44 31.5 21.22 3.048 14.28 5.81 10.73 -6.33
172.5904 227 0 360 745 28.9 18.4 5.11 0.44 31.5 21.22 3.048 14.28 5.81 10.73 -6.33
143.9036 228 0 360 745 28.9 18.4 5.11 0.44 31.5 21.22 3.048 14.28 5.81 10.73 -6.33
174.1562 229 0 360 745 28.9 18.4 5.11 0.44 31.5 21.22 3.048 14.28 5.81 10.73 -6.33
160.3793 230 0 360 745 28.9 18.4 5.11 0.44 31.5 21.22 3.048 14.28 5.81 10.73 -6.33
162.8035 231 0 360 745 28.9 18.4 5.11 0.44 31.5 21.22 3.048 14.28 5.81 10.73 -6.33
190.1716 232 0 360 745 28.9 18.4 5.11 0.44 31.5 21.22 3.048 14.28 5.81 10.73 -6.33
142.0378 234 0 360 745 28.9 18.4 5.11 0.44 31.5 21.22 3.048 14.28 5.81 10.73 -6.33
163.2793 235 0 360 745 28.9 18.4 5.11 0.44 31.5 21.22 3.048 14.28 5.81 10.73 -6.33
184.2747 236 0 360 745 28.9 18.4 5.11 0.44 31.5 21.22 3.048 14.28 5.81 10.73 -6.33
195.1185 237 0 360 745 28.9 18.4 5.11 0.44 31.5 21.22 3.048 14.28 5.81 10.73 -6.33
149.0553 238 0 360 745 28.9 18.4 5.11 0.44 31.5 21.22 3.048 14.28 5.81 10.73 -6.33
173.3504 239 0 360 745 28.9 18.4 5.11 0.44 31.5 21.22 3.048 14.28 5.81 10.73 -6.33
146.2487 240 0 360 745 28.9 18.4 5.11 0.44 31.5 21.22 3.048 14.28 5.81 10.73 -6.33
146.2997 241 0 360 745 28.9 18.4 5.11 0.44 31.5 21.22 3.048 14.28 5.81 10.73 -6.33
150.9413 242 0 360 745 28.9 18.4 5.11 0.44 31.5 21.22 3.048 14.28 5.81 10.73 -6.33
146.4493 244 0 360 745 28.9 18.4 5.11 0.44 31.5 21.22 3.048 14.28 5.81 10.73 -6.33
122.2578 245 0 360 745 28.9 18.4 5.11 0.44 31.5 21.22 3.048 14.28 5.81 10.73 -6.33
143.1224 246 0 360 745 28.9 18.4 5.11 0.44 31.5 21.22 3.048 14.28 5.81 10.73 -6.33
148.995 247 0 360 745 28.9 18.4 5.11 0.44 31.5 21.22 3.048 14.28 5.81 10.73 -6.33
156.9004 248 0 360 745 28.9 18.4 5.11 0.44 31.5 21.22 3.048 14.28 5.81 10.73 -6.33
179.679 249 0 360 745 28.9 18.4 5.11 0.44 31.5 21.22 3.048 14.28 5.81 10.73 -6.33
184.4995 250 0 360 745 28.9 18.4 5.11 0.44 31.5 21.22 3.048 14.28 5.81 10.73 -6.33
181.235 251 0 360 745 28.9 18.4 5.11 0.44 31.5 21.22 3.048 14.28 5.81 10.73 -6.33
166.3752 252 0 360 745 28.9 18.4 5.11 0.44 31.5 21.22 3.048 14.28 5.81 10.73 -6.33
138.8511 253 0 360 745 28.9 18.4 5.11 0.44 31.5 21.22 3.048 14.28 5.81 10.73 -6.33
155.6626 254 0 360 745 28.9 18.4 5.11 0.44 31.5 21.22 3.048 14.28 5.81 10.73 -6.33
186.6196 254 0 360 745 28.9 18.4 5.11 0.44 31.5 21.22 3.048 14.28 5.81 10.73 -6.33
65.86655 255 0 360 745 28.9 18.4 5.11 0.44 31.5 21.22 3.048 14.28 5.81 10.73 -6.33
184.4065 255 0 360 745 28.9 18.4 5.11 0.44 31.5 21.22 3.048 14.28 5.81 10.73 -6.33
164.7643 257 0 360 745 28.9 18.4 5.11 0.44 31.5 21.22 3.048 14.28 5.81 10.73 -6.33
153.5724 259 0 360 745 28.9 18.4 5.11 0.44 31.5 21.22 3.048 14.28 5.81 10.73 -6.33
143.3393 261 0 360 745 28.9 18.4 5.11 0.44 31.5 21.22 3.048 14.28 5.81 10.73 -6.33
147.956 263 0 360 745 28.9 18.4 5.11 0.44 31.5 21.22 3.048 14.28 5.81 10.73 -6.33
145.2675 265 0 360 745 28.9 18.4 5.11 0.44 31.5 21.22 3.048 14.28 5.81 10.73 -6.33
155.7499 267 0 360 745 28.9 18.4 5.11 0.44 31.5 21.22 3.048 14.28 5.81 10.73 -6.33
150.1812 268 0 360 745 28.9 18.4 5.11 0.44 31.5 21.22 3.048 14.28 5.81 10.73 -6.33
149.5595 269 0 360 745 28.9 18.4 5.11 0.44 31.5 21.22 3.048 14.28 5.81 10.73 -6.33
121.4846 270 0 360 745 28.9 18.4 5.11 0.44 31.5 21.22 3.048 14.28 5.81 10.73 -6.33
185.6795 272 0 360 745 28.9 18.4 5.11 0.44 31.5 21.22 3.048 14.28 5.81 10.73 -6.33
131.5223 273 0 360 745 28.9 18.4 5.11 0.44 31.5 21.22 3.048 14.28 5.81 10.73 -6.33
123.4027 275 0 360 745 28.9 18.4 5.11 0.44 31.5 21.22 3.048 14.28 5.81 10.73 -6.33
121.4871 276 0 360 745 28.9 18.4 5.11 0.44 31.5 21.22 3.048 14.28 5.81 10.73 -6.33
160.5921 277 0 360 745 28.9 18.4 5.11 0.44 31.5 21.22 3.048 14.28 5.81 10.73 -6.33
169.8022 278 0 360 745 28.9 18.4 5.11 0.44 31.5 21.22 3.048 14.28 5.81 10.73 -6.33
155.6759 279 0 360 745 28.9 18.4 5.11 0.44 31.5 21.22 3.048 14.28 5.81 10.73 -6.33
151.2456 280 0 360 745 28.9 18.4 5.11 0.44 31.5 21.22 3.048 14.28 5.81 10.73 -6.33
163.6573 282 0 360 745 28.9 18.4 5.11 0.44 31.5 21.22 3.048 14.28 5.81 10.73 -6.33
164.225 283 0 360 745 28.9 18.4 5.11 0.44 31.5 21.22 3.048 14.28 5.81 10.73 -6.33
134.0088 286 0 360 745 28.9 18.4 5.11 0.44 31.5 21.22 3.048 14.28 5.81 10.73 -6.33
105.4438 287 0 360 745 28.9 18.4 5.11 0.44 31.5 21.22 3.048 14.28 5.81 10.73 -6.33
155.184 289 0 360 745 28.9 18.4 5.11 0.44 31.5 21.22 3.048 14.28 5.81 10.73 -6.33
124.2267 290 0 360 745 28.9 18.4 5.11 0.44 31.5 21.22 3.048 14.28 5.81 10.73 -6.33
147.8088 293 0 360 745 28.9 18.4 5.11 0.44 31.5 21.22 3.048 14.28 5.81 10.73 -6.33
153.6433 296 0 360 745 28.9 18.4 5.11 0.44 31.5 21.22 3.048 14.28 5.81 10.73 -6.33
143.7457 297 0 360 745 28.9 18.4 5.11 0.44 31.5 21.22 3.048 14.28 5.81 10.73 -6.33
152.8085 298 0 360 745 28.9 18.4 5.11 0.44 31.5 21.22 3.048 14.28 5.81 10.73 -6.33
140.9934 299 0 360 745 28.9 18.4 5.11 0.44 31.5 21.22 3.048 14.28 5.81 10.73 -6.33
151.1314 300 0 360 745 28.9 18.4 5.11 0.44 31.5 21.22 3.048 14.28 5.81 10.73 -6.33
162.8405 302 0 360 745 28.9 18.4 5.11 0.44 31.5 21.22 3.048 14.28 5.81 10.73 -6.33
144.2258 304 0 360 745 28.9 18.4 5.11 0.44 31.5 21.22 3.048 14.28 5.81 10.73 -6.33
136.6766 306 0 360 745 28.9 18.4 5.11 0.44 31.5 21.22 3.048 14.28 5.81 10.73 -6.33
198.2484 308 0 360 745 28.9 18.4 5.11 0.44 31.5 21.22 3.048 14.28 5.81 10.73 -6.33
122.9475 309 0 360 745 28.9 18.4 5.11 0.44 31.5 21.22 3.048 14.28 5.81 10.73 -6.33
150.4208 313 0 360 745 28.9 18.4 5.11 0.44 31.5 21.22 3.048 14.28 5.81 10.73 -6.33
170.1592 314 0 360 745 28.9 18.4 5.11 0.44 31.5 21.22 3.048 14.28 5.81 10.73 -6.33
173.5509 314 0 360 745 28.9 18.4 5.11 0.44 31.5 21.22 3.048 14.28 5.81 10.73 -6.33
139.4616 315 0 360 745 28.9 18.4 5.11 0.44 31.5 21.22 3.048 14.28 5.81 10.73 -6.33
133.0136 318 0 360 745 28.9 18.4 5.11 0.44 31.5 21.22 3.048 14.28 5.81 10.73 -6.33
161.89 320 0 360 745 28.9 18.4 5.11 0.44 31.5 21.22 3.048 14.28 5.81 10.73 -6.33
150.6826 320 0 360 745 28.9 18.4 5.11 0.44 31.5 21.22 3.048 14.28 5.81 10.73 -6.33
154.8939 321 0 360 745 28.9 18.4 5.11 0.44 31.5 21.22 3.048 14.28 5.81 10.73 -6.33
112.0717 324 0 360 745 28.9 18.4 5.11 0.44 31.5 21.22 3.048 14.28 5.81 10.73 -6.33
72.27218 329 0 360 745 28.9 18.4 5.11 0.44 31.5 21.22 3.048 14.28 5.81 10.73 -6.33
146.0783 333 0 360 745 28.9 18.4 5.11 0.44 31.5 21.22 3.048 14.28 5.81 10.73 -6.33
97.06854 334 0 360 745 28.9 18.4 5.11 0.44 31.5 21.22 3.048 14.28 5.81 10.73 -6.33
154.272 341 0 360 745 28.9 18.4 5.11 0.44 31.5 21.22 3.048 14.28 5.81 10.73 -6.33
141.4629 342 0 360 745 28.9 18.4 5.11 0.44 31.5 21.22 3.048 14.28 5.81 10.73 -6.33
173.1337 343 0 360 745 28.9 18.4 5.11 0.44 31.5 21.22 3.048 14.28 5.81 10.73 -6.33
156.5897 344 0 360 745 28.9 18.4 5.11 0.44 31.5 21.22 3.048 14.28 5.81 10.73 -6.33
161.1692 345 0 360 745 28.9 18.4 5.11 0.44 31.5 21.22 3.048 14.28 5.81 10.73 -6.33
164.3763 346 0 360 745 28.9 18.4 5.11 0.44 31.5 21.22 3.048 14.28 5.81 10.73 -6.33
116.9723 347 0 360 745 28.9 18.4 5.11 0.44 31.5 21.22 3.048 14.28 5.81 10.73 -6.33
159.6729 348 0 360 745 28.9 18.4 5.11 0.44 31.5 21.22 3.048 14.28 5.81 10.73 -6.33
153.1572 349 0 360 745 28.9 18.4 5.11 0.44 31.5 21.22 3.048 14.28 5.81 10.73 -6.33
140.8317 350 0 360 745 28.9 18.4 5.11 0.44 31.5 21.22 3.048 14.28 5.81 10.73 -6.33
148.343 351 0 360 745 28.9 18.4 5.11 0.44 31.5 21.22 3.048 14.28 5.81 10.73 -6.33
174.2032 352 0 360 745 28.9 18.4 5.11 0.44 31.5 21.22 3.048 14.28 5.81 10.73 -6.33
136.074 353 0 360 745 28.9 18.4 5.11 0.44 31.5 21.22 3.048 14.28 5.81 10.73 -6.33
169.48 354 0 360 745 28.9 18.4 5.11 0.44 31.5 21.22 3.048 14.28 5.81 10.73 -6.33
146.9471 355 0 360 745 28.9 18.4 5.11 0.44 31.5 21.22 3.048 14.28 5.81 10.73 -6.33
152.2094 356 0 360 745 28.9 18.4 5.11 0.44 31.5 21.22 3.048 14.28 5.81 10.73 -6.33
199.1441 357 0 360 745 28.9 18.4 5.11 0.44 31.5 21.22 3.048 14.28 5.81 10.73 -6.33
179.9996 358 0 360 745 28.9 18.4 5.11 0.44 31.5 21.22 3.048 14.28 5.81 10.73 -6.33
192.3875 359 0 360 745 28.9 18.4 5.11 0.44 31.5 21.22 3.048 14.28 5.81 10.73 -6.33
127.1281 360 0 360 745 28.9 18.4 5.11 0.44 31.5 21.22 3.048 14.28 5.81 10.73 -6.33
126.163 360 0 360 745 28.9 18.4 5.11 0.44 31.5 21.22 3.048 14.28 5.81 10.73 -6.33
171.6432 361 0 360 745 28.9 18.4 5.11 0.44 31.5 21.22 3.048 14.28 5.81 10.73 -6.33
188.8388 361 0 360 745 28.9 18.4 5.11 0.44 31.5 21.22 3.048 14.28 5.81 10.73 -6.33
103.0772 363 0 360 745 28.9 18.4 5.11 0.44 31.5 21.22 3.048 14.28 5.81 10.73 -6.33
129.5717 365 0 360 745 28.9 18.4 5.11 0.44 31.5 21.22 3.048 14.28 5.81 10.73 -6.33
164.7999 365 0 360 745 28.9 18.4 5.11 0.44 31.5 21.22 3.048 14.28 5.81 10.73 -6.33
177.3233 366 0 360 745 28.9 18.4 5.11 0.44 31.5 21.22 3.048 14.28 5.81 10.73 -6.33
122.5617 367 0 360 745 28.9 18.4 5.11 0.44 31.5 21.22 3.048 14.28 5.81 10.73 -6.33
155.8238 368 0 360 745 28.9 18.4 5.11 0.44 31.5 21.22 3.048 14.28 5.81 10.73 -6.33
153.8211 369 0 360 745 28.9 18.4 5.11 0.44 31.5 21.22 3.048 14.28 5.81 10.73 -6.33
190.6619 370 0 360 745 28.9 18.4 5.11 0.44 31.5 21.22 3.048 14.28 5.81 10.73 -6.33
148.9135 371 0 360 745 28.9 18.4 5.11 0.44 31.5 21.22 3.048 14.28 5.81 10.73 -6.33
129.8364 372 0 360 745 28.9 18.4 5.11 0.44 31.5 21.22 3.048 14.28 5.81 10.73 -6.33
143.2671 373 0 360 745 28.9 18.4 5.11 0.44 31.5 21.22 3.048 14.28 5.81 10.73 -6.33
152.8917 374 0 360 745 28.9 18.4 5.11 0.44 31.5 21.22 3.048 14.28 5.81 10.73 -6.33
168.1253 375 0 360 745 28.9 18.4 5.11 0.44 31.5 21.22 3.048 14.28 5.81 10.73 -6.33
157.8269 376 0 360 745 28.9 18.4 5.11 0.44 31.5 21.22 3.048 14.28 5.81 10.73 -6.33
164.0023 377 0 360 745 28.9 18.4 5.11 0.44 31.5 21.22 3.048 14.28 5.81 10.73 -6.33
143.3386 378 0 360 745 28.9 18.4 5.11 0.44 31.5 21.22 3.048 14.28 5.81 10.73 -6.33
152.7554 379 0 360 745 28.9 18.4 5.11 0.44 31.5 21.22 3.048 14.28 5.81 10.73 -6.33
155.877 382 0 360 745 28.9 18.4 5.11 0.44 31.5 21.22 3.048 14.28 5.81 10.73 -6.33
149.1397 382 0 360 745 28.9 18.4 5.11 0.44 31.5 21.22 3.048 14.28 5.81 10.73 -6.33
176.0535 384 0 360 745 28.9 18.4 5.11 0.44 31.5 21.22 3.048 14.28 5.81 10.73 -6.33
157.4878 384 0 360 745 28.9 18.4 5.11 0.44 31.5 21.22 3.048 14.28 5.81 10.73 -6.33
146.4273 385 0 360 745 28.9 18.4 5.11 0.44 31.5 21.22 3.048 14.28 5.81 10.73 -6.33
182.3341 385 0 360 745 28.9 18.4 5.11 0.44 31.5 21.22 3.048 14.28 5.81 10.73 -6.33
171.2986 386 0 360 745 28.9 18.4 5.11 0.44 31.5 21.22 3.048 14.28 5.81 10.73 -6.33
179.5645 386 0 360 745 28.9 18.4 5.11 0.44 31.5 21.22 3.048 14.28 5.81 10.73 -6.33
191.0353 387 0 360 745 28.9 18.4 5.11 0.44 31.5 21.22 3.048 14.28 5.81 10.73 -6.33
200.2186 387 0 360 745 28.9 18.4 5.11 0.44 31.5 21.22 3.048 14.28 5.81 10.73 -6.33
160.2397 388 0 360 745 28.9 18.4 5.11 0.44 31.5 21.22 3.048 14.28 5.81 10.73 -6.33
147.5803 388 0 360 745 28.9 18.4 5.11 0.44 31.5 21.22 3.048 14.28 5.81 10.73 -6.33
122.8483 389 0 360 745 28.9 18.4 5.11 0.44 31.5 21.22 3.048 14.28 5.81 10.73 -6.33
138.0483 390 0 360 745 28.9 18.4 5.11 0.44 31.5 21.22 3.048 14.28 5.81 10.73 -6.33
187.4521 392 0 360 745 28.9 18.4 5.11 0.44 31.5 21.22 3.048 14.28 5.81 10.73 -6.33
174.712 393 0 360 745 28.9 18.4 5.11 0.44 31.5 21.22 3.048 14.28 5.81 10.73 -6.33
186.7058 393 0 360 745 28.9 18.4 5.11 0.44 31.5 21.22 3.048 14.28 5.81 10.73 -6.33
154.0544 394 0 360 745 28.9 18.4 5.11 0.44 31.5 21.22 3.048 14.28 5.81 10.73 -6.33
140.7479 394 0 360 745 28.9 18.4 5.11 0.44 31.5 21.22 3.048 14.28 5.81 10.73 -6.33
184.6055 395 0 360 745 28.9 18.4 5.11 0.44 31.5 21.22 3.048 14.28 5.81 10.73 -6.33
167.4447 395 0 360 745 28.9 18.4 5.11 0.44 31.5 21.22 3.048 14.28 5.81 10.73 -6.33
153.8497 396 0 360 745 28.9 18.4 5.11 0.44 31.5 21.22 3.048 14.28 5.81 10.73 -6.33
146.1783 397 0 360 745 28.9 18.4 5.11 0.44 31.5 21.22 3.048 14.28 5.81 10.73 -6.33
176.89 397 0 360 745 28.9 18.4 5.11 0.44 31.5 21.22 3.048 14.28 5.81 10.73 -6.33
163.2086 398 0 360 745 28.9 18.4 5.11 0.44 31.5 21.22 3.048 14.28 5.81 10.73 -6.33
168.3834 398 0 360 745 28.9 18.4 5.11 0.44 31.5 21.22 3.048 14.28 5.81 10.73 -6.33
140.6771 399 0 360 745 28.9 18.4 5.11 0.44 31.5 21.22 3.048 14.28 5.81 10.73 -6.33
156.6049 400 0 360 745 28.9 18.4 5.11 0.44 31.5 21.22 3.048 14.28 5.81 10.73 -6.33
136.5146 401 0 360 745 28.9 18.4 5.11 0.44 31.5 21.22 3.048 14.28 5.81 10.73 -6.33
121.778 402 0 360 745 28.9 18.4 5.11 0.44 31.5 21.22 3.048 14.28 5.81 10.73 -6.33
126.6874 403 0 360 745 28.9 18.4 5.11 0.44 31.5 21.22 3.048 14.28 5.81 10.73 -6.33
119.4276 404 0 360 745 28.9 18.4 5.11 0.44 31.5 21.22 3.048 14.28 5.81 10.73 -6.33
140.8172 406 0 360 745 28.9 18.4 5.11 0.44 31.5 21.22 3.048 14.28 5.81 10.73 -6.33
179.685 406 0 360 745 28.9 18.4 5.11 0.44 31.5 21.22 3.048 14.28 5.81 10.73 -6.33
157.6019 407 0 360 745 28.9 18.4 5.11 0.44 31.5 21.22 3.048 14.28 5.81 10.73 -6.33
104.1174 408 0 360 745 28.9 18.4 5.11 0.44 31.5 21.22 3.048 14.28 5.81 10.73 -6.33
132.5338 409 0 360 745 28.9 18.4 5.11 0.44 31.5 21.22 3.048 14.28 5.81 10.73 -6.33
151.5026 410 0 360 745 28.9 18.4 5.11 0.44 31.5 21.22 3.048 14.28 5.81 10.73 -6.33
187.9156 413 0 360 745 28.9 18.4 5.11 0.44 31.5 21.22 3.048 14.28 5.81 10.73 -6.33
147.6216 414 0 360 745 28.9 18.4 5.11 0.44 31.5 21.22 3.048 14.28 5.81 10.73 -6.33
154.0353 414 0 360 745 28.9 18.4 5.11 0.44 31.5 21.22 3.048 14.28 5.81 10.73 -6.33
142.6112 415 0 360 745 28.9 18.4 5.11 0.44 31.5 21.22 3.048 14.28 5.81 10.73 -6.33
153.5394 416 0 360 745 28.9 18.4 5.11 0.44 31.5 21.22 3.048 14.28 5.81 10.73 -6.33
150.1571 417 0 360 745 28.9 18.4 5.11 0.44 31.5 21.22 3.048 14.28 5.81 10.73 -6.33
145.3413 418 0 360 745 28.9 18.4 5.11 0.44 31.5 21.22 3.048 14.28 5.81 10.73 -6.33
134.8011 419 0 360 745 28.9 18.4 5.11 0.44 31.5 21.22 3.048 14.28 5.81 10.73 -6.33
151.1994 421 0 360 745 28.9 18.4 5.11 0.44 31.5 21.22 3.048 14.28 5.81 10.73 -6.33
131.3275 422 0 360 745 28.9 18.4 5.11 0.44 31.5 21.22 3.048 14.28 5.81 10.73 -6.33
156.3942 423 0 360 745 28.9 18.4 5.11 0.44 31.5 21.22 3.048 14.28 5.81 10.73 -6.33
170.7239 424 0 360 745 28.9 18.4 5.11 0.44 31.5 21.22 3.048 14.28 5.81 10.73 -6.33
149.9347 425 0 360 745 28.9 18.4 5.11 0.44 31.5 21.22 3.048 14.28 5.81 10.73 -6.33
158.6537 426 0 360 745 28.9 18.4 5.11 0.44 31.5 21.22 3.048 14.28 5.81 10.73 -6.33
167.6172 427 0 360 745 28.9 18.4 5.11 0.44 31.5 21.22 3.048 14.28 5.81 10.73 -6.33
128.0574 428 0 360 745 28.9 18.4 5.11 0.44 31.5 21.22 3.048 14.28 5.81 10.73 -6.33
158.1178 429 0 360 745 28.9 18.4 5.11 0.44 31.5 21.22 3.048 14.28 5.81 10.73 -6.33
156.756 430 0 360 745 28.9 18.4 5.11 0.44 31.5 21.22 3.048 14.28 5.81 10.73 -6.33
156.0538 432 0 360 745 28.9 18.4 5.11 0.44 31.5 21.22 3.048 14.28 5.81 10.73 -6.33
161.906 433 0 360 745 28.9 18.4 5.11 0.44 31.5 21.22 3.048 14.28 5.81 10.73 -6.33
125.0107 434 0 360 745 28.9 18.4 5.11 0.44 31.5 21.22 3.048 14.28 5.81 10.73 -6.33
133.4948 436 0 360 745 28.9 18.4 5.11 0.44 31.5 21.22 3.048 14.28 5.81 10.73 -6.33
152.4014 437 0 360 745 28.9 18.4 5.11 0.44 31.5 21.22 3.048 14.28 5.81 10.73 -6.33
146.596 438 0 360 745 28.9 18.4 5.11 0.44 31.5 21.22 3.048 14.28 5.81 10.73 -6.33
184.0873 439 0 360 745 28.9 18.4 5.11 0.44 31.5 21.22 3.048 14.28 5.81 10.73 -6.33
154.4272 441 0 360 745 28.9 18.4 5.11 0.44 31.5 21.22 3.048 14.28 5.81 10.73 -6.33
177.0694 442 0 360 745 28.9 18.4 5.11 0.44 31.5 21.22 3.048 14.28 5.81 10.73 -6.33
170.9438 443 0 360 745 28.9 18.4 5.11 0.44 31.5 21.22 3.048 14.28 5.81 10.73 -6.33
186.7584 445 0 360 745 28.9 18.4 5.11 0.44 31.5 21.22 3.048 14.28 5.81 10.73 -6.33
170.7106 446 0 360 745 28.9 18.4 5.11 0.44 31.5 21.22 3.048 14.28 5.81 10.73 -6.33
163.914 446 0 360 745 28.9 18.4 5.11 0.44 31.5 21.22 3.048 14.28 5.81 10.73 -6.33
148.1988 451 0 360 745 28.9 18.4 5.11 0.44 31.5 21.22 3.048 14.28 5.81 10.73 -6.33
150.2571 452 0 360 745 28.9 18.4 5.11 0.44 31.5 21.22 3.048 14.28 5.81 10.73 -6.33
192.6614 455 0 360 745 28.9 18.4 5.11 0.44 31.5 21.22 3.048 14.28 5.81 10.73 -6.33
169.3565 456 0 360 745 28.9 18.4 5.11 0.44 31.5 21.22 3.048 14.28 5.81 10.73 -6.33
145.5528 457 0 360 745 28.9 18.4 5.11 0.44 31.5 21.22 3.048 14.28 5.81 10.73 -6.33
161.2547 459 0 360 745 28.9 18.4 5.11 0.44 31.5 21.22 3.048 14.28 5.81 10.73 -6.33
179.9474 460 0 360 745 28.9 18.4 5.11 0.44 31.5 21.22 3.048 14.28 5.81 10.73 -6.33
175.2496 461 0 360 745 28.9 18.4 5.11 0.44 31.5 21.22 3.048 14.28 5.81 10.73 -6.33
122.1491 464 0 360 745 28.9 18.4 5.11 0.44 31.5 21.22 3.048 14.28 5.81 10.73 -6.33
156.6101 465 0 360 745 28.9 18.4 5.11 0.44 31.5 21.22 3.048 14.28 5.81 10.73 -6.33
191.0255 466 0 360 745 28.9 18.4 5.11 0.44 31.5 21.22 3.048 14.28 5.81 10.73 -6.33
192.6096 467 0 360 745 28.9 18.4 5.11 0.44 31.5 21.22 3.048 14.28 5.81 10.73 -6.33
204.2414 467 0 360 745 28.9 18.4 5.11 0.44 31.5 21.22 3.048 14.28 5.81 10.73 -6.33
131.3679 468 0 360 745 28.9 18.4 5.11 0.44 31.5 21.22 3.048 14.28 5.81 10.73 -6.33
142.9313 469 0 360 745 28.9 18.4 5.11 0.44 31.5 21.22 3.048 14.28 5.81 10.73 -6.33
174.8814 470 0 360 745 28.9 18.4 5.11 0.44 31.5 21.22 3.048 14.28 5.81 10.73 -6.33
153.8841 471 0 360 745 28.9 18.4 5.11 0.44 31.5 21.22 3.048 14.28 5.81 10.73 -6.33
132.7767 475 0 360 745 28.9 18.4 5.11 0.44 31.5 21.22 3.048 14.28 5.81 10.73 -6.33
146.4415 476 0 360 745 28.9 18.4 5.11 0.44 31.5 21.22 3.048 14.28 5.81 10.73 -6.33
192.6232 477 0 360 745 28.9 18.4 5.11 0.44 31.5 21.22 3.048 14.28 5.81 10.73 -6.33
175.3858 477 0 360 745 28.9 18.4 5.11 0.44 31.5 21.22 3.048 14.28 5.81 10.73 -6.33
171.229 478 0 360 745 28.9 18.4 5.11 0.44 31.5 21.22 3.048 14.28 5.81 10.73 -6.33
181.2798 478 0 360 745 28.9 18.4 5.11 0.44 31.5 21.22 3.048 14.28 5.81 10.73 -6.33
202.3095 479 0 360 745 28.9 18.4 5.11 0.44 31.5 21.22 3.048 14.28 5.81 10.73 -6.33
193.3144 479 0 360 745 28.9 18.4 5.11 0.44 31.5 21.22 3.048 14.28 5.81 10.73 -6.33
219.6602 480 0 360 745 28.9 18.4 5.11 0.44 31.5 21.22 3.048 14.28 5.81 10.73 -6.33
162.2887 480 0 360 745 28.9 18.4 5.11 0.44 31.5 21.22 3.048 14.28 5.81 10.73 -6.33
149.3936 499 0 360 745 28.9 18.4 5.11 0.44 31.5 21.22 3.048 14.28 5.81 10.73 -6.33
169.3943 499 0 360 745 28.9 18.4 5.11 0.44 31.5 21.22 3.048 14.28 5.81 10.73 -6.33
168.1184 505 0 360 745 28.9 18.4 5.11 0.44 31.5 21.22 3.048 14.28 5.81 10.73 -6.33
177.9724 505 0 360 745 28.9 18.4 5.11 0.44 31.5 21.22 3.048 14.28 5.81 10.73 -6.33
145.1243 506 0 360 745 28.9 18.4 5.11 0.44 31.5 21.22 3.048 14.28 5.81 10.73 -6.33
175.6648 508 0 360 745 28.9 18.4 5.11 0.44 31.5 21.22 3.048 14.28 5.81 10.73 -6.33
188.5719 508 0 360 745 28.9 18.4 5.11 0.44 31.5 21.22 3.048 14.28 5.81 10.73 -6.33
119.1868 511 0 360 745 28.9 18.4 5.11 0.44 31.5 21.22 3.048 14.28 5.81 10.73 -6.33
119.4364 513 0 360 745 28.9 18.4 5.11 0.44 31.5 21.22 3.048 14.28 5.81 10.73 -6.33
178.2379 515 0 360 745 28.9 18.4 5.11 0.44 31.5 21.22 3.048 14.28 5.81 10.73 -6.33
118.7303 517 0 360 745 28.9 18.4 5.11 0.44 31.5 21.22 3.048 14.28 5.81 10.73 -6.33
103.3455 518 0 360 745 28.9 18.4 5.11 0.44 31.5 21.22 3.048 14.28 5.81 10.73 -6.33
132.2911 520 0 360 745 28.9 18.4 5.11 0.44 31.5 21.22 3.048 14.28 5.81 10.73 -6.33
144.2301 522 0 360 745 28.9 18.4 5.11 0.44 31.5 21.22 3.048 14.28 5.81 10.73 -6.33
170.5591 522 0 360 745 28.9 18.4 5.11 0.44 31.5 21.22 3.048 14.28 5.81 10.73 -6.33
183.9721 524 0 360 745 28.9 18.4 5.11 0.44 31.5 21.22 3.048 14.28 5.81 10.73 -6.33
144.7221 525 0 360 745 28.9 18.4 5.11 0.44 31.5 21.22 3.048 14.28 5.81 10.73 -6.33
74.93831 527 0 360 745 28.9 18.4 5.11 0.44 31.5 21.22 3.048 14.28 5.81 10.73 -6.33
145.1057 528 0 360 745 28.9 18.4 5.11 0.44 31.5 21.22 3.048 14.28 5.81 10.73 -6.33
131.0106 529 0 360 745 28.9 18.4 5.11 0.44 31.5 21.22 3.048 14.28 5.81 10.73 -6.33
154.0157 531 0 360 745 28.9 18.4 5.11 0.44 31.5 21.22 3.048 14.28 5.81 10.73 -6.33
154.2474 532 0 360 745 28.9 18.4 5.11 0.44 31.5 21.22 3.048 14.28 5.81 10.73 -6.33
128.5368 537 0 360 745 28.9 18.4 5.11 0.44 31.5 21.22 3.048 14.28 5.81 10.73 -6.33
165.844 538 0 360 745 28.9 18.4 5.11 0.44 31.5 21.22 3.048 14.28 5.81 10.73 -6.33
142.4992 539 0 360 745 28.9 18.4 5.11 0.44 31.5 21.22 3.048 14.28 5.81 10.73 -6.33
169.3126 541 0 360 745 28.9 18.4 5.11 0.44 31.5 21.22 3.048 14.28 5.81 10.73 -6.33
137.2175 542 0 360 745 28.9 18.4 5.11 0.44 31.5 21.22 3.048 14.28 5.81 10.73 -6.33
155.6796 542 0 360 745 28.9 18.4 5.11 0.44 31.5 21.22 3.048 14.28 5.81 10.73 -6.33
167.1806 543 0 360 745 28.9 18.4 5.11 0.44 31.5 21.22 3.048 14.28 5.81 10.73 -6.33
156.7603 544 0 360 745 28.9 18.4 5.11 0.44 31.5 21.22 3.048 14.28 5.81 10.73 -6.33
145.6224 545 0 360 745 28.9 18.4 5.11 0.44 31.5 21.22 3.048 14.28 5.81 10.73 -6.33
157.7012 546 0 360 745 28.9 18.4 5.11 0.44 31.5 21.22 3.048 14.28 5.81 10.73 -6.33
172.6517 547 0 360 745 28.9 18.4 5.11 0.44 31.5 21.22 3.048 14.28 5.81 10.73 -6.33
157.2983 548 0 360 745 28.9 18.4 5.11 0.44 31.5 21.22 3.048 14.28 5.81 10.73 -6.33
136.8882 549 0 360 745 28.9 18.4 5.11 0.44 31.5 21.22 3.048 14.28 5.81 10.73 -6.33
159.5301 549 0 360 745 28.9 18.4 5.11 0.44 31.5 21.22 3.048 14.28 5.81 10.73 -6.33
183.6396 550 0 360 745 28.9 18.4 5.11 0.44 31.5 21.22 3.048 14.28 5.81 10.73 -6.33
148.8477 551 0 360 745 28.9 18.4 5.11 0.44 31.5 21.22 3.048 14.28 5.81 10.73 -6.33
170.3045 555 0 360 745 28.9 18.4 5.11 0.44 31.5 21.22 3.048 14.28 5.81 10.73 -6.33
156.0498 557 0 360 745 28.9 18.4 5.11 0.44 31.5 21.22 3.048 14.28 5.81 10.73 -6.33
109.7486 558 0 360 745 28.9 18.4 5.11 0.44 31.5 21.22 3.048 14.28 5.81 10.73 -6.33
123.3441 559 0 360 745 28.9 18.4 5.11 0.44 31.5 21.22 3.048 14.28 5.81 10.73 -6.33
159.9494 560 0 360 745 28.9 18.4 5.11 0.44 31.5 21.22 3.048 14.28 5.81 10.73 -6.33
157.2686 561 0 360 745 28.9 18.4 5.11 0.44 31.5 21.22 3.048 14.28 5.81 10.73 -6.33
153.965 563 0 360 745 28.9 18.4 5.11 0.44 31.5 21.22 3.048 14.28 5.81 10.73 -6.33
102.3874 564 0 360 745 28.9 18.4 5.11 0.44 31.5 21.22 3.048 14.28 5.81 10.73 -6.33
163.0776 565 0 360 745 28.9 18.4 5.11 0.44 31.5 21.22 3.048 14.28 5.81 10.73 -6.33
177.4678 565 0 360 745 28.9 18.4 5.11 0.44 31.5 21.22 3.048 14.28 5.81 10.73 -6.33
135.1798 566 0 360 745 28.9 18.4 5.11 0.44 31.5 21.22 3.048 14.28 5.81 10.73 -6.33
179.6108 567 0 360 745 28.9 18.4 5.11 0.44 31.5 21.22 3.048 14.28 5.81 10.73 -6.33
165.5911 568 0 360 745 28.9 18.4 5.11 0.44 31.5 21.22 3.048 14.28 5.81 10.73 -6.33
128.8618 568 0 360 745 28.9 18.4 5.11 0.44 31.5 21.22 3.048 14.28 5.81 10.73 -6.33
160.0516 569 0 360 745 28.9 18.4 5.11 0.44 31.5 21.22 3.048 14.28 5.81 10.73 -6.33
153.1747 594 0 360 745 28.9 18.4 5.11 0.44 31.5 21.22 3.048 14.28 5.81 10.73 -6.33
144.6086 598 0 360 745 28.9 18.4 5.11 0.44 31.5 21.22 3.048 14.28 5.81 10.73 -6.33
144.8019 600 0 360 745 28.9 18.4 5.11 0.44 31.5 21.22 3.048 14.28 5.81 10.73 -6.33
146.3439 602 0 360 745 28.9 18.4 5.11 0.44 31.5 21.22 3.048 14.28 5.81 10.73 -6.33
166.9263 603 0 360 745 28.9 18.4 5.11 0.44 31.5 21.22 3.048 14.28 5.81 10.73 -6.33
144.7315 604 0 360 745 28.9 18.4 5.11 0.44 31.5 21.22 3.048 14.28 5.81 10.73 -6.33
130.1267 606 0 360 745 28.9 18.4 5.11 0.44 31.5 21.22 3.048 14.28 5.81 10.73 -6.33
171.9817 607 0 360 745 28.9 18.4 5.11 0.44 31.5 21.22 3.048 14.28 5.81 10.73 -6.33
163.419 608 0 360 745 28.9 18.4 5.11 0.44 31.5 21.22 3.048 14.28 5.81 10.73 -6.33
143.3801 610 0 360 745 28.9 18.4 5.11 0.44 31.5 21.22 3.048 14.28 5.81 10.73 -6.33
136.3072 612 0 360 745 28.9 18.4 5.11 0.44 31.5 21.22 3.048 14.28 5.81 10.73 -6.33
64.1879 613 0 360 745 28.9 18.4 5.11 0.44 31.5 21.22 3.048 14.28 5.81 10.73 -6.33
106.7261 615 0 360 745 28.9 18.4 5.11 0.44 31.5 21.22 3.048 14.28 5.81 10.73 -6.33
119.2927 617 0 360 745 28.9 18.4 5.11 0.44 31.5 21.22 3.048 14.28 5.81 10.73 -6.33
128.3108 618 0 360 745 28.9 18.4 5.11 0.44 31.5 21.22 3.048 14.28 5.81 10.73 -6.33
191.9152 621 0 360 745 28.9 18.4 5.11 0.44 31.5 21.22 3.048 14.28 5.81 10.73 -6.33
106.2723 622 0 360 745 28.9 18.4 5.11 0.44 31.5 21.22 3.048 14.28 5.81 10.73 -6.33
180.8197 625 0 360 745 28.9 18.4 5.11 0.44 31.5 21.22 3.048 14.28 5.81 10.73 -6.33
133.9407 626 0 360 745 28.9 18.4 5.11 0.44 31.5 21.22 3.048 14.28 5.81 10.73 -6.33
104.5299 627 0 360 745 28.9 18.4 5.11 0.44 31.5 21.22 3.048 14.28 5.81 10.73 -6.33
131.1369 629 0 360 745 28.9 18.4 5.11 0.44 31.5 21.22 3.048 14.28 5.81 10.73 -6.33
141.1788 631 0 360 745 28.9 18.4 5.11 0.44 31.5 21.22 3.048 14.28 5.81 10.73 -6.33
122.3554 633 0 360 745 28.9 18.4 5.11 0.44 31.5 21.22 3.048 14.28 5.81 10.73 -6.33
163.8154 0 42 333 767 15.5 9.1 9.78 4.5 27.61 17.89 0.508 16.28 4.47 9.39 -6
183.0216 0 42 333 767 15.5 9.1 9.78 4.5 27.61 17.89 0.508 16.28 4.47 9.39 -6
174.6229 1 42 333 767 15.5 9.1 9.78 4.5 27.61 17.89 0.508 16.28 4.47 9.39 -6
168.7118 1 42 333 767 15.5 9.1 9.78 4.5 27.61 17.89 0.508 16.28 4.47 9.39 -6
141.6889 2 42 333 767 15.5 9.1 9.78 4.5 27.61 17.89 0.508 16.28 4.47 9.39 -6
137.8676 3 42 333 767 15.5 9.1 9.78 4.5 27.61 17.89 0.508 16.28 4.47 9.39 -6
153.7099 10 42 333 767 15.5 9.1 9.78 4.5 27.61 17.89 0.508 16.28 4.47 9.39 -6
190.9251 11 42 333 767 15.5 9.1 9.78 4.5 27.61 17.89 0.508 16.28 4.47 9.39 -6
145.6124 14 42 333 767 15.5 9.1 9.78 4.5 27.61 17.89 0.508 16.28 4.47 9.39 -6
156.1958 15 42 333 767 15.5 9.1 9.78 4.5 27.61 17.89 0.508 16.28 4.47 9.39 -6
173.533 18 42 333 767 15.5 9.1 9.78 4.5 27.61 17.89 0.508 16.28 4.47 9.39 -6
191.196 19 42 333 767 15.5 9.1 9.78 4.5 27.61 17.89 0.508 16.28 4.47 9.39 -6
144.4808 22 42 333 767 15.5 9.1 9.78 4.5 27.61 17.89 0.508 16.28 4.47 9.39 -6
166.6204 23 42 333 767 15.5 9.1 9.78 4.5 27.61 17.89 0.508 16.28 4.47 9.39 -6
189.8769 24 42 333 767 15.5 9.1 9.78 4.5 27.61 17.89 0.508 16.28 4.47 9.39 -6
127.3292 25 42 333 767 15.5 9.1 9.78 4.5 27.61 17.89 0.508 16.28 4.47 9.39 -6
144.6681 25 42 333 767 15.5 9.1 9.78 4.5 27.61 17.89 0.508 16.28 4.47 9.39 -6
125.3769 26 42 333 767 15.5 9.1 9.78 4.5 27.61 17.89 0.508 16.28 4.47 9.39 -6
142.0497 27 42 333 767 15.5 9.1 9.78 4.5 27.61 17.89 0.508 16.28 4.47 9.39 -6
147.7775 27 42 333 767 15.5 9.1 9.78 4.5 27.61 17.89 0.508 16.28 4.47 9.39 -6
116.1142 28 42 333 767 15.5 9.1 9.78 4.5 27.61 17.89 0.508 16.28 4.47 9.39 -6
149.9312 29 42 333 767 15.5 9.1 9.78 4.5 27.61 17.89 0.508 16.28 4.47 9.39 -6
140.4042 29 42 333 767 15.5 9.1 9.78 4.5 27.61 17.89 0.508 16.28 4.47 9.39 -6
163.9872 30 42 333 767 15.5 9.1 9.78 4.5 27.61 17.89 0.508 16.28 4.47 9.39 -6
137.546 31 42 333 767 15.5 9.1 9.78 4.5 27.61 17.89 0.508 16.28 4.47 9.39 -6
154.1468 32 42 333 767 15.5 9.1 9.78 4.5 27.61 17.89 0.508 16.28 4.47 9.39 -6
196.0155 34 42 333 767 15.5 9.1 9.78 4.5 27.61 17.89 0.508 16.28 4.47 9.39 -6
161.0816 35 42 333 767 15.5 9.1 9.78 4.5 27.61 17.89 0.508 16.28 4.47 9.39 -6
177.3265 36 42 333 767 15.5 9.1 9.78 4.5 27.61 17.89 0.508 16.28 4.47 9.39 -6
159.0695 37 42 333 767 15.5 9.1 9.78 4.5 27.61 17.89 0.508 16.28 4.47 9.39 -6
211.8373 38 42 333 767 15.5 9.1 9.78 4.5 27.61 17.89 0.508 16.28 4.47 9.39 -6
165.3013 39 42 333 767 15.5 9.1 9.78 4.5 27.61 17.89 0.508 16.28 4.47 9.39 -6
94.38941 40 42 333 767 15.5 9.1 9.78 4.5 27.61 17.89 0.508 16.28 4.47 9.39 -6
201.3546 41 42 333 767 15.5 9.1 9.78 4.5 27.61 17.89 0.508 16.28 4.47 9.39 -6
168.0998 42 42 333 767 15.5 9.1 9.78 4.5 27.61 17.89 0.508 16.28 4.47 9.39 -6
144.8555 43 42 333 767 15.5 9.1 9.78 4.5 27.61 17.89 0.508 16.28 4.47 9.39 -6
161.9088 44 42 333 767 15.5 9.1 9.78 4.5 27.61 17.89 0.508 16.28 4.47 9.39 -6
158.7978 45 42 333 767 15.5 9.1 9.78 4.5 27.61 17.89 0.508 16.28 4.47 9.39 -6
163.5601 46 42 333 767 15.5 9.1 9.78 4.5 27.61 17.89 0.508 16.28 4.47 9.39 -6
175.8405 47 42 333 767 15.5 9.1 9.78 4.5 27.61 17.89 0.508 16.28 4.47 9.39 -6
155.8586 48 42 333 767 15.5 9.1 9.78 4.5 27.61 17.89 0.508 16.28 4.47 9.39 -6
184.2727 49 42 333 767 15.5 9.1 9.78 4.5 27.61 17.89 0.508 16.28 4.47 9.39 -6
156.6245 50 42 333 767 15.5 9.1 9.78 4.5 27.61 17.89 0.508 16.28 4.47 9.39 -6
182.655 51 42 333 767 15.5 9.1 9.78 4.5 27.61 17.89 0.508 16.28 4.47 9.39 -6
145.3735 52 42 333 767 15.5 9.1 9.78 4.5 27.61 17.89 0.508 16.28 4.47 9.39 -6
166.4371 53 42 333 767 15.5 9.1 9.78 4.5 27.61 17.89 0.508 16.28 4.47 9.39 -6
156.0779 54 42 333 767 15.5 9.1 9.78 4.5 27.61 17.89 0.508 16.28 4.47 9.39 -6
167.2259 55 42 333 767 15.5 9.1 9.78 4.5 27.61 17.89 0.508 16.28 4.47 9.39 -6
126.7777 56 42 333 767 15.5 9.1 9.78 4.5 27.61 17.89 0.508 16.28 4.47 9.39 -6
145.8595 57 42 333 767 15.5 9.1 9.78 4.5 27.61 17.89 0.508 16.28 4.47 9.39 -6
150.1963 58 42 333 767 15.5 9.1 9.78 4.5 27.61 17.89 0.508 16.28 4.47 9.39 -6
199.5766 59 42 333 767 15.5 9.1 9.78 4.5 27.61 17.89 0.508 16.28 4.47 9.39 -6
194.0124 59 42 333 767 15.5 9.1 9.78 4.5 27.61 17.89 0.508 16.28 4.47 9.39 -6
182.4267 60 42 333 767 15.5 9.1 9.78 4.5 27.61 17.89 0.508 16.28 4.47 9.39 -6
193.6016 60 42 333 767 15.5 9.1 9.78 4.5 27.61 17.89 0.508 16.28 4.47 9.39 -6
191.0822 61 42 333 767 15.5 9.1 9.78 4.5 27.61 17.89 0.508 16.28 4.47 9.39 -6
158.284 61 42 333 767 15.5 9.1 9.78 4.5 27.61 17.89 0.508 16.28 4.47 9.39 -6
152.7705 62 42 333 767 15.5 9.1 9.78 4.5 27.61 17.89 0.508 16.28 4.47 9.39 -6
167.9533 62 42 333 767 15.5 9.1 9.78 4.5 27.61 17.89 0.508 16.28 4.47 9.39 -6
186.2144 63 42 333 767 15.5 9.1 9.78 4.5 27.61 17.89 0.508 16.28 4.47 9.39 -6
175.6294 63 42 333 767 15.5 9.1 9.78 4.5 27.61 17.89 0.508 16.28 4.47 9.39 -6
185.5222 64 42 333 767 15.5 9.1 9.78 4.5 27.61 17.89 0.508 16.28 4.47 9.39 -6
206.6422 64 42 333 767 15.5 9.1 9.78 4.5 27.61 17.89 0.508 16.28 4.47 9.39 -6
145.8677 65 42 333 767 15.5 9.1 9.78 4.5 27.61 17.89 0.508 16.28 4.47 9.39 -6
149.2725 66 42 333 767 15.5 9.1 9.78 4.5 27.61 17.89 0.508 16.28 4.47 9.39 -6
171.2043 67 42 333 767 15.5 9.1 9.78 4.5 27.61 17.89 0.508 16.28 4.47 9.39 -6
148.293 68 42 333 767 15.5 9.1 9.78 4.5 27.61 17.89 0.508 16.28 4.47 9.39 -6
159.6979 68 42 333 767 15.5 9.1 9.78 4.5 27.61 17.89 0.508 16.28 4.47 9.39 -6
138.7767 69 42 333 767 15.5 9.1 9.78 4.5 27.61 17.89 0.508 16.28 4.47 9.39 -6
157.3266 70 42 333 767 15.5 9.1 9.78 4.5 27.61 17.89 0.508 16.28 4.47 9.39 -6
127.3881 73 42 333 767 15.5 9.1 9.78 4.5 27.61 17.89 0.508 16.28 4.47 9.39 -6
142.2199 74 42 333 767 15.5 9.1 9.78 4.5 27.61 17.89 0.508 16.28 4.47 9.39 -6
90.14428 76 42 333 767 15.5 9.1 9.78 4.5 27.61 17.89 0.508 16.28 4.47 9.39 -6
134.4824 77 42 333 767 15.5 9.1 9.78 4.5 27.61 17.89 0.508 16.28 4.47 9.39 -6
154.3539 78 42 333 767 15.5 9.1 9.78 4.5 27.61 17.89 0.508 16.28 4.47 9.39 -6
114.2387 79 42 333 767 15.5 9.1 9.78 4.5 27.61 17.89 0.508 16.28 4.47 9.39 -6
126.0372 80 42 333 767 15.5 9.1 9.78 4.5 27.61 17.89 0.508 16.28 4.47 9.39 -6
141.4303 81 42 333 767 15.5 9.1 9.78 4.5 27.61 17.89 0.508 16.28 4.47 9.39 -6
134.5095 82 42 333 767 15.5 9.1 9.78 4.5 27.61 17.89 0.508 16.28 4.47 9.39 -6
143.1364 85 42 333 767 15.5 9.1 9.78 4.5 27.61 17.89 0.508 16.28 4.47 9.39 -6
143.1404 86 42 333 767 15.5 9.1 9.78 4.5 27.61 17.89 0.508 16.28 4.47 9.39 -6
141.9826 87 42 333 767 15.5 9.1 9.78 4.5 27.61 17.89 0.508 16.28 4.47 9.39 -6
142.76 88 42 333 767 15.5 9.1 9.78 4.5 27.61 17.89 0.508 16.28 4.47 9.39 -6
116.1355 89 42 333 767 15.5 9.1 9.78 4.5 27.61 17.89 0.508 16.28 4.47 9.39 -6
114.53 90 42 333 767 15.5 9.1 9.78 4.5 27.61 17.89 0.508 16.28 4.47 9.39 -6
140.4574 92 42 333 767 15.5 9.1 9.78 4.5 27.61 17.89 0.508 16.28 4.47 9.39 -6
151.296 92 42 333 767 15.5 9.1 9.78 4.5 27.61 17.89 0.508 16.28 4.47 9.39 -6
165.9469 93 42 333 767 15.5 9.1 9.78 4.5 27.61 17.89 0.508 16.28 4.47 9.39 -6
128.1598 96 42 333 767 15.5 9.1 9.78 4.5 27.61 17.89 0.508 16.28 4.47 9.39 -6
137.947 97 42 333 767 15.5 9.1 9.78 4.5 27.61 17.89 0.508 16.28 4.47 9.39 -6
134.2992 98 42 333 767 15.5 9.1 9.78 4.5 27.61 17.89 0.508 16.28 4.47 9.39 -6
123.8312 98 42 333 767 15.5 9.1 9.78 4.5 27.61 17.89 0.508 16.28 4.47 9.39 -6
162.8695 100 42 333 767 15.5 9.1 9.78 4.5 27.61 17.89 0.508 16.28 4.47 9.39 -6
128.4339 101 42 333 767 15.5 9.1 9.78 4.5 27.61 17.89 0.508 16.28 4.47 9.39 -6
110.6711 105 42 333 767 15.5 9.1 9.78 4.5 27.61 17.89 0.508 16.28 4.47 9.39 -6
104.7657 105 42 333 767 15.5 9.1 9.78 4.5 27.61 17.89 0.508 16.28 4.47 9.39 -6
154.6484 106 42 333 767 15.5 9.1 9.78 4.5 27.61 17.89 0.508 16.28 4.47 9.39 -6
138.0198 112 42 333 767 15.5 9.1 9.78 4.5 27.61 17.89 0.508 16.28 4.47 9.39 -6
129.2955 113 42 333 767 15.5 9.1 9.78 4.5 27.61 17.89 0.508 16.28 4.47 9.39 -6
123.5808 118 42 333 767 15.5 9.1 9.78 4.5 27.61 17.89 0.508 16.28 4.47 9.39 -6
122.7584 125 42 333 767 15.5 9.1 9.78 4.5 27.61 17.89 0.508 16.28 4.47 9.39 -6
128.9003 125 42 333 767 15.5 9.1 9.78 4.5 27.61 17.89 0.508 16.28 4.47 9.39 -6
97.48406 126 42 333 767 15.5 9.1 9.78 4.5 27.61 17.89 0.508 16.28 4.47 9.39 -6
123.2977 128 42 333 767 15.5 9.1 9.78 4.5 27.61 17.89 0.508 16.28 4.47 9.39 -6
114.3606 129 42 333 767 15.5 9.1 9.78 4.5 27.61 17.89 0.508 16.28 4.47 9.39 -6
89.39476 130 42 333 767 15.5 9.1 9.78 4.5 27.61 17.89 0.508 16.28 4.47 9.39 -6
75.80676 130 42 333 767 15.5 9.1 9.78 4.5 27.61 17.89 0.508 16.28 4.47 9.39 -6
125.0839 142 42 333 767 15.5 9.1 9.78 4.5 27.61 17.89 0.508 16.28 4.47 9.39 -6
136.9029 143 42 333 767 15.5 9.1 9.78 4.5 27.61 17.89 0.508 16.28 4.47 9.39 -6
194.2742 146 42 333 767 15.5 9.1 9.78 4.5 27.61 17.89 0.508 16.28 4.47 9.39 -6
216.197 147 42 333 767 15.5 9.1 9.78 4.5 27.61 17.89 0.508 16.28 4.47 9.39 -6
239.4781 148 42 333 767 15.5 9.1 9.78 4.5 27.61 17.89 0.508 16.28 4.47 9.39 -6
238.1329 148 42 333 767 15.5 9.1 9.78 4.5 27.61 17.89 0.508 16.28 4.47 9.39 -6
249.1696 149 42 333 767 15.5 9.1 9.78 4.5 27.61 17.89 0.508 16.28 4.47 9.39 -6
237.9905 149 42 333 767 15.5 9.1 9.78 4.5 27.61 17.89 0.508 16.28 4.47 9.39 -6
139.3061 150 42 333 767 15.5 9.1 9.78 4.5 27.61 17.89 0.508 16.28 4.47 9.39 -6
164.0183 151 42 333 767 15.5 9.1 9.78 4.5 27.61 17.89 0.508 16.28 4.47 9.39 -6
161.1708 152 42 333 767 15.5 9.1 9.78 4.5 27.61 17.89 0.508 16.28 4.47 9.39 -6
156.5263 158 42 333 767 15.5 9.1 9.78 4.5 27.61 17.89 0.508 16.28 4.47 9.39 -6
164.078 159 42 333 767 15.5 9.1 9.78 4.5 27.61 17.89 0.508 16.28 4.47 9.39 -6
192.7286 159 42 333 767 15.5 9.1 9.78 4.5 27.61 17.89 0.508 16.28 4.47 9.39 -6
181.025 160 42 333 767 15.5 9.1 9.78 4.5 27.61 17.89 0.508 16.28 4.47 9.39 -6
142.2854 160 42 333 767 15.5 9.1 9.78 4.5 27.61 17.89 0.508 16.28 4.47 9.39 -6
193.2932 161 42 333 767 15.5 9.1 9.78 4.5 27.61 17.89 0.508 16.28 4.47 9.39 -6
174.2891 162 42 333 767 15.5 9.1 9.78 4.5 27.61 17.89 0.508 16.28 4.47 9.39 -6
205.1096 163 42 333 767 15.5 9.1 9.78 4.5 27.61 17.89 0.508 16.28 4.47 9.39 -6
153.394 164 42 333 767 15.5 9.1 9.78 4.5 27.61 17.89 0.508 16.28 4.47 9.39 -6
181.1649 165 42 333 767 15.5 9.1 9.78 4.5 27.61 17.89 0.508 16.28 4.47 9.39 -6
173.6124 166 42 333 767 15.5 9.1 9.78 4.5 27.61 17.89 0.508 16.28 4.47 9.39 -6
183.6074 167 42 333 767 15.5 9.1 9.78 4.5 27.61 17.89 0.508 16.28 4.47 9.39 -6
177.4247 168 42 333 767 15.5 9.1 9.78 4.5 27.61 17.89 0.508 16.28 4.47 9.39 -6
186.9729 169 42 333 767 15.5 9.1 9.78 4.5 27.61 17.89 0.508 16.28 4.47 9.39 -6
223.5384 170 42 333 767 15.5 9.1 9.78 4.5 27.61 17.89 0.508 16.28 4.47 9.39 -6
164.6623 171 42 333 767 15.5 9.1 9.78 4.5 27.61 17.89 0.508 16.28 4.47 9.39 -6
146.3537 172 42 333 767 15.5 9.1 9.78 4.5 27.61 17.89 0.508 16.28 4.47 9.39 -6
165.42 173 42 333 767 15.5 9.1 9.78 4.5 27.61 17.89 0.508 16.28 4.47 9.39 -6
185.6032 174 42 333 767 15.5 9.1 9.78 4.5 27.61 17.89 0.508 16.28 4.47 9.39 -6
183.3816 175 42 333 767 15.5 9.1 9.78 4.5 27.61 17.89 0.508 16.28 4.47 9.39 -6
186.288 176 42 333 767 15.5 9.1 9.78 4.5 27.61 17.89 0.508 16.28 4.47 9.39 -6
169.0301 176 42 333 767 15.5 9.1 9.78 4.5 27.61 17.89 0.508 16.28 4.47 9.39 -6
185.9935 177 42 333 767 15.5 9.1 9.78 4.5 27.61 17.89 0.508 16.28 4.47 9.39 -6
171.8343 178 42 333 767 15.5 9.1 9.78 4.5 27.61 17.89 0.508 16.28 4.47 9.39 -6
204.5442 179 42 333 767 15.5 9.1 9.78 4.5 27.61 17.89 0.508 16.28 4.47 9.39 -6
188.5546 180 42 333 767 15.5 9.1 9.78 4.5 27.61 17.89 0.508 16.28 4.47 9.39 -6
185.0836 180 42 333 767 15.5 9.1 9.78 4.5 27.61 17.89 0.508 16.28 4.47 9.39 -6
186.3126 181 42 333 767 15.5 9.1 9.78 4.5 27.61 17.89 0.508 16.28 4.47 9.39 -6
186.6546 182 42 333 767 15.5 9.1 9.78 4.5 27.61 17.89 0.508 16.28 4.47 9.39 -6
230.0739 183 42 333 767 15.5 9.1 9.78 4.5 27.61 17.89 0.508 16.28 4.47 9.39 -6
211.1688 183 42 333 767 15.5 9.1 9.78 4.5 27.61 17.89 0.508 16.28 4.47 9.39 -6
179.616 184 42 333 767 15.5 9.1 9.78 4.5 27.61 17.89 0.508 16.28 4.47 9.39 -6
194.4183 184 42 333 767 15.5 9.1 9.78 4.5 27.61 17.89 0.508 16.28 4.47 9.39 -6
157.7603 185 42 333 767 15.5 9.1 9.78 4.5 27.61 17.89 0.508 16.28 4.47 9.39 -6
164.9855 186 42 333 767 15.5 9.1 9.78 4.5 27.61 17.89 0.508 16.28 4.47 9.39 -6
166.3896 187 42 333 767 15.5 9.1 9.78 4.5 27.61 17.89 0.508 16.28 4.47 9.39 -6
141.4442 189 42 333 767 15.5 9.1 9.78 4.5 27.61 17.89 0.508 16.28 4.47 9.39 -6
177.3576 192 42 333 767 15.5 9.1 9.78 4.5 27.61 17.89 0.508 16.28 4.47 9.39 -6
183.956 192 42 333 767 15.5 9.1 9.78 4.5 27.61 17.89 0.508 16.28 4.47 9.39 -6
159.4614 193 42 333 767 15.5 9.1 9.78 4.5 27.61 17.89 0.508 16.28 4.47 9.39 -6
178.7961 193 42 333 767 15.5 9.1 9.78 4.5 27.61 17.89 0.508 16.28 4.47 9.39 -6
167.8175 194 42 333 767 15.5 9.1 9.78 4.5 27.61 17.89 0.508 16.28 4.47 9.39 -6
169.0391 194 42 333 767 15.5 9.1 9.78 4.5 27.61 17.89 0.508 16.28 4.47 9.39 -6
188.2641 195 42 333 767 15.5 9.1 9.78 4.5 27.61 17.89 0.508 16.28 4.47 9.39 -6
165.9396 195 42 333 767 15.5 9.1 9.78 4.5 27.61 17.89 0.508 16.28 4.47 9.39 -6
170.6953 196 42 333 767 15.5 9.1 9.78 4.5 27.61 17.89 0.508 16.28 4.47 9.39 -6
170.494 196 42 333 767 15.5 9.1 9.78 4.5 27.61 17.89 0.508 16.28 4.47 9.39 -6
169.5219 197 42 333 767 15.5 9.1 9.78 4.5 27.61 17.89 0.508 16.28 4.47 9.39 -6
196.063 197 42 333 767 15.5 9.1 9.78 4.5 27.61 17.89 0.508 16.28 4.47 9.39 -6
141.094 198 42 333 767 15.5 9.1 9.78 4.5 27.61 17.89 0.508 16.28 4.47 9.39 -6
135.8964 199 42 333 767 15.5 9.1 9.78 4.5 27.61 17.89 0.508 16.28 4.47 9.39 -6
139.7299 204 42 333 767 15.5 9.1 9.78 4.5 27.61 17.89 0.508 16.28 4.47 9.39 -6
137.4445 205 42 333 767 15.5 9.1 9.78 4.5 27.61 17.89 0.508 16.28 4.47 9.39 -6
139.2087 206 42 333 767 15.5 9.1 9.78 4.5 27.61 17.89 0.508 16.28 4.47 9.39 -6
122.729 207 42 333 767 15.5 9.1 9.78 4.5 27.61 17.89 0.508 16.28 4.47 9.39 -6
160.5342 207 42 333 767 15.5 9.1 9.78 4.5 27.61 17.89 0.508 16.28 4.47 9.39 -6
111.7021 208 42 333 767 15.5 9.1 9.78 4.5 27.61 17.89 0.508 16.28 4.47 9.39 -6
133.3091 208 42 333 767 15.5 9.1 9.78 4.5 27.61 17.89 0.508 16.28 4.47 9.39 -6
138.4985 209 42 333 767 15.5 9.1 9.78 4.5 27.61 17.89 0.508 16.28 4.47 9.39 -6
138.037 210 42 333 767 15.5 9.1 9.78 4.5 27.61 17.89 0.508 16.28 4.47 9.39 -6
145.7057 211 42 333 767 15.5 9.1 9.78 4.5 27.61 17.89 0.508 16.28 4.47 9.39 -6
143.1257 212 42 333 767 15.5 9.1 9.78 4.5 27.61 17.89 0.508 16.28 4.47 9.39 -6
142.7493 213 42 333 767 15.5 9.1 9.78 4.5 27.61 17.89 0.508 16.28 4.47 9.39 -6
153.3482 214 42 333 767 15.5 9.1 9.78 4.5 27.61 17.89 0.508 16.28 4.47 9.39 -6
127.8791 215 42 333 767 15.5 9.1 9.78 4.5 27.61 17.89 0.508 16.28 4.47 9.39 -6
134.7917 217 42 333 767 15.5 9.1 9.78 4.5 27.61 17.89 0.508 16.28 4.47 9.39 -6
152.3483 218 42 333 767 15.5 9.1 9.78 4.5 27.61 17.89 0.508 16.28 4.47 9.39 -6
138.037 219 42 333 767 15.5 9.1 9.78 4.5 27.61 17.89 0.508 16.28 4.47 9.39 -6
140.6603 220 42 333 767 15.5 9.1 9.78 4.5 27.61 17.89 0.508 16.28 4.47 9.39 -6
160.3402 221 42 333 767 15.5 9.1 9.78 4.5 27.61 17.89 0.508 16.28 4.47 9.39 -6
120.6146 223 42 333 767 15.5 9.1 9.78 4.5 27.61 17.89 0.508 16.28 4.47 9.39 -6
163.772 224 42 333 767 15.5 9.1 9.78 4.5 27.61 17.89 0.508 16.28 4.47 9.39 -6
181.1993 225 42 333 767 15.5 9.1 9.78 4.5 27.61 17.89 0.508 16.28 4.47 9.39 -6
144.2885 227 42 333 767 15.5 9.1 9.78 4.5 27.61 17.89 0.508 16.28 4.47 9.39 -6
144.6256 228 42 333 767 15.5 9.1 9.78 4.5 27.61 17.89 0.508 16.28 4.47 9.39 -6
132.2584 229 42 333 767 15.5 9.1 9.78 4.5 27.61 17.89 0.508 16.28 4.47 9.39 -6
154.9504 231 42 333 767 15.5 9.1 9.78 4.5 27.61 17.89 0.508 16.28 4.47 9.39 -6
148.4812 232 42 333 767 15.5 9.1 9.78 4.5 27.61 17.89 0.508 16.28 4.47 9.39 -6
154.6141 233 42 333 767 15.5 9.1 9.78 4.5 27.61 17.89 0.508 16.28 4.47 9.39 -6
148.32 234 42 333 767 15.5 9.1 9.78 4.5 27.61 17.89 0.508 16.28 4.47 9.39 -6
155.8308 235 42 333 767 15.5 9.1 9.78 4.5 27.61 17.89 0.508 16.28 4.47 9.39 -6
158.2545 236 42 333 767 15.5 9.1 9.78 4.5 27.61 17.89 0.508 16.28 4.47 9.39 -6
168.4148 237 42 333 767 15.5 9.1 9.78 4.5 27.61 17.89 0.508 16.28 4.47 9.39 -6
161.71 238 42 333 767 15.5 9.1 9.78 4.5 27.61 17.89 0.508 16.28 4.47 9.39 -6
138.1793 239 42 333 767 15.5 9.1 9.78 4.5 27.61 17.89 0.508 16.28 4.47 9.39 -6
140.9532 240 42 333 767 15.5 9.1 9.78 4.5 27.61 17.89 0.508 16.28 4.47 9.39 -6
144.5945 242 42 333 767 15.5 9.1 9.78 4.5 27.61 17.89 0.508 16.28 4.47 9.39 -6
155.6991 243 42 333 767 15.5 9.1 9.78 4.5 27.61 17.89 0.508 16.28 4.47 9.39 -6
130.6743 244 42 333 767 15.5 9.1 9.78 4.5 27.61 17.89 0.508 16.28 4.47 9.39 -6
134.0823 245 42 333 767 15.5 9.1 9.78 4.5 27.61 17.89 0.508 16.28 4.47 9.39 -6
145.8595 246 42 333 767 15.5 9.1 9.78 4.5 27.61 17.89 0.508 16.28 4.47 9.39 -6
113.8672 248 42 333 767 15.5 9.1 9.78 4.5 27.61 17.89 0.508 16.28 4.47 9.39 -6
146.4798 249 42 333 767 15.5 9.1 9.78 4.5 27.61 17.89 0.508 16.28 4.47 9.39 -6
178.0367 250 42 333 767 15.5 9.1 9.78 4.5 27.61 17.89 0.508 16.28 4.47 9.39 -6
158.3625 251 42 333 767 15.5 9.1 9.78 4.5 27.61 17.89 0.508 16.28 4.47 9.39 -6
153.5912 253 42 333 767 15.5 9.1 9.78 4.5 27.61 17.89 0.508 16.28 4.47 9.39 -6
123.2183 255 42 333 767 15.5 9.1 9.78 4.5 27.61 17.89 0.508 16.28 4.47 9.39 -6
93.01883 255 42 333 767 15.5 9.1 9.78 4.5 27.61 17.89 0.508 16.28 4.47 9.39 -6
105.0644 256 42 333 767 15.5 9.1 9.78 4.5 27.61 17.89 0.508 16.28 4.47 9.39 -6
157.0795 258 42 333 767 15.5 9.1 9.78 4.5 27.61 17.89 0.508 16.28 4.47 9.39 -6
158.1489 260 42 333 767 15.5 9.1 9.78 4.5 27.61 17.89 0.508 16.28 4.47 9.39 -6
166.1957 261 42 333 767 15.5 9.1 9.78 4.5 27.61 17.89 0.508 16.28 4.47 9.39 -6
176.5229 262 42 333 767 15.5 9.1 9.78 4.5 27.61 17.89 0.508 16.28 4.47 9.39 -6
165.6311 264 42 333 767 15.5 9.1 9.78 4.5 27.61 17.89 0.508 16.28 4.47 9.39 -6
135.1518 266 42 333 767 15.5 9.1 9.78 4.5 27.61 17.89 0.508 16.28 4.47 9.39 -6
143.1838 269 42 333 767 15.5 9.1 9.78 4.5 27.61 17.89 0.508 16.28 4.47 9.39 -6
153.7639 271 42 333 767 15.5 9.1 9.78 4.5 27.61 17.89 0.508 16.28 4.47 9.39 -6
177.333 272 42 333 767 15.5 9.1 9.78 4.5 27.61 17.89 0.508 16.28 4.47 9.39 -6
178.7126 274 42 333 767 15.5 9.1 9.78 4.5 27.61 17.89 0.508 16.28 4.47 9.39 -6
96.8851 275 42 333 767 15.5 9.1 9.78 4.5 27.61 17.89 0.508 16.28 4.47 9.39 -6
128.9993 276 42 333 767 15.5 9.1 9.78 4.5 27.61 17.89 0.508 16.28 4.47 9.39 -6
131.2863 277 42 333 767 15.5 9.1 9.78 4.5 27.61 17.89 0.508 16.28 4.47 9.39 -6
144.8481 278 42 333 767 15.5 9.1 9.78 4.5 27.61 17.89 0.508 16.28 4.47 9.39 -6
158.5859 281 42 333 767 15.5 9.1 9.78 4.5 27.61 17.89 0.508 16.28 4.47 9.39 -6
172.5053 282 42 333 767 15.5 9.1 9.78 4.5 27.61 17.89 0.508 16.28 4.47 9.39 -6
180.8515 283 42 333 767 15.5 9.1 9.78 4.5 27.61 17.89 0.508 16.28 4.47 9.39 -6
137.3766 284 42 333 767 15.5 9.1 9.78 4.5 27.61 17.89 0.508 16.28 4.47 9.39 -6
158.3331 285 42 333 767 15.5 9.1 9.78 4.5 27.61 17.89 0.508 16.28 4.47 9.39 -6
169.8009 286 42 333 767 15.5 9.1 9.78 4.5 27.61 17.89 0.508 16.28 4.47 9.39 -6
184.9134 287 42 333 767 15.5 9.1 9.78 4.5 27.61 17.89 0.508 16.28 4.47 9.39 -6
154.6484 288 42 333 767 15.5 9.1 9.78 4.5 27.61 17.89 0.508 16.28 4.47 9.39 -6
142.2665 291 42 333 767 15.5 9.1 9.78 4.5 27.61 17.89 0.508 16.28 4.47 9.39 -6
161.5243 292 42 333 767 15.5 9.1 9.78 4.5 27.61 17.89 0.508 16.28 4.47 9.39 -6
184.37 294 42 333 767 15.5 9.1 9.78 4.5 27.61 17.89 0.508 16.28 4.47 9.39 -6
160.2805 295 42 333 767 15.5 9.1 9.78 4.5 27.61 17.89 0.508 16.28 4.47 9.39 -6
162.678 298 42 333 767 15.5 9.1 9.78 4.5 27.61 17.89 0.508 16.28 4.47 9.39 -6
174.0731 300 42 333 767 15.5 9.1 9.78 4.5 27.61 17.89 0.508 16.28 4.47 9.39 -6
144.6501 301 42 333 767 15.5 9.1 9.78 4.5 27.61 17.89 0.508 16.28 4.47 9.39 -6
151.9997 303 42 333 767 15.5 9.1 9.78 4.5 27.61 17.89 0.508 16.28 4.47 9.39 -6
160.7224 305 42 333 767 15.5 9.1 9.78 4.5 27.61 17.89 0.508 16.28 4.47 9.39 -6
155.5182 306 42 333 767 15.5 9.1 9.78 4.5 27.61 17.89 0.508 16.28 4.47 9.39 -6
158.9328 307 42 333 767 15.5 9.1 9.78 4.5 27.61 17.89 0.508 16.28 4.47 9.39 -6
164.0625 308 42 333 767 15.5 9.1 9.78 4.5 27.61 17.89 0.508 16.28 4.47 9.39 -6
144.8506 310 42 333 767 15.5 9.1 9.78 4.5 27.61 17.89 0.508 16.28 4.47 9.39 -6
143.8891 311 42 333 767 15.5 9.1 9.78 4.5 27.61 17.89 0.508 16.28 4.47 9.39 -6
158.482 312 42 333 767 15.5 9.1 9.78 4.5 27.61 17.89 0.508 16.28 4.47 9.39 -6
152.7034 314 42 333 767 15.5 9.1 9.78 4.5 27.61 17.89 0.508 16.28 4.47 9.39 -6
157.0991 316 42 333 767 15.5 9.1 9.78 4.5 27.61 17.89 0.508 16.28 4.47 9.39 -6
110.0329 317 42 333 767 15.5 9.1 9.78 4.5 27.61 17.89 0.508 16.28 4.47 9.39 -6
193.5935 319 42 333 767 15.5 9.1 9.78 4.5 27.61 17.89 0.508 16.28 4.47 9.39 -6
155.3137 320 42 333 767 15.5 9.1 9.78 4.5 27.61 17.89 0.508 16.28 4.47 9.39 -6
164.9151 320 42 333 767 15.5 9.1 9.78 4.5 27.61 17.89 0.508 16.28 4.47 9.39 -6
140.3665 321 42 333 767 15.5 9.1 9.78 4.5 27.61 17.89 0.508 16.28 4.47 9.39 -6
161.3672 322 42 333 767 15.5 9.1 9.78 4.5 27.61 17.89 0.508 16.28 4.47 9.39 -6
179.5865 323 42 333 767 15.5 9.1 9.78 4.5 27.61 17.89 0.508 16.28 4.47 9.39 -6
180.2714 325 42 333 767 15.5 9.1 9.78 4.5 27.61 17.89 0.508 16.28 4.47 9.39 -6
204.1964 326 42 333 767 15.5 9.1 9.78 4.5 27.61 17.89 0.508 16.28 4.47 9.39 -6
135.8833 327 42 333 767 15.5 9.1 9.78 4.5 27.61 17.89 0.508 16.28 4.47 9.39 -6
137.9846 328 42 333 767 15.5 9.1 9.78 4.5 27.61 17.89 0.508 16.28 4.47 9.39 -6
168.5981 330 42 333 767 15.5 9.1 9.78 4.5 27.61 17.89 0.508 16.28 4.47 9.39 -6
202.5632 331 42 333 767 15.5 9.1 9.78 4.5 27.61 17.89 0.508 16.28 4.47 9.39 -6
149.4206 332 42 333 767 15.5 9.1 9.78 4.5 27.61 17.89 0.508 16.28 4.47 9.39 -6
140.9508 333 42 333 767 15.5 9.1 9.78 4.5 27.61 17.89 0.508 16.28 4.47 9.39 -6
152.9113 334 42 333 767 15.5 9.1 9.78 4.5 27.61 17.89 0.508 16.28 4.47 9.39 -6
175.2653 335 42 333 767 15.5 9.1 9.78 4.5 27.61 17.89 0.508 16.28 4.47 9.39 -6
126.4504 336 42 333 767 15.5 9.1 9.78 4.5 27.61 17.89 0.508 16.28 4.47 9.39 -6
159.4622 337 42 333 767 15.5 9.1 9.78 4.5 27.61 17.89 0.508 16.28 4.47 9.39 -6
151.0882 338 42 333 767 15.5 9.1 9.78 4.5 27.61 17.89 0.508 16.28 4.47 9.39 -6
156.5607 339 42 333 767 15.5 9.1 9.78 4.5 27.61 17.89 0.508 16.28 4.47 9.39 -6
143.516 340 42 333 767 15.5 9.1 9.78 4.5 27.61 17.89 0.508 16.28 4.47 9.39 -6
197.2953 362 42 333 767 15.5 9.1 9.78 4.5 27.61 17.89 0.508 16.28 4.47 9.39 -6
182.1787 364 42 333 767 15.5 9.1 9.78 4.5 27.61 17.89 0.508 16.28 4.47 9.39 -6
164.722 365 42 333 767 15.5 9.1 9.78 4.5 27.61 17.89 0.508 16.28 4.47 9.39 -6
171.2714 365 42 333 767 15.5 9.1 9.78 4.5 27.61 17.89 0.508 16.28 4.47 9.39 -6
172.286 365 42 333 767 15.5 9.1 9.78 4.5 27.61 17.89 0.508 16.28 4.47 9.39 -6
137.8504 380 42 333 767 15.5 9.1 9.78 4.5 27.61 17.89 0.508 16.28 4.47 9.39 -6
146.9028 381 42 333 767 15.5 9.1 9.78 4.5 27.61 17.89 0.508 16.28 4.47 9.39 -6
121.5728 382 42 333 767 15.5 9.1 9.78 4.5 27.61 17.89 0.508 16.28 4.47 9.39 -6
122.8174 382 42 333 767 15.5 9.1 9.78 4.5 27.61 17.89 0.508 16.28 4.47 9.39 -6
153.9316 383 42 333 767 15.5 9.1 9.78 4.5 27.61 17.89 0.508 16.28 4.47 9.39 -6
141.9376 384 42 333 767 15.5 9.1 9.78 4.5 27.61 17.89 0.508 16.28 4.47 9.39 -6
157.9959 384 42 333 767 15.5 9.1 9.78 4.5 27.61 17.89 0.508 16.28 4.47 9.39 -6
151.8623 385 42 333 767 15.5 9.1 9.78 4.5 27.61 17.89 0.508 16.28 4.47 9.39 -6
176.1056 385 42 333 767 15.5 9.1 9.78 4.5 27.61 17.89 0.508 16.28 4.47 9.39 -6
174.2825 386 42 333 767 15.5 9.1 9.78 4.5 27.61 17.89 0.508 16.28 4.47 9.39 -6
171.1404 386 42 333 767 15.5 9.1 9.78 4.5 27.61 17.89 0.508 16.28 4.47 9.39 -6
160.1496 387 42 333 767 15.5 9.1 9.78 4.5 27.61 17.89 0.508 16.28 4.47 9.39 -6
148.7349 387 42 333 767 15.5 9.1 9.78 4.5 27.61 17.89 0.508 16.28 4.47 9.39 -6
115.0603 389 42 333 767 15.5 9.1 9.78 4.5 27.61 17.89 0.508 16.28 4.47 9.39 -6
133.7035 390 42 333 767 15.5 9.1 9.78 4.5 27.61 17.89 0.508 16.28 4.47 9.39 -6
124.2657 391 42 333 767 15.5 9.1 9.78 4.5 27.61 17.89 0.508 16.28 4.47 9.39 -6
162.2959 392 42 333 767 15.5 9.1 9.78 4.5 27.61 17.89 0.508 16.28 4.47 9.39 -6
185.8675 393 42 333 767 15.5 9.1 9.78 4.5 27.61 17.89 0.508 16.28 4.47 9.39 -6
179.2248 393 42 333 767 15.5 9.1 9.78 4.5 27.61 17.89 0.508 16.28 4.47 9.39 -6
150.9442 395 42 333 767 15.5 9.1 9.78 4.5 27.61 17.89 0.508 16.28 4.47 9.39 -6
154.0945 395 42 333 767 15.5 9.1 9.78 4.5 27.61 17.89 0.508 16.28 4.47 9.39 -6
130.185 396 42 333 767 15.5 9.1 9.78 4.5 27.61 17.89 0.508 16.28 4.47 9.39 -6
122.6995 399 42 333 767 15.5 9.1 9.78 4.5 27.61 17.89 0.508 16.28 4.47 9.39 -6
131.6496 400 42 333 767 15.5 9.1 9.78 4.5 27.61 17.89 0.508 16.28 4.47 9.39 -6
133.8589 405 42 333 767 15.5 9.1 9.78 4.5 27.61 17.89 0.508 16.28 4.47 9.39 -6
128.217 406 42 333 767 15.5 9.1 9.78 4.5 27.61 17.89 0.508 16.28 4.47 9.39 -6
149.8788 406 42 333 767 15.5 9.1 9.78 4.5 27.61 17.89 0.508 16.28 4.47 9.39 -6
136.9945 407 42 333 767 15.5 9.1 9.78 4.5 27.61 17.89 0.508 16.28 4.47 9.39 -6
142.0211 410 42 333 767 15.5 9.1 9.78 4.5 27.61 17.89 0.508 16.28 4.47 9.39 -6
132.9114 411 42 333 767 15.5 9.1 9.78 4.5 27.61 17.89 0.508 16.28 4.47 9.39 -6
138.888 412 42 333 767 15.5 9.1 9.78 4.5 27.61 17.89 0.508 16.28 4.47 9.39 -6
125.0037 414 42 333 767 15.5 9.1 9.78 4.5 27.61 17.89 0.508 16.28 4.47 9.39 -6
140.7176 415 42 333 767 15.5 9.1 9.78 4.5 27.61 17.89 0.508 16.28 4.47 9.39 -6
122.6373 416 42 333 767 15.5 9.1 9.78 4.5 27.61 17.89 0.508 16.28 4.47 9.39 -6
153.1944 418 42 333 767 15.5 9.1 9.78 4.5 27.61 17.89 0.508 16.28 4.47 9.39 -6
128.7399 420 42 333 767 15.5 9.1 9.78 4.5 27.61 17.89 0.508 16.28 4.47 9.39 -6
132.6152 421 42 333 767 15.5 9.1 9.78 4.5 27.61 17.89 0.508 16.28 4.47 9.39 -6
124.3516 421 42 333 767 15.5 9.1 9.78 4.5 27.61 17.89 0.508 16.28 4.47 9.39 -6
169.0113 424 42 333 767 15.5 9.1 9.78 4.5 27.61 17.89 0.508 16.28 4.47 9.39 -6
153.9145 425 42 333 767 15.5 9.1 9.78 4.5 27.61 17.89 0.508 16.28 4.47 9.39 -6
147.3013 430 42 333 767 15.5 9.1 9.78 4.5 27.61 17.89 0.508 16.28 4.47 9.39 -6
152.1945 431 42 333 767 15.5 9.1 9.78 4.5 27.61 17.89 0.508 16.28 4.47 9.39 -6
80.90533 434 42 333 767 15.5 9.1 9.78 4.5 27.61 17.89 0.508 16.28 4.47 9.39 -6
146.9854 435 42 333 767 15.5 9.1 9.78 4.5 27.61 17.89 0.508 16.28 4.47 9.39 -6
158.0205 435 42 333 767 15.5 9.1 9.78 4.5 27.61 17.89 0.508 16.28 4.47 9.39 -6
148.2292 440 42 333 767 15.5 9.1 9.78 4.5 27.61 17.89 0.508 16.28 4.47 9.39 -6
144.8563 442 42 333 767 15.5 9.1 9.78 4.5 27.61 17.89 0.508 16.28 4.47 9.39 -6
118.3726 443 42 333 767 15.5 9.1 9.78 4.5 27.61 17.89 0.508 16.28 4.47 9.39 -6
143.2656 444 42 333 767 15.5 9.1 9.78 4.5 27.61 17.89 0.508 16.28 4.47 9.39 -6
137.3398 446 42 333 767 15.5 9.1 9.78 4.5 27.61 17.89 0.508 16.28 4.47 9.39 -6
150.9098 446 42 333 767 15.5 9.1 9.78 4.5 27.61 17.89 0.508 16.28 4.47 9.39 -6
127.9143 447 42 333 767 15.5 9.1 9.78 4.5 27.61 17.89 0.508 16.28 4.47 9.39 -6
119.2072 448 42 333 767 15.5 9.1 9.78 4.5 27.61 17.89 0.508 16.28 4.47 9.39 -6
158.4476 449 42 333 767 15.5 9.1 9.78 4.5 27.61 17.89 0.508 16.28 4.47 9.39 -6
127.9969 450 42 333 767 15.5 9.1 9.78 4.5 27.61 17.89 0.508 16.28 4.47 9.39 -6
134.7967 451 42 333 767 15.5 9.1 9.78 4.5 27.61 17.89 0.508 16.28 4.47 9.39 -6
154.1468 452 42 333 767 15.5 9.1 9.78 4.5 27.61 17.89 0.508 16.28 4.47 9.39 -6
166.1548 453 42 333 767 15.5 9.1 9.78 4.5 27.61 17.89 0.508 16.28 4.47 9.39 -6
125.741 454 42 333 767 15.5 9.1 9.78 4.5 27.61 17.89 0.508 16.28 4.47 9.39 -6
167.9983 455 42 333 767 15.5 9.1 9.78 4.5 27.61 17.89 0.508 16.28 4.47 9.39 -6
171.962 456 42 333 767 15.5 9.1 9.78 4.5 27.61 17.89 0.508 16.28 4.47 9.39 -6
71.30142 457 42 333 767 15.5 9.1 9.78 4.5 27.61 17.89 0.508 16.28 4.47 9.39 -6
131.144 458 42 333 767 15.5 9.1 9.78 4.5 27.61 17.89 0.508 16.28 4.47 9.39 -6
148.4419 460 42 333 767 15.5 9.1 9.78 4.5 27.61 17.89 0.508 16.28 4.47 9.39 -6
178.1775 461 42 333 767 15.5 9.1 9.78 4.5 27.61 17.89 0.508 16.28 4.47 9.39 -6
185.3749 462 42 333 767 15.5 9.1 9.78 4.5 27.61 17.89 0.508 16.28 4.47 9.39 -6
172.921 463 42 333 767 15.5 9.1 9.78 4.5 27.61 17.89 0.508 16.28 4.47 9.39 -6
139.5033 464 42 333 767 15.5 9.1 9.78 4.5 27.61 17.89 0.508 16.28 4.47 9.39 -6
145.2998 467 42 333 767 15.5 9.1 9.78 4.5 27.61 17.89 0.508 16.28 4.47 9.39 -6
135.6575 467 42 333 767 15.5 9.1 9.78 4.5 27.61 17.89 0.508 16.28 4.47 9.39 -6
192.9986 472 42 333 767 15.5 9.1 9.78 4.5 27.61 17.89 0.508 16.28 4.47 9.39 -6
189.003 473 42 333 767 15.5 9.1 9.78 4.5 27.61 17.89 0.508 16.28 4.47 9.39 -6
128.7653 474 42 333 767 15.5 9.1 9.78 4.5 27.61 17.89 0.508 16.28 4.47 9.39 -6
149.905 474 42 333 767 15.5 9.1 9.78 4.5 27.61 17.89 0.508 16.28 4.47 9.39 -6
149.3445 477 42 333 767 15.5 9.1 9.78 4.5 27.61 17.89 0.508 16.28 4.47 9.39 -6
147.618 477 42 333 767 15.5 9.1 9.78 4.5 27.61 17.89 0.508 16.28 4.47 9.39 -6
115.3303 478 42 333 767 15.5 9.1 9.78 4.5 27.61 17.89 0.508 16.28 4.47 9.39 -6
151.2142 478 42 333 767 15.5 9.1 9.78 4.5 27.61 17.89 0.508 16.28 4.47 9.39 -6
146.2146 479 42 333 767 15.5 9.1 9.78 4.5 27.61 17.89 0.508 16.28 4.47 9.39 -6
122.0547 479 42 333 767 15.5 9.1 9.78 4.5 27.61 17.89 0.508 16.28 4.47 9.39 -6
169.2355 480 42 333 767 15.5 9.1 9.78 4.5 27.61 17.89 0.508 16.28 4.47 9.39 -6
183.8136 480 42 333 767 15.5 9.1 9.78 4.5 27.61 17.89 0.508 16.28 4.47 9.39 -6
160.1782 481 42 333 767 15.5 9.1 9.78 4.5 27.61 17.89 0.508 16.28 4.47 9.39 -6
157.775 482 42 333 767 15.5 9.1 9.78 4.5 27.61 17.89 0.508 16.28 4.47 9.39 -6
167.6857 483 42 333 767 15.5 9.1 9.78 4.5 27.61 17.89 0.508 16.28 4.47 9.39 -6
147.5811 484 42 333 767 15.5 9.1 9.78 4.5 27.61 17.89 0.508 16.28 4.47 9.39 -6
175.1384 485 42 333 767 15.5 9.1 9.78 4.5 27.61 17.89 0.508 16.28 4.47 9.39 -6
138.8421 486 42 333 767 15.5 9.1 9.78 4.5 27.61 17.89 0.508 16.28 4.47 9.39 -6
137.204 487 42 333 767 15.5 9.1 9.78 4.5 27.61 17.89 0.508 16.28 4.47 9.39 -6
147.7317 488 42 333 767 15.5 9.1 9.78 4.5 27.61 17.89 0.508 16.28 4.47 9.39 -6
144.3277 489 42 333 767 15.5 9.1 9.78 4.5 27.61 17.89 0.508 16.28 4.47 9.39 -6
134.7607 490 42 333 767 15.5 9.1 9.78 4.5 27.61 17.89 0.508 16.28 4.47 9.39 -6
116.1142 490 42 333 767 15.5 9.1 9.78 4.5 27.61 17.89 0.508 16.28 4.47 9.39 -6
170.602 491 42 333 767 15.5 9.1 9.78 4.5 27.61 17.89 0.508 16.28 4.47 9.39 -6
161.6634 492 42 333 767 15.5 9.1 9.78 4.5 27.61 17.89 0.508 16.28 4.47 9.39 -6
259.2063 493 42 333 767 15.5 9.1 9.78 4.5 27.61 17.89 0.508 16.28 4.47 9.39 -6
254.395 493 42 333 767 15.5 9.1 9.78 4.5 27.61 17.89 0.508 16.28 4.47 9.39 -6
123.0146 494 42 333 767 15.5 9.1 9.78 4.5 27.61 17.89 0.508 16.28 4.47 9.39 -6
155.641 495 42 333 767 15.5 9.1 9.78 4.5 27.61 17.89 0.508 16.28 4.47 9.39 -6
174.8586 496 42 333 767 15.5 9.1 9.78 4.5 27.61 17.89 0.508 16.28 4.47 9.39 -6
135.4775 497 42 333 767 15.5 9.1 9.78 4.5 27.61 17.89 0.508 16.28 4.47 9.39 -6
162.7844 498 42 333 767 15.5 9.1 9.78 4.5 27.61 17.89 0.508 16.28 4.47 9.39 -6
191.907 499 42 333 767 15.5 9.1 9.78 4.5 27.61 17.89 0.508 16.28 4.47 9.39 -6
180.3156 499 42 333 767 15.5 9.1 9.78 4.5 27.61 17.89 0.508 16.28 4.47 9.39 -6
132.4597 500 42 333 767 15.5 9.1 9.78 4.5 27.61 17.89 0.508 16.28 4.47 9.39 -6
120.6146 501 42 333 767 15.5 9.1 9.78 4.5 27.61 17.89 0.508 16.28 4.47 9.39 -6
238.0961 502 42 333 767 15.5 9.1 9.78 4.5 27.61 17.89 0.508 16.28 4.47 9.39 -6
265.9995 502 42 333 767 15.5 9.1 9.78 4.5 27.61 17.89 0.508 16.28 4.47 9.39 -6
172.777 503 42 333 767 15.5 9.1 9.78 4.5 27.61 17.89 0.508 16.28 4.47 9.39 -6
112.036 504 42 333 767 15.5 9.1 9.78 4.5 27.61 17.89 0.508 16.28 4.47 9.39 -6
215.1562 505 42 333 767 15.5 9.1 9.78 4.5 27.61 17.89 0.508 16.28 4.47 9.39 -6
200.1543 505 42 333 767 15.5 9.1 9.78 4.5 27.61 17.89 0.508 16.28 4.47 9.39 -6
147.699 507 42 333 767 15.5 9.1 9.78 4.5 27.61 17.89 0.508 16.28 4.47 9.39 -6
163.2001 508 42 333 767 15.5 9.1 9.78 4.5 27.61 17.89 0.508 16.28 4.47 9.39 -6
158.8404 508 42 333 767 15.5 9.1 9.78 4.5 27.61 17.89 0.508 16.28 4.47 9.39 -6
160.0514 509 42 333 767 15.5 9.1 9.78 4.5 27.61 17.89 0.508 16.28 4.47 9.39 -6
161.5832 510 42 333 767 15.5 9.1 9.78 4.5 27.61 17.89 0.508 16.28 4.47 9.39 -6
111.8314 512 42 333 767 15.5 9.1 9.78 4.5 27.61 17.89 0.508 16.28 4.47 9.39 -6
142.1094 514 42 333 767 15.5 9.1 9.78 4.5 27.61 17.89 0.508 16.28 4.47 9.39 -6
90.07391 516 42 333 767 15.5 9.1 9.78 4.5 27.61 17.89 0.508 16.28 4.47 9.39 -6
93.42877 519 42 333 767 15.5 9.1 9.78 4.5 27.61 17.89 0.508 16.28 4.47 9.39 -6
100.3758 521 42 333 767 15.5 9.1 9.78 4.5 27.61 17.89 0.508 16.28 4.47 9.39 -6
121.0368 522 42 333 767 15.5 9.1 9.78 4.5 27.61 17.89 0.508 16.28 4.47 9.39 -6
137.3938 522 42 333 767 15.5 9.1 9.78 4.5 27.61 17.89 0.508 16.28 4.47 9.39 -6
97.9382 523 42 333 767 15.5 9.1 9.78 4.5 27.61 17.89 0.508 16.28 4.47 9.39 -6
170.602 526 42 333 767 15.5 9.1 9.78 4.5 27.61 17.89 0.508 16.28 4.47 9.39 -6
152.4743 529 42 333 767 15.5 9.1 9.78 4.5 27.61 17.89 0.508 16.28 4.47 9.39 -6
183.0256 530 42 333 767 15.5 9.1 9.78 4.5 27.61 17.89 0.508 16.28 4.47 9.39 -6
209.7508 530 42 333 767 15.5 9.1 9.78 4.5 27.61 17.89 0.508 16.28 4.47 9.39 -6
145.7155 531 42 333 767 15.5 9.1 9.78 4.5 27.61 17.89 0.508 16.28 4.47 9.39 -6
164.2564 532 42 333 767 15.5 9.1 9.78 4.5 27.61 17.89 0.508 16.28 4.47 9.39 -6
178.1136 533 42 333 767 15.5 9.1 9.78 4.5 27.61 17.89 0.508 16.28 4.47 9.39 -6
168.9991 534 42 333 767 15.5 9.1 9.78 4.5 27.61 17.89 0.508 16.28 4.47 9.39 -6
187.9344 535 42 333 767 15.5 9.1 9.78 4.5 27.61 17.89 0.508 16.28 4.47 9.39 -6
127.7204 536 42 333 767 15.5 9.1 9.78 4.5 27.61 17.89 0.508 16.28 4.47 9.39 -6
170.2019 537 42 333 767 15.5 9.1 9.78 4.5 27.61 17.89 0.508 16.28 4.47 9.39 -6
186.1408 538 42 333 767 15.5 9.1 9.78 4.5 27.61 17.89 0.508 16.28 4.47 9.39 -6
150.4164 540 42 333 767 15.5 9.1 9.78 4.5 27.61 17.89 0.508 16.28 4.47 9.39 -6
184.1745 541 42 333 767 15.5 9.1 9.78 4.5 27.61 17.89 0.508 16.28 4.47 9.39 -6
185.2669 542 42 333 767 15.5 9.1 9.78 4.5 27.61 17.89 0.508 16.28 4.47 9.39 -6
197.7584 542 42 333 767 15.5 9.1 9.78 4.5 27.61 17.89 0.508 16.28 4.47 9.39 -6
171.3507 543 42 333 767 15.5 9.1 9.78 4.5 27.61 17.89 0.508 16.28 4.47 9.39 -6
189.1814 544 42 333 767 15.5 9.1 9.78 4.5 27.61 17.89 0.508 16.28 4.47 9.39 -6
186.7495 546 42 333 767 15.5 9.1 9.78 4.5 27.61 17.89 0.508 16.28 4.47 9.39 -6
150.4164 547 42 333 767 15.5 9.1 9.78 4.5 27.61 17.89 0.508 16.28 4.47 9.39 -6
165.8381 548 42 333 767 15.5 9.1 9.78 4.5 27.61 17.89 0.508 16.28 4.47 9.39 -6
143.516 549 42 333 767 15.5 9.1 9.78 4.5 27.61 17.89 0.508 16.28 4.47 9.39 -6
138.307 550 42 333 767 15.5 9.1 9.78 4.5 27.61 17.89 0.508 16.28 4.47 9.39 -6
139.5295 551 42 333 767 15.5 9.1 9.78 4.5 27.61 17.89 0.508 16.28 4.47 9.39 -6
139.0483 551 42 333 767 15.5 9.1 9.78 4.5 27.61 17.89 0.508 16.28 4.47 9.39 -6
139.5033 552 42 333 767 15.5 9.1 9.78 4.5 27.61 17.89 0.508 16.28 4.47 9.39 -6
151.2829 553 42 333 767 15.5 9.1 9.78 4.5 27.61 17.89 0.508 16.28 4.47 9.39 -6
147.7906 554 42 333 767 15.5 9.1 9.78 4.5 27.61 17.89 0.508 16.28 4.47 9.39 -6
118.0649 555 42 333 767 15.5 9.1 9.78 4.5 27.61 17.89 0.508 16.28 4.47 9.39 -6
140.1432 555 42 333 767 15.5 9.1 9.78 4.5 27.61 17.89 0.508 16.28 4.47 9.39 -6
126.6812 556 42 333 767 15.5 9.1 9.78 4.5 27.61 17.89 0.508 16.28 4.47 9.39 -6
135.4071 557 42 333 767 15.5 9.1 9.78 4.5 27.61 17.89 0.508 16.28 4.47 9.39 -6
147.5869 558 42 333 767 15.5 9.1 9.78 4.5 27.61 17.89 0.508 16.28 4.47 9.39 -6
89.69751 559 42 333 767 15.5 9.1 9.78 4.5 27.61 17.89 0.508 16.28 4.47 9.39 -6
142.2461 560 42 333 767 15.5 9.1 9.78 4.5 27.61 17.89 0.508 16.28 4.47 9.39 -6
135.4251 561 42 333 767 15.5 9.1 9.78 4.5 27.61 17.89 0.508 16.28 4.47 9.39 -6
182.727 562 42 333 767 15.5 9.1 9.78 4.5 27.61 17.89 0.508 16.28 4.47 9.39 -6
151.0645 565 42 333 767 15.5 9.1 9.78 4.5 27.61 17.89 0.508 16.28 4.47 9.39 -6
171.962 565 42 333 767 15.5 9.1 9.78 4.5 27.61 17.89 0.508 16.28 4.47 9.39 -6
119.4887 567 42 333 767 15.5 9.1 9.78 4.5 27.61 17.89 0.508 16.28 4.47 9.39 -6
157.1842 568 42 333 767 15.5 9.1 9.78 4.5 27.61 17.89 0.508 16.28 4.47 9.39 -6
159.0826 568 42 333 767 15.5 9.1 9.78 4.5 27.61 17.89 0.508 16.28 4.47 9.39 -6
179.1626 570 42 333 767 15.5 9.1 9.78 4.5 27.61 17.89 0.508 16.28 4.47 9.39 -6
144.6747 571 42 333 767 15.5 9.1 9.78 4.5 27.61 17.89 0.508 16.28 4.47 9.39 -6
200.4848 572 42 333 767 15.5 9.1 9.78 4.5 27.61 17.89 0.508 16.28 4.47 9.39 -6
144.7336 573 42 333 767 15.5 9.1 9.78 4.5 27.61 17.89 0.508 16.28 4.47 9.39 -6
192.2139 574 42 333 767 15.5 9.1 9.78 4.5 27.61 17.89 0.508 16.28 4.47 9.39 -6
133.3925 575 42 333 767 15.5 9.1 9.78 4.5 27.61 17.89 0.508 16.28 4.47 9.39 -6
221.9813 576 42 333 767 15.5 9.1 9.78 4.5 27.61 17.89 0.508 16.28 4.47 9.39 -6
214.7111 577 42 333 767 15.5 9.1 9.78 4.5 27.61 17.89 0.508 16.28 4.47 9.39 -6
205.0245 578 42 333 767 15.5 9.1 9.78 4.5 27.61 17.89 0.508 16.28 4.47 9.39 -6
132.3124 579 42 333 767 15.5 9.1 9.78 4.5 27.61 17.89 0.508 16.28 4.47 9.39 -6
133.5398 580 42 333 767 15.5 9.1 9.78 4.5 27.61 17.89 0.508 16.28 4.47 9.39 -6
155.1787 581 42 333 767 15.5 9.1 9.78 4.5 27.61 17.89 0.508 16.28 4.47 9.39 -6
199.1527 582 42 333 767 15.5 9.1 9.78 4.5 27.61 17.89 0.508 16.28 4.47 9.39 -6
181.6043 583 42 333 767 15.5 9.1 9.78 4.5 27.61 17.89 0.508 16.28 4.47 9.39 -6
193.0043 584 42 333 767 15.5 9.1 9.78 4.5 27.61 17.89 0.508 16.28 4.47 9.39 -6
184.2064 585 42 333 767 15.5 9.1 9.78 4.5 27.61 17.89 0.508 16.28 4.47 9.39 -6
147.7317 586 42 333 767 15.5 9.1 9.78 4.5 27.61 17.89 0.508 16.28 4.47 9.39 -6
173.0257 587 42 333 767 15.5 9.1 9.78 4.5 27.61 17.89 0.508 16.28 4.47 9.39 -6
162.5135 588 42 333 767 15.5 9.1 9.78 4.5 27.61 17.89 0.508 16.28 4.47 9.39 -6
189.3614 589 42 333 767 15.5 9.1 9.78 4.5 27.61 17.89 0.508 16.28 4.47 9.39 -6
180.0595 590 42 333 767 15.5 9.1 9.78 4.5 27.61 17.89 0.508 16.28 4.47 9.39 -6
160.5792 591 42 333 767 15.5 9.1 9.78 4.5 27.61 17.89 0.508 16.28 4.47 9.39 -6
177.3527 592 42 333 767 15.5 9.1 9.78 4.5 27.61 17.89 0.508 16.28 4.47 9.39 -6
168.4958 593 42 333 767 15.5 9.1 9.78 4.5 27.61 17.89 0.508 16.28 4.47 9.39 -6
178.891 594 42 333 767 15.5 9.1 9.78 4.5 27.61 17.89 0.508 16.28 4.47 9.39 -6
168.8035 595 42 333 767 15.5 9.1 9.78 4.5 27.61 17.89 0.508 16.28 4.47 9.39 -6
143.8482 596 42 333 767 15.5 9.1 9.78 4.5 27.61 17.89 0.508 16.28 4.47 9.39 -6
157.2628 597 42 333 767 15.5 9.1 9.78 4.5 27.61 17.89 0.508 16.28 4.47 9.39 -6
150.0932 599 42 333 767 15.5 9.1 9.78 4.5 27.61 17.89 0.508 16.28 4.47 9.39 -6
181.1134 601 42 333 767 15.5 9.1 9.78 4.5 27.61 17.89 0.508 16.28 4.47 9.39 -6
188.8017 602 42 333 767 15.5 9.1 9.78 4.5 27.61 17.89 0.508 16.28 4.47 9.39 -6
169.5538 603 42 333 767 15.5 9.1 9.78 4.5 27.61 17.89 0.508 16.28 4.47 9.39 -6
151.0342 605 42 333 767 15.5 9.1 9.78 4.5 27.61 17.89 0.508 16.28 4.47 9.39 -6
135.1992 608 42 333 767 15.5 9.1 9.78 4.5 27.61 17.89 0.508 16.28 4.47 9.39 -6
135.4668 609 42 333 767 15.5 9.1 9.78 4.5 27.61 17.89 0.508 16.28 4.47 9.39 -6
144.6829 611 42 333 767 15.5 9.1 9.78 4.5 27.61 17.89 0.508 16.28 4.47 9.39 -6
151.8017 612 42 333 767 15.5 9.1 9.78 4.5 27.61 17.89 0.508 16.28 4.47 9.39 -6
165.1778 614 42 333 767 15.5 9.1 9.78 4.5 27.61 17.89 0.508 16.28 4.47 9.39 -6
160.1782 616 42 333 767 15.5 9.1 9.78 4.5 27.61 17.89 0.508 16.28 4.47 9.39 -6
136.8358 617 42 333 767 15.5 9.1 9.78 4.5 27.61 17.89 0.508 16.28 4.47 9.39 -6
150.1145 619 42 333 767 15.5 9.1 9.78 4.5 27.61 17.89 0.508 16.28 4.47 9.39 -6
200.0397 620 42 333 767 15.5 9.1 9.78 4.5 27.61 17.89 0.508 16.28 4.47 9.39 -6
185.5541 623 42 333 767 15.5 9.1 9.78 4.5 27.61 17.89 0.508 16.28 4.47 9.39 -6
131.0605 624 42 333 767 15.5 9.1 9.78 4.5 27.61 17.89 0.508 16.28 4.47 9.39 -6
146.3439 626 42 333 767 15.5 9.1 9.78 4.5 27.61 17.89 0.508 16.28 4.47 9.39 -6
179.3099 628 42 333 767 15.5 9.1 9.78 4.5 27.61 17.89 0.508 16.28 4.47 9.39 -6
177.1571 629 42 333 767 15.5 9.1 9.78 4.5 27.61 17.89 0.508 16.28 4.47 9.39 -6
163.6395 630 42 333 767 15.5 9.1 9.78 4.5 27.61 17.89 0.508 16.28 4.47 9.39 -6
144.0143 631 42 333 767 15.5 9.1 9.78 4.5 27.61 17.89 0.508 16.28 4.47 9.39 -6
176.7962 632 42 333 767 15.5 9.1 9.78 4.5 27.61 17.89 0.508 16.28 4.47 9.39 -6
