0.420647
0.290381
0.290381
0.290381
0.290381
0.238151
0.238151
0.238151
0.238151
0.246931
0.246931
0.350077
0.203334
0.203334
0.234568
0.234568
0.234568
0.234568
0.234568
0.234568
0.174873
0.174873
0.174873
0.115171
0.115171
0.115171
0.115171
0.115171
0.115171
0.350875
0.350875
0.282039
0.282039
0.282039
0.22265
0.622778
0.622778
0.498991
0.498991
0.498991
0.42686
0.1357
0.1357
0.1357
0.1357
0.1357
0.1357
0.1357
0.11295
0.0619165
0.137223
0.137223
0.100705
0.100705
0.0226027
0.0226027
0.0226027
0.0173337
0.0173337
0.0173337
0.0173337
0.0173337
0.0173337
0.0173337
0.0173337
0.0173337
0.0173337
0.0173337
0.0173337
0.0173337
0.126691
0.126691
0.126691
0.126691
0.126691
0.126691
0.126691
0.126691
0.0752981
0.0752981
0.0752981
0.0684171
0.0684171
0.122158
0.115818
0.115818
0.115818
0.198859
0.0315912
0.0315912
0.217266
0.206569
0.144544
0.144544
0.265012
0.0864676
0.382876
0.18255
0.19344
0.209603
0.209603
0.166372
0.166372
0.166372
0.0973607
0.0973607
0.0973607
0.118317
0.118317
0.144059
0.144059
0.260608
0.399996
0.399996
0.168854
0.207898
0.207898
0.207898
0.236486
0.346663
0.398745
0.398745
0.447239
0.127467
0.127467
0.705808
0.731555
0.731555
0.547803
0.0789543
0.0789543
0.227341
0.227341
0.227341
0.168377
0.168377
0.331744
0.331744
0.552219
0.552219
0.552219
0.552219
0.957243
0.957243
0.957243
0.957243
0.957243
0.957243
0.957243
0.556209
0.135989
0.135989
0.135989
0.135989
0.135989
0.119072
0.119072
0.596982
0.596982
0.596982
0.596982
0.596982
0.596982
0.596982
0.596982
0.596982
0.632972
0.441599
0.499513
0.499513
0.499513
0.499513
0.704046
0.704046
0.704046
0.840936
0.840936
0.840936
0.511237
0.318698
0.318698
0.262385
0.246814
0.177335
0.112226
0.112226
0.112226
0.112226
0.112226
0.112226
0.112226
0.123848
0.162072
0.210457
0.210457
0.210457
0.219955
0.286278
0.286278
0.245264
0.165309
0.165309
0.133215
0.503271
0.567268
0.567268
0.46369
0.556413
0.097219
0.097219
0.097219
0.097219
0.190687
0.190687
0.190687
0.190687
0.11136
0.233403
0.249907
0.249907
0.249907
0.179934
0.179934
0.179934
0.179934
0.179934
0.494415
0.523152
0.581131
0.329522
0.329522
0.329522
0.219576
0.219576
0.219576
0.323312
0.0984688
0.0984688
0.110222
0.110222
0.110222
0.110222
0.110222
0.110222
0.110222
0.110222
0.110222
0.117985
0.329241
0.329241
0.198066
0.198066
0.198066
0.15853
0.15853
0.15853
0.149772
0.214729
0.214729
0.158152
0.195734
0.0368953
0.0368953
0.0368953
0.0368953
0.0635519
0.0635519
0.0635519
0.100449
0.100449
0.0777913
0.149055
0.179479
0.179479
0.153637
0.153637
0.304074
0.304074
0.0485947
0.0485947
0.0485947
0.0485947
0.185902
0.185902
0.158114
0.158114
0.158114
0.123957
0.201527
0.0648923
0.0564871
0.0564871
0.261856
0.261856
0.261856
0.261856
0.0571037
0.0571037
0.0571037
0.190059
0.233314
0.201785
0.162679
0.162679
0.200927
0.200927
0.381863
0.381863
0.264015
0.264015
0.264015
0.264015
0.264015
0.169843
0.122096
0.122096
0.138618
0.138618
0.2009
0.2009
0.2009
0.2009
0.2009
0.389929
0.389929
0.389929
0.116657
0.116657
0.116657
0.12683
0.12683
0.12683
0.12683
0.12683
0.12683
0.259926
0.306785
0.306785
0.149445
0.149445
0.217857
0.217857
0.217857
0.217857
0.217857
0.217857
0.0996201
0.0996201
0.0400773
0.0430532
0.0764854
0.0764854
0.0764854
0.0764854
0.0764854
0.0764854
0.104534
0.104534
0.259207
0.178267
0.475614
0.384292
0.269099
0.269099
0.399812
0.285243
0.161548
0.161548
0.161548
0.161548
0.161548
0.161548
0.394319
0.394319
0.29708
0.29708
0.325835
0.211494
0.211494
0.0795512
0.0795512
0.0795512
0.0795512
0.0795512
0.0795512
0.480984
0.40726
0.40726
0.40726
0.289756
0.289756
0.26184
0.434318
0.434318
0.537348
0.537348
0.537348
0.324156
0.324156
0.123275
0.123275
0.223907
0.223907
0.286994
0.286994
0.286994
0.286994
0.286994
0.198671
0.409883
0.355676
0.355676
0.355676
0.355676
0.367315
0.367315
0.581419
0.458469
0.534647
0.193455
0.193455
0.193455
0.193455
0.193455
0.107113
0.107113
0.107113
0.107113
0.324941
0.324941
0.0798017
0.808683
0.355441
0.355441
0.370407
0.370407
0.370407
0.370407
0.370407
0.404508
0.404508
0.404508
0.404508
0.255616
0.278488
0.301389
0.0817617
0.0817617
0.187222
0.645127
0.61759
0.61759
0.587334
0.587334
0.587334
0.587334
0.587334
0.50162
0.50162
0.865464
0.865464
0.511846
0.511846
0.217964
0.270908
0.447913
0.108722
0.108722
0.108722
0.108722
0.250458
0.0402363
0.0402363
0.489739
0.230113
0.230113
0.278368
0.390393
0.390393
0.390393
0.478698
0.478698
0.478698
0.478698
0.488889
0.488889
0.488889
0.488889
0.488889
0.187865
0.187865
0.111179
0.111179
0.111179
0.111179
0.090861
0.090861
0.111138
0.111138
0.111138
0.111138
0.111138
0.353643
0.355514
0.355514
0.261633
0.311447
0.311447
0.393969
0.461044
0.461044
0.461044
0.586291
0.586291
0.586291
0.586291
0.586291
0.392372
0.392372
0.392372
0.196543
0.196543
0.280224
0.280224
0.0971303
0.0971303
0.308928
0.177015
0.33844
0.33844
0.33844
0.33844
0.33844
0.33844
0.33844
0.427271
0.373406
0.373406
0.373406
0.373406
0.189887
0.216252
0.312619
0.312619
0.227069
0.122863
0.122863
0.178793
0.178793
0.162477
0.162477
0.111395
0.157699
0.132891
0.132891
0.072511
0.072511
0.119931
0.119931
0.119931
0.119931
0.119931
0.0573366
0.0573366
0.0573366
0.0573366
0.145948
0.145948
0.145948
0.145948
0.323593
0.323593
0.323593
0.225328
0.225328
0.225328
0.385699
0.173555
0.173555
0.180813
0.306787
0.42673
0.443983
0.443983
0.435793
0.148368
0.148368
0.047326
0.047326
0.047326
0.047326
0.047326
0.123634
0.123634
0.123634
0.123634
0.135489
0.135489
0.135489
0.135489
0.129553
0.129553
0.129553
0.114279
0.114279
0.185779
0.120308
0.120308
0.120308
0.195414
0.195414
0.195414
0.183831
0.183831
0.183831
0.194674
0.194674
0.194674
0.194674
0.206789
0.206789
0.321504
0.0167239
0.0167239
0.0167239
0.0167239
0.0167239
0.0167239
0.0167239
0.0964614
0.231439
0.231439
0.231439
0.0199374
0.0199374
0.678623
0.507703
0.327154
0.265599
0.265599
0.0324434
0.0324434
0.278519
0.271
0.617696
0.407074
0.392148
0.409475
0.292881
0.268854
0.268854
0.0942341
0.129938
0.129938
0.129938
0.129938
0.129938
0.129938
0.129938
0.0279966
0.0279966
0.0279966
0.0279966
0.084091
0.084091
0.084091
0.084091
0.084091
0.084091
0.084091
0.205727
0.205727
0.205727
0.263975
0.263975
0.263975
0.407705
0.335065
0.0941231
0.0941231
0.196168
0.196168
0.440602
0.131397
0.0872028
0.0872028
0.0872028
0.148496
0.187964
0.187964
0.187964
0.278967
0.26952
0.034173
0.158696
0.135385
0.0329934
0.0329934
0.480752
0.362388
0.212443
0.0747307
0.0747307
0.0747307
0.0747307
0.256134
0.0682354
0.0682354
0.14395
0.14395
0.295931
0.295931
0.183769
0.183769
0.112379
0.112379
0.126344
0.126344
0.20769
0.20769
0.20769
0.20769
0.469684
0.0551202
0.107597
0.107597
0.107597
0.123488
0.123488
0.123488
0.123488
0.123488
0.123488
0.123488
0.627521
0.23122
0.337612
0.104845
0.184584
0.113158
0.113158
0.113158
0.183961
0.183961
0.183961
0.149354
0.149354
0.149354
0.149354
0.149354
0.149354
0.149354
0.149354
0.149354
0.229572
0.564937
0.564937
0.433218
0.433218
0.379614
0.379614
0.0530907
0.0763026
0.0763026
0.0763026
0.0763026
0.0763026
0.260518
0.260518
0.273836
0.273836
0.263508
0.263508
0.683533
0.115156
0.115156
0.115156
0.115156
0.150111
0.150111
0.150111
0.150111
0.150111
0.150111
0.150111
0.150111
0.150111
0.505027
0.49854
0.49854
0.417966
0.417966
0.417966
0.217722
0.217722
0.217722
0.142289
0.142289
0.102911
0.199005
0.199005
0.199005
0.199005
0.111307
0.111307
0.111307
0.268375
0.109895
0.347056
0.166115
0.166115
0.25961
0.282557
0.282557
0.247172
0.200526
0.200526
0.154038
0.154038
0.100925
0.165859
0.165859
0.151979
0.0874381
0.0874381
0.135941
0.135941
0.135941
0.135941
0.362468
0.401372
0.382841
0.412092
0.256223
0.256223
0.180462
0.0696038
0.0696038
0.0696038
0.211402
0.136229
0.136229
0.37488
0.37488
1.06609
1.06609
1.06609
1.24788
0.958219
0.712829
0.856344
0.856344
0.69931
0.276116
0.276116
0.276116
0.188932
0.188932
0.188932
0.366139
0.366139
0.143113
0.143113
0.143113
0.143113
0.143113
0.143113
0.206651
0.206651
0.422722
0.268398
0.10714
0.10714
0.10714
0.137331
0.137331
0.137331
0.137331
0.18407
0.100494
0.100494
0.100494
0.100494
0.208635
0.208635
0.208635
0.311643
0.311643
0.0725452
0.198798
0.198798
0.59333
0.59333
0.501906
0.38866
0.38866
0.483109
0.199769
0.199769
0.690939
0.690939
0.690939
0.356178
0.356178
0.555776
0.818043
0.227267
0.227267
0.227267
0.218081
0.218081
0.272939
0.272939
0.363289
0.363289
0.371796
0.371796
0.144547
0.208043
0.208043
0.0651089
0.224854
0.283887
0.360746
0.360746
0.191043
0.191043
0.191043
0.191043
0.243551
0.243551
0.243551
0.473286
0.293651
0.2072
0.2072
0.2072
0.2072
0.2072
0.2072
0.2072
0.123991
0.187357
0.187357
0.187357
0.187357
0.223266
0.223266
0.223266
0.223266
0.223266
0.223266
0.223266
0.223266
0.223266
0.158063
0.158063
0.158063
0.565546
0.535744
0.535744
0.309808
0.436446
0.451099
0.451099
0.451099
0.150334
0.150334
0.479365
0.513645
0.513645
0.513645
0.513645
0.513645
0.382039
0.382039
0.382039
0.300609
0.187852
0.181669
0.181669
0.216248
0.216248
0.217989
0.217989
0.217989
0.217989
0.217989
0.217989
0.217989
0.217989
0.228954
0.457038
0.457038
0.407267
0.407267
0.407267
0.435192
0.520277
0.728184
