0.434824 2.02212
0.430698 1.90701
0.43 1.88437
0.428444 1.8398
0.427826 1.81786
0.427234 1.79627
0.426667 1.77499
0.426122 1.75403
0.428 1.79535
0.425882 1.73426
0.43 1.83466
0.430189 1.83466
0.431111 1.8542
0.434182 1.93132
0.434286 1.93132
0.435088 1.95011
0.437931 2.02433
0.44 2.07931
0.440667 2.09741
0.440656 2.09741
0.442581 2.15044
0.44127 2.1155
0.441875 2.13277
0.443692 2.18401
0.44303 2.16712
0.44 2.08358
0.441176 2.11664
0.43942 2.06758
0.438286 2.03521
0.438873 2.05123
0.437778 2.01952
0.438356 2.03522
0.440541 2.09738
0.439467 2.0666
0.438947 2.05136
0.438961 2.05136
0.439487 2.06631
0.435949 1.96261
0.438 2.02133
0.44 2.07951
0.440976 2.10834
