0.415584 0.523369
0.413659 0.475727
0.412381 0.4289
0.407442 0.290766
0.411818 0.38135
0.414222 0.425917
0.413913 0.403982
0.411064 0.31759
0.413333 0.360137
0.414694 0.381096
0.4144 0.36044
0.416471 0.401167
0.416923 0.401167
0.417358 0.401167
0.416296 0.362087
0.417455 0.381369
0.417857 0.381369
0.418246 0.381369
0.41931 0.399924
0.421017 0.436575
0.419333 0.382264
0.419672 0.382264
0.420645 0.399942
0.419683 0.364996
0.42 0.364996
0.419692 0.347915
0.42303 0.432374
0.420299 0.348835
0.424118 0.448006
0.425507 0.480714
0.424571 0.448348
0.424789 0.448348
0.423333 0.400786
0.425205 0.447871
0.427568 0.510031
0.427733 0.510031
0.428421 0.525271
0.43013 0.570557
0.428718 0.525696
0.428354 0.510882
0.4285 0.510882
