682.548
669.328
701.599
663.545
687.559
644.772
682.81
676.203
709.095
670.778
672.579
643.816
736.606
695.687
754.036
678.384
667.437
622.796
697.456
686.028
684.311
720.358
665.066
665.235
685.231
673.172
696.242
678.213
691.958
705.367
647.943
654.87
651.492
697.824
653.85
655.673
710.94
641.623
697.579
721.374
641.908
713.779
683.111
723.482
683.576
727.785
637.313
726.566
693.247
744.87
706.551
698.736
710.815
721.738
697.33
730.466
665.103
665.366
702.086
675.458
630.496
714.867
596.523
659.826
761.126
671.048
689.505
726.299
686.319
704.722
730.55
719.729
709.041
721.278
675.615
682.365
699.996
696.684
635.553
679.747
714.738
717.219
748.25
667.737
707.653
713.858
697.228
669.622
680.287
642.765
640.806
727.206
678.986
641.515
707.784
715.573
680.962
632.965
684.138
660.397
693.092
679.796
671.028
656.801
702.024
674.91
667.855
719.283
619.175
690.53
649.344
631.842
644.138
667.58
686.972
695.009
686.832
687.629
672.33
671.592
685.564
669.704
682.273
675.494
705.469
676.086
705.403
656.086
662.515
664.031
694.341
692.737
610.079
706.778
635.554
678.94
730.009
676.116
734.904
709.706
642.401
670.398
724.838
714.645
703.57
690.614
712.519
674.355
687.33
658.634
743.045
698.369
683.427
663.786
732.299
623.136
698.558
733.711
702.763
631.043
696.182
645.466
692.218
690.176
700.438
704.203
667.102
737.886
708.773
654.751
625.255
673.191
671.074
754.744
741.404
723.484
703.213
704.51
713.792
732.85
706.758
675.412
752.757
730.564
659.978
716.674
655.629
640.621
686.336
640.419
679.003
639.47
662.579
715.148
693.235
651.58
663.779
624.623
644.053
695.171
653.299
669.241
669.696
663.581
718.17
686.43
726.297
639.018
623.779
693.847
665.452
702.061
693.939
672.796
705.858
674.826
706.153
694.539
679.088
713.858
659.232
677.669
679.32
682.858
658.539
709.306
685.512
709.03
675.889
673.221
663.895
691.221
651.934
703.618
675.506
665.12
660.379
766.9
784.455
661.184
675.307
678.907
754.697
706.136
658.564
726.867
708.545
659.755
701.496
674.368
673.953
667.435
688.279
662.648
664.746
739.386
661.94
688.99
648.071
696.739
718.123
687.391
622.436
697.892
695.957
693.331
664.016
641.413
731.102
672.471
671.745
666.908
695.15
655.669
673.917
772.835
728.393
646.998
699.7
704.368
674.786
715.99
693.556
703.319
722.375
654.858
686.381
711.956
679.216
628.59
721.196
672.103
650.34
662.218
691.659
702.304
675.669
671.701
696.306
753.911
740.292
696.895
631.534
673.014
669.626
729.491
689.238
672.892
642.175
640.449
666.66
711.531
645.819
683.312
679.162
692.884
703.135
670.702
717.429
699.647
630.743
641.112
688.485
667.662
664.377
687.878
731.979
688.106
727.913
704.241
699.576
685.971
700.117
748.979
727.57
658.796
685.245
680.431
760.265
675.872
692.912
701.019
717.223
694.462
745.248
724.006
651.262
709.866
691.667
700.752
716.93
664.987
643.634
720.955
676.997
643.594
699.664
704.876
674.705
712.21
663.719
718.879
634.677
708.747
672.814
701.203
640.877
652.143
624.907
667.355
730.721
694.185
621.164
696.113
647.888
671.08
666.617
648.321
658.974
722.259
722.052
631.037
660.963
650.924
648.424
673.952
646.743
711.993
669.465
694.409
685.94
709.543
660.489
689.733
636.624
676.913
752.65
681.104
636.973
688.935
691.261
731.103
693.318
679.78
667.248
720.264
643.82
664.395
695.894
734.299
756.721
712.737
699.143
751.566
721.192
697.286
702.914
645.451
690.341
714.915
636.955
674.09
663.643
650.472
680.753
669.353
638.531
697.649
695.207
664.495
702.323
722.257
694.195
711.256
719.034
703.524
718.07
700.027
635.907
690.815
692.559
692.034
662.664
671.103
705.021
665.302
657.656
729.901
671.231
704.238
672.902
623.561
711.367
706.727
653.372
666.47
701.925
729.389
692.421
686.723
717.891
694.26
723.094
647.975
673.277
686.137
677.528
671.255
641.869
694.547
713.421
695.022
671.286
708.815
748.214
681.406
651.407
695.746
667.032
741.642
694.901
659.088
719.789
646.784
656.499
656.346
670.47
687.496
651.241
666.752
719.127
730.285
720.798
669.532
687.276
666.928
693.275
698.256
688.756
673.554
638.181
704.262
657.263
665.034
639.484
693.12
672.819
667.015
665.759
661.634
669.965
705.96
657.584
691.431
710.377
712.975
685.728
719.873
686.113
675.242
703.585
640.623
688.84
674.989
725.135
654.869
656.515
707.598
648.468
665.522
694.419
696.899
656.535
675.509
658.183
673.064
704.385
700.098
712.034
707.31
660.729
711.568
706.774
675.055
662.567
664.346
657.896
607.321
645.297
661.958
686.672
710.125
620.064
707.43
661.409
707.435
632.673
719.765
635.717
754.739
732.001
677.382
729.196
679.821
648.26
681.078
743.975
668.116
734.519
637.929
690.033
648.155
737.129
633.303
743.743
691.734
668.089
705.934
742.117
736.116
673.444
673.978
694.36
654.674
687.994
641.662
647.615
678.922
681.956
660.198
664.387
691.688
673.6
695.288
735.36
639.677
661.5
716.164
631.807
654.991
708.463
659.37
742.647
700.462
688.911
723.281
689.665
702.123
643.11
668.535
663.738
622.88
638.423
692.806
693.626
702.301
645.808
645.601
666.56
689.88
681.668
721.535
673.684
653.546
659.118
680.364
713.757
681.617
656.358
700.765
694.973
640.503
716.038
647.831
651.987
660.847
679.239
720.542
715.278
677.786
696.258
699.13
672.854
638.638
655.279
702.145
662.366
735.583
688.429
673.728
648.288
641.055
645.124
688.533
640.394
647.099
673.503
653.364
689.984
651.729
738.248
671.003
684
749.997
692.623
660.657
651.242
665.765
727.294
685.349
677.244
738.138
702.108
736.598
681.994
659.377
669.222
673.116
690.732
707.141
738.153
683.864
662.324
655.197
661.486
650.072
703.343
679.736
701.198
675.218
698.027
665.867
686.48
620.96
660.266
691.713
643.825
693.015
643.247
624.794
645.829
716.791
736.528
698.99
698.64
620.537
696.94
676.51
682.387
675.927
703.283
722.694
672.722
711.18
670.813
697.023
695.96
699.336
719.371
700.219
627.406
673.587
635.412
660.34
685.485
653.324
713.443
646.095
653.296
673.627
679.895
744.612
701.674
689.179
710.608
643.235
734.438
690.145
726.097
747.44
718.78
656.379
736.575
656.398
653.112
664.841
688.565
712.419
703.074
691.086
707.67
725.453
642.09
681.775
640.048
703.768
708.743
643.318
667.464
653.742
683.304
648.205
653.156
717.275
675.55
676.588
676.876
683.14
726.736
683.785
699.689
688.95
753.424
663.283
687.139
724.746
719.888
675.366
662.394
690.244
676.811
680.745
675.357
678.539
713.934
708.497
778.691
592.618
700.541
672.933
735.987
703.789
698.492
688.962
690.64
755.103
677.252
693.339
695.504
663.847
679.592
679.349
697.329
726.602
683.524
686.664
670.6
663.994
671.401
651.431
684.53
681.919
696.181
688.705
710.057
682.194
631.99
689.297
735.948
740.344
657.044
750.703
669.719
730.884
643.63
655.974
713.748
710.628
748.408
679.249
686.132
693.286
675.368
758.01
653.675
663.278
695.969
679.326
683.705
668.045
676.044
670.873
687.55
789.57
695.01
716.666
695.6
703.954
663.007
665.697
660.922
736.944
650.463
655
688.128
664.812
690.364
624.045
655.157
690.381
651.621
694.414
671.816
666.131
673.521
735.445
663.489
661.172
719.183
723.118
650.822
726.24
629.622
726.41
695.173
666.619
703.486
655.028
713.757
632.843
661.918
682.378
686.246
667.552
667.144
678.491
680.986
689.273
700.075
692.92
725.243
695.76
673.51
674.272
656.494
673.305
696.145
716.796
641.742
689.993
741.21
676.032
698.353
694.149
761.37
726.326
744.086
695.767
695.542
664.543
639.544
675.64
672.449
723.566
757.089
666.913
704.51
668.914
617.4
678.084
744.585
725.946
627.185
674.855
722.3
679.108
713.947
723.021
757.384
678.581
710.67
674.173
670.763
725.333
718.882
706.132
680.96
724.851
722.624
691.488
688.399
630.808
662.008
612.244
701.915
708.208
629.945
699.411
656.914
629.219
672.483
686.151
715.153
669.225
705.482
666.826
690.531
643.067
712.106
702.918
710.249
657.073
707.325
709.322
682.228
762.84
673.825
723.359
687.773
699.36
636.366
683.635
723.646
726.874
707.06
699.898
647.464
674.796
712.28
627.826
638.328
697.402
776.189
737.279
667.763
662.553
706.771
683.601
626.742
664.829
772.403
703.003
693.825
665.537
706.634
735.521
686.298
666.235
659.666
728.293
