154.886
154.886
154.886
154.886 -0.161085 4.80359
156.753 5.28312
156.753
156.753
156.753
156.753
156.753
156.753
156.753
156.753
154.437
154.437
154.437
155.769
155.769
155.769
155.007
155.007
155.007 -0.604119
155.007
155.237
156.626
154.526
153.816
154.264
154.264
154.941
155.629
155.629 0.966727 0.163306
155.629
156.043 1.01311
156.043
156.043
156.043
156.043
156.043
156.043
156.043 -1.29861 1.00649
155.715
155.835
155.835
155.835
155.835
155.835
155.835
155.686
156.501 1.04617
156.501
156.501
156.501
156.501
156.501
156.501
156.501
156.316
156.316
156.316
156.316
156.316
155.177
155.633
155.938
156.828
155.842
156.032
156.032
156.032
156.032
156.032
156.032
156.158
155.092
155.092
155.092
154.956
154.956 3.51464
154.685
154.672
154.672
154.672
156.929
156.929
158.115
158.115
157.619
157.619
157.619
157.619
156.38
156.38
156.38
156.38
156.38
155.436
156.472
155.745 4.45316
155.745
155.745 3.60081
156.735
156.735
156.735
155.106
155.106
155.106
156.574
156.574
156.189
156.758
156.758
156.338 -3.71251
154.9 2.62417
155.326
155.326
155.751
155.751
155.751 1.46927
155.751
155.751
155.751 1.65616
156.658
156.658
156.658
156.658
156.658 0.995794
154.528 0.71294
154.528 0.985
156.216
155.095
154.705
154.785
154.543
154.543
154.745
154.745
157.008
156.629
156.629 -0.526051 -2.75709
154.797
154.797
154.797 -2.35603
154.797 -0.959115 1.14475 -0.809939
154.797
154.797 1.97058
154.797
154.797 -1.46913 -1.50662
154.797
154.797
154.797
154.797
154.797
154.797
156.189
156.189
155.342
155.342
156.408
156.408
153.982
153.982
155.772 5.18048 -4.59385
155.772
156.903
156.217
156.217 -2.15084
155.12 3.14078
155.12
156.677
156.677 0.67844 2.25932 -1.31286
156.123
156.123 -8.48736 0.895706
156.123
156.123
155.173
156.222
156.222
154.66 2.85189
156.763 6.44151
155.743
156.597
155.089
155.089
155.089
155.089
154.55 4.90223
155.665
155.665
155.665
155.665
156.251
155.056
155.253
155.253
155.253
155.253
156.005 0.580195
156.005 1.80614
156.005
156.005 0.299722
155.523
155.523
155.523 4.07901 -2.12102
154.052 -0.376729 0.417119 -1.91659 0.780944
154.871
154.871
154.871
154.871 -1.16533
154.871
154.871
155.631
155.631
155.631
155.631
155.43
156.109
156.109
156.109 -6.33461
156.109
156.109
156.109
156.109
155.363
154.408 2.39619
155.602
155.876
156.345
156.345 -4.19925 -1.85231 -4.10223
157.294
157.294 -3.91886 -2.08219
155.708
155.708
155.708
154.691
155.014 -0.519467 3.6548
155.63 3.16736
155.63
154.934
154.934
155.569
156.649
155.558
155.558
156.105 1.07153 -3.47641
156.105
155.422
155.812
156.37
156.37
156.37
156.37
155.023
154.533
155.466
155.466
155.865
155.865
155.865
155.865 -5.65016
155.865
156.69
156.69
156.69
156.28
156.28
155.878
156.784
157.773
155.403
155.403
155.403
155.403
155.403
156.565
156.565
155.312
156.381
156.455 -1.64965
155.552
155.36
155.36
155.36
155.36
155.36
155.789
156.291
155.755
155.755
156.937
156.937
156.937
156.937
156.033
155.815
155.815
155.815
155.815
155.277
155.277
155.538
155.673
156.956
157.611
157.611
157.611
154.872
156.275
156.275
156.275
156.275
155.291
156.488
156.488
155.592
154.596
154.596
154.596 -0.141922
154.596
156.596
156.337
156.661
156.18
156.18 -4.97578 0.110596 4.39456
154.481 -0.461567 -0.413444
155.31
155.31
155.31
155.31
155.026
154.861
154.498
154.498
155.097
155.837
155.837 -4.78579
155.837
154.825
155.818
155.818
155.818
156.256
156.256
156.256
156.256
155.725
155.725
156.34
156.34
156.34
156.34
156.34
155.04
155.04
155.04
155.04
156.919
156.464
156.464
156.52
156.52
156.52
153.735
154.277
154.762
154.957
154.957
155.515
155.882
155.882
154.258
154.258
154.258
154.258
154.928 -3.90211
154.915
156.474
156.474
155.104
155.104 2.44845
155.423
155.423
155.423
156.893
155.709
155.096 -2.55601 2.01096 -2.52707 -4.27873 1.93885 -5.733
156.244
156.244
156.477 1.67903 -2.79043
156.477
155.413
155.684 -4.06306
155.684 0.040248 2.33353
155.684
155.554
156.637
156.637
156.315
156.315
155.159
155.98
157.635
156.355
155.804
155.804 -4.80386 -2.74014 1.01223 2.98483 1.22395
155.358
155.358
155.358
155.66
153.692 -1.89082 -1.92696
154.359
154.359
154.913
154.913
154.749 0.196322
153.735
153.735 -4.44286
153.735 0.488409
153.735
154.514
156.631
156.185
156.185
156.185
156.185
155.646
155.646
155.646
155.646
155.78
155.512
155.512
154.357 2.21703
154.523
156.169
156.169
156.169
156.169
156.054
156.054
155.456 -1.79831 2.25807
155.456
155.456
154.789
157.094
157.094
157.094
155.049
156.341
156.341 -0.467158
156.341
156.341
156.341 -0.559294
156.341
156.504
156.504
156.504 3.75747 5.32139 -0.651297 0.490711
154.853
156.874
154.951
155.949 -1.48096
155.949
156.241
155.319 -3.31585
155.319
155.319 0.955507
155.319 2.6491
155.319
155.319
155.228
155.301
156.529
156.529
156.529
155.535
155.528
155.528
155.528
155.528
156.218
156.218
154.839 3.76121
154.839
154.747
156.673
156.331
156.331
156.594
156.594
157.66 4.84401
157.007
153.926
153.926
153.926
153.926
154.18
154.18
157.164 0.465715
155.733
156.238
156.014
156.014
155.244
155.244
155.244
155.244
156.258
155.871
155.871
157.14
157.14
156.572 1.04232 -2.99872
156.572
156.572
156.572 2.22848 3.39119
156.572 -6.06107
156.572 0.758643 -2.23406 -2.12076 0.331497
156.572 -0.814331 2.9747
156.572
156.572
156.572
155.703
155.703
156.292 0.929664
156.968 -3.55542
156.271
156.271
155.93
155.757
155.757 -4.75295
155.757
155.757
155.757
155.757
157.111
157.111
157.196
157.927
156.924
156.526
156.526 -0.129716 -3.81766
156.305
156.305
156.305
156.305
156.513 4.97885
156.513
155.342
155.342
156.111
156.111
156.111
156.111
156.855
156.855 -2.40178
155.055
154.823
155.485
155.009
154.582
155.722
154.605
154.605
154.605
154.605
156.218
155.134
155.134
155.134
155.134
155.311
155.345
155.345 -1.61979
155.862
156.816
156.425
153.662 1.51218
153.662
153.748
155.694
156.83
156.83
156.535
156.535
156.535
157.411
157.411
157.411
157.411
157.411
157.411
155.64
155.64
155.142
155.142
155.142
155.142
155.142
155.142
156.825
155.255
156.551
156.551
156.551
155.749
155.749
155.749
156.625
156.625
156.625
156.625
156.625
156.625 -4.88884 -2.63545
156.625
156.625
156.625
156.625
156.625
157.477
157.477 -0.603099
157.477
157.477
156.516
156.516
156.516
156.516
156.809
156.91
156.364
155.908
155.336
155.336
156.416 0.41216
157.163
156.82
156.82
156.82
156.82
155.984
155.984 -5.58761
155.321
156.38
156.38
156.38
156.38
156.38
156.38
156.38
157.28
157.347
155.655
155.655
155.655
156.317
156.317
156.317
156.317
156.317
155.86
155.501
155.501
155.501
155.501
155.501
155.501
155.501
155.501
156.451
156.451
155.835
155.33
155.33
155.33
155.33
155.33 1.91449
155.33
155.33 2.91065
155.33
155.33
155.33
155.33
155.33
156.312 -0.273457
156.312
155.946 -1.32042
155.173
155.173
155.059
155.059
155.126
155.126
155.126
154.574
154.574
156.886
155.698
155.698
154.914
154.914
154.914
154.914 3.20262
154.914
154.914
154.914
156.545
157.688
153.77
153.77
157.012
157.012
154.489
154.489
154.489
156.243
156.579
156.579
154.594
154.594
154.594
154.632
155.196 4.61886
155.119
155.119
155.119 4.88499 -0.783431
156.672
156.672
156.672
156.672
156.672
156.254
156.254
154.9
157.34
156.165
156.165
156.165
156.165
154.694
154.694
153.807
157.234
157.118
157.118
157.118
157.118
157.118
157.118 -3.02525
157.118
157.118
157.004
157.004
157.004
155.898
155.898
154.738
155.694 1.72232
156.614 -4.816
156.614
156.614
155.864
155.688
155.688
154.55
155.535
155.535
155.535
155.535
154.302
155.346 -0.941777
155.346
155.346 4.04788
155.346
154.267
156.506
156.506
154.355
154.355
155.982
155.982
155.982
155.982
154.087
155.747
155.747
155.747
156.721
156.721
154.497
154.721 -0.390619
156.298 1.44368 1.88086 -4.1151 -0.702473 1.79787
156.298 3.64414
154.46
156.043
154.335
156.292
155.811
155.811
155.811
156.687
155.976
155.976
155.976
155.731
155.731
155.731
155.731
157.078
157.279
156.105
155.777 2.98503
155.681
155.681 0.501894
155.681
155.681
155.681
155.681
155.681
155.486
155.486
155.486
155.486
154.692
154.692
157.276
157.276
155.438
157.252
157.252
156.301
156.301
155.66
156.925
156.925
156.793
156.793
156.793
156.793
156.793
156.793
156.793
156.793 6.57102
157.934
157.934
157.934
157.934
155.636 3.14887 0.700102 -11.6518
156.475 2.36158 1.3421
154.069 -0.502234 -1.41324 5.45626
154.069
154.069 1.83549
154.069
154.069 -4.61617
154.069 7.28555
154.128 -0.977221 0.580503
154.128 0.980326
154.128
155.923 1.83672
155.923
155.923
155.923
155.923
154.555 -1.27907
155.008
157.15
155.629
155.403 -0.853507
155.403
155.196
155.365
155.365
155.365
156.38
155.228
155.228
155.228 2.58936
155.228
155.228
155.228
156.121 -3.39508
156.121
156.452
155.737
154.95
155.916
155.916
155.916 -1.83186
155.878 -0.159347
155.878
155.878
157.024
157.024
156.964 3.11799 -1.24623
157.368
157.368 3.05208 0.121781
157.368 -0.3712 1.42168
155.747
155.747
156.14 -1.67797 -2.52971
156.14
156.855 -0.995537
156.855
156.855 -0.666386
156.855
156.855 0.664018
156.855 2.35969 -0.188363 0.144568 2.14613 -2.40496
157.554
157.554 3.53561
155.675
155.675
155.369 -4.95417
155.369
155.369 0.262655
155.369
155.369
155.369
155.369
155.369
155.369
155.369
155.369
154.829
154.829
154.829 -1.19339
154.829
154.829
156.657 -1.22399
156.657
154.42
154.42
154.42
155.883
155.883
155.279
155.688 3.89061 1.04823
156.781
155.604
156.793
156.793
155.115
155.14
156.054
154.187
154.187
154.187
154.187
154.487
154.487
156.549
156.12
156.12
156.12
155.372
156.519
156.436 4.83318
156.436
156.854 2.40967
155.626
155.626 0.0206468
154.889 -5.90192
154.889
154.889
155.803
155.803
154.805 0.7274
156.881
156.881
156.881
156.251
156.483 -4.09164
156.483
156.483
155.912
157.178
154.576 -5.88276
154.204
153.923
154.483
154.483 0.172994
156.876
154.844
157.089
156.262
156.328
156.328
155.171
153.929 -1.19132
154.172
155.641
155.641
155.641
155.641
155.641
155.641 -3.83318
155.641 -1.67255
155.641 1.05158
156.345
157.524 1.76365 1.55964 3.32595
157.524
157.524
157.524
