172 229 22 50 473
172 230 21 50 0 473
173 229 51 20 0 473
229 173 51 20 473
174 228 51 20 0 473
174 228 50 21 473
175 226 50 22 473
174 226 51 22 473
226 174 51 22 0 473
226 174 51 22 0 473
226 174 51 22 0 0 473
174 226 51 22 0 473
176 226 22 49 473
226 175 24 48 0 0 0 0 473
226 175 23 49 0 473
225 176 22 50 0 0 0 0 473
225 176 50 22 473
225 176 50 22 473
225 176 50 22 0 473
225 178 22 48 473
225 178 48 22 473
225 178 48 22 0 473
178 224 48 22 1 0 0 0 473
177 226 48 22 0 0 473
226 177 48 22 0 473
225 178 48 22 0 0 0 473
178 224 49 22 0 0 473
178 225 48 22 473
178 225 48 22 0 473
178 225 48 22 0 0 473
178 225 48 22 0 0 0 0 0 473
178 225 48 22 0 0 473
226 177 48 22 0 0 0 473
226 177 48 22 0 0 0 0 0 473
226 177 22 48 0 0 0 0 0 0 473
176 225 22 50 0 0 0 0 473
177 226 50 20 0 0 0 473
178 225 50 20 473
178 225 50 20 473
178 225 50 20 0 0 0 473
177 226 50 20 0 473
226 179 48 20 473
226 179 48 20 473
226 179 48 20 0 0 0 473
226 178 49 20 473
226 178 49 20 473
179 225 49 20 0 473
226 178 49 20 0 473
178 226 49 20 0 473
226 179 48 20 473
181 224 47 21 0 473
181 225 47 20 473
226 180 47 20 0 0 473
226 180 47 20 0 0 0 473
226 180 47 20 0 473
226 180 47 20 0 473
226 180 47 20 0 0 0 0 0 0 473
226 179 48 20 473
227 178 48 20 0 0 0 473
227 178 47 21 0 0 0 0 0 473
227 178 47 21 0 473
178 227 47 21 0 0 473
177 228 47 21 0 0 0 0 0 473
178 227 47 21 0 473
179 226 47 21 0 0 0 0 0 473
179 226 47 21 0 473
179 226 47 21 0 0 473
179 226 46 22 0 0 0 473
182 224 45 22 0 473
182 224 45 22 473
182 224 45 22 473
225 181 45 22 0 473
182 223 46 22 473
183 223 20 47 0 0 473
168 238 20 47 473
168 237 49 19 0 473
170 235 49 19 0 473
170 234 50 19 473
171 233 50 19 0 0 0 473
172 232 50 19 0 473
172 233 49 19 473
173 232 50 18 0 473
232 173 50 18 0 473
232 173 50 18 0 0 473
232 174 49 18 0 0 473
174 232 49 18 0 0 0 473
174 232 49 18 0 0 0 0 473
173 233 49 18 0 0 473
173 233 49 18 0 0 0 473
235 172 48 18 473
234 173 48 18 473
234 173 48 18 0 473
234 173 48 18 473
235 172 48 18 473
235 173 47 18 473
235 174 47 17 473
236 47 173 17 473
236 47 173 17 0 473
236 47 173 17 0 473
236 47 173 17 473
236 47 173 17 0 473
47 236 173 17 473
235 47 174 17 473
234 47 175 17 0 473
47 234 175 17 0 0 0 0 0 0 473
47 178 229 19 473
48 176 232 17 0 0 0 0 0 0 0 473
48 234 174 17 0 0 0 0 0 0 0 473
48 234 174 17 0 0 0 0 473
48 234 174 17 0 0 0 0 0 473
234 48 174 17 0 0 473
233 48 175 17 473
232 178 46 17 0 473
178 232 46 17 0 473
234 176 46 17 0 473
176 234 46 17 0 0 0 0 0 473
176 234 46 17 0 473
178 232 46 17 473
233 177 46 17 0 473
233 177 46 17 0 0 0 0 473
233 177 46 17 0 473
232 177 47 17 0 0 0 0 473
229 181 17 46 0 0 0 0 0 0 0 0 0 0 473
229 181 47 16 0 473
229 181 47 16 473
229 181 47 16 473
181 228 47 16 1 473
230 180 47 16 0 473
229 182 46 16 473
229 182 46 16 473
181 229 46 17 473
181 229 46 17 473
228 182 46 17 473
228 182 46 17 473
227 183 46 17 473
227 183 46 17 473
227 185 17 44 473
225 187 47 14 0 0 473
224 188 47 14 473
225 187 47 14 0 0 0 473
226 186 47 14 473
186 226 47 14 0 0 0 473
186 226 47 14 0 473
186 226 47 14 473
186 226 47 14 473
229 183 47 14 473
185 227 47 14 0 0 0 473
185 226 48 14 0 0 0 0 473
185 226 48 14 0 0 473
226 185 47 15 473
225 186 47 15 473
225 188 46 14 473
189 223 47 14 473
189 223 47 14 473
189 223 47 14 0 0 473
189 223 47 14 473
221 191 47 14 0 0 0 473
190 220 48 13 2 0 473
190 222 48 13 0 473
190 222 48 13 473
224 188 48 13 0 0 0 0 0 473
224 188 48 13 473
223 189 48 13 0 473
223 189 48 13 0 0 473
222 189 49 13 0 0 0 473
222 189 13 49 0 473
221 190 49 13 473
221 189 50 13 473
221 189 50 13 473
189 220 50 14 0 473
190 220 50 13 473
191 220 49 13 473
191 220 49 13 0 0 0 0 0 473
191 220 49 13 0 0 0 0 473
221 189 50 13 0 0 473
189 220 50 13 1 0 473
188 221 51 13 0 473
221 188 51 13 0 0 0 473
221 188 51 13 473
189 220 52 12 473
190 220 51 12 473
190 220 51 12 0 473
190 220 51 12 0 0 0 0 0 0 0 473
221 189 51 12 0 0 0 0 0 473
221 189 51 12 0 0 0 473
221 189 51 12 473
221 189 51 12 0 0 473
222 188 50 13 473
222 188 50 13 473
222 187 51 13 473
222 187 51 13 473
222 187 51 13 473
222 187 51 13 473
222 187 52 12 473
222 187 53 11 0 473
222 187 53 11 0 0 0 473
187 220 53 13 473
187 220 53 13 473
221 186 53 13 473
220 187 53 13 0 473
220 53 187 13 0 0 473
220 53 187 13 473
220 189 52 12 0 0 0 0 0 0 473
220 189 52 12 0 0 0 0 473
220 189 52 12 0 0 0 0 0 473
220 189 52 12 0 0 0 473
220 189 52 12 0 0 0 0 473
220 189 52 12 0 0 0 473
190 219 52 12 0 0 0 0 0 0 473
219 188 53 13 0 473
187 220 53 13 473
184 221 55 13 0 0 473
222 185 55 11 0 473
185 222 55 11 0 473
223 184 55 11 0 0 473
223 185 54 11 473
223 185 54 11 473
185 222 54 11 0 1 0 0 0 473
224 184 54 11 0 0 0 0 0 0 0 0 0 473
224 184 54 11 0 0 0 473
224 185 53 11 473
224 185 53 11 473
224 185 53 11 0 473
224 185 53 11 0 473
185 222 54 12 473
186 223 53 11 473
186 223 53 11 0 0 473
186 223 53 11 0 0 473
223 186 53 11 0 0 0 473
187 222 53 11 0 473
187 222 53 11 0 0 0 0 473
222 187 53 11 0 0 0 0 473
188 220 53 11 0 0 1 473
188 221 53 11 0 0 0 0 0 0 0 0 0 0 0 0 473
188 221 52 12 0 473
187 222 52 12 473
188 221 52 12 473
187 221 12 53 473
221 187 12 53 473
221 187 12 53 0 0 0 473
221 187 54 11 473
221 187 54 11 473
187 220 55 11 473
187 220 55 11 473
187 220 55 11 473
222 185 54 12 473
221 186 54 12 473
186 220 54 13 473
185 221 55 12 0 0 473
223 182 56 12 473
223 55 183 12 0 0 473
223 185 53 12 473
223 185 53 12 473
223 185 53 12 0 473
223 185 53 12 473
223 185 53 12 473
222 185 54 12 473
222 185 54 12 0 473
185 222 54 12 473
186 221 54 12 473
187 220 54 12 473
188 219 54 12 0 0 0 473
220 187 54 12 0 0 0 0 473
220 187 54 12 0 0 0 0 0 473
220 186 55 12 0 0 473
186 219 55 12 0 0 1 473
220 186 55 12 0 0 0 0 0 473
220 186 55 12 0 0 0 473
220 55 186 12 0 473
55 219 186 12 0 0 1 473
220 55 186 12 0 0 0 473
220 187 54 12 0 0 0 0 473
187 220 54 12 0 0 473
186 221 54 12 473
186 221 54 12 0 0 0 0 0 0 0 473
185 221 54 13 0 0 0 473
221 186 53 13 0 473
221 186 53 13 0 0 0 0 0 0 0 0 0 473
221 186 52 14 0 473
220 187 52 14 0 473
219 188 52 14 0 0 473
188 218 52 14 1 0 473
188 219 52 14 0 0 473
189 218 52 14 473
189 218 52 14 473
189 218 52 14 473
189 218 52 14 473
189 218 52 14 473
187 218 54 14 0 0 0 0 473
187 217 55 14 473
187 217 55 14 473
186 217 56 14 0 473
186 217 56 14 0 0 0 473
187 216 56 14 0 473
187 216 56 14 0 0 473
187 216 56 14 473
188 215 56 14 0 473
214 189 56 14 0 473
214 189 56 14 0 0 473
176 227 56 14 0 0 473
176 227 56 14 473
176 227 56 14 473
176 227 56 14 0 0 473
175 227 56 15 473
175 227 56 15 0 0 473
228 173 57 15 473
227 174 57 15 473
226 174 58 15 0 0 473
225 175 58 15 0 0 473
225 175 58 15 473
225 175 58 15 0 0 473
225 175 58 15 0 0 473
224 175 59 15 0 0 473
222 177 59 15 0 0 0 0 473
177 221 59 16 0 0 473
222 177 59 15 0 473
220 179 59 15 473
220 179 59 15 0 0 0 0 473
179 220 59 15 473
179 220 59 15 473
219 180 58 16 473
219 180 58 16 473
218 181 58 16 0 0 0 473
218 181 58 16 473
218 181 58 16 0 473
219 58 180 16 473
218 182 57 16 0 0 0 0 0 473
218 182 57 16 0 0 0 473
169 231 57 16 0 0 473
169 231 57 16 0 0 0 0 0 473
169 231 57 16 0 0 473
170 230 57 16 0 473
171 229 57 16 0 473
172 229 56 16 0 0 0 473
231 170 56 16 0 0 0 473
232 169 56 16 0 0 0 473
232 56 169 16 0 0 473
232 56 169 16 0 0 0 473
232 170 55 16 0 0 473
231 172 55 15 473
230 173 54 16 0 0 473
230 173 54 16 0 473
175 227 54 16 0 0 1 0 473
175 228 54 16 0 0 0 0 473
177 226 54 16 0 0 473
178 225 54 16 473
178 225 54 16 0 473
178 225 54 16 0 0 0 0 0 473
178 224 55 16 0 0 473
178 224 55 16 0 0 0 0 473
180 222 55 16 0 473
182 220 55 16 0 0 0 0 0 473
219 182 57 15 0 0 473
218 182 58 15 473
218 181 59 15 0 0 0 0 0 0 0 0 0 0 0 473
218 181 59 15 473
182 217 59 15 0 0 473
182 217 59 15 0 0 473
183 216 59 15 0 0 0 0 0 473
183 216 59 15 473
183 216 59 15 0 473
216 183 59 15 473
216 183 59 15 0 0 0 0 473
215 184 59 15 0 473
184 214 59 15 1 0 0 0 473
184 214 60 15 0 0 473
214 185 60 14 0 0 473
213 185 61 14 0 0 473
213 186 14 60 0 0 0 473
187 212 14 60 473
187 212 62 12 473
211 189 61 12 0 0 0 0 0 0 0 0 0 473
211 189 61 12 0 0 473
212 61 188 12 473
61 211 189 12 0 473
61 211 189 12 0 473
62 211 188 12 0 0 473
61 211 189 12 473
211 60 190 12 0 0 0 473
211 60 191 11 0 0 473
60 211 191 11 473
60 212 190 11 0 0 473
61 211 190 11 0 0 473
61 209 192 11 473
61 209 192 11 473
61 193 208 11 473
193 60 209 11 473
207 196 58 12 0 0 0 473
208 195 58 12 0 473
196 207 58 12 0 0 0 0 0 0 0 0 473
196 207 58 12 0 473
208 195 58 12 0 0 0 473
208 195 58 12 0 473
196 207 57 13 0 0 0 0 473
203 199 58 13 0 0 473
204 198 58 13 0 0 473
205 197 58 13 473
204 198 58 13 473
204 197 59 13 473
204 196 60 13 0 473
196 203 61 13 473
196 203 62 12 473
203 196 62 12 0 473
202 196 63 12 0 0 0 473
216 182 63 12 473
215 183 63 12 473
183 215 63 12 0 0 0 0 0 0 0 0 0 473
184 214 63 12 0 0 473
184 214 63 12 0 0 0 473
183 215 63 12 473
184 214 63 12 0 473
184 214 63 12 0 0 0 0 0 473
214 184 63 12 0 0 0 0 473
185 213 63 12 0 0 473
185 213 63 12 0 0 473
184 214 63 12 473
184 214 63 12 0 0 0 0 473
215 183 63 12 473
215 183 62 13 0 473
214 184 62 13 473
213 185 62 13 473
212 185 63 13 0 473
211 185 64 13 473
212 184 64 13 0 0 473
211 184 64 14 0 0 473
225 170 64 14 473
222 173 64 14 0 0 0 473
221 174 64 14 0 0 473
221 174 64 14 0 0 473
221 174 63 15 0 473
219 176 63 15 473
176 219 63 15 473
176 219 63 15 473
176 219 63 15 0 473
220 175 63 15 0 473
220 175 63 15 473
220 175 63 15 0 0 473
218 176 64 15 0 473
217 177 65 14 0 0 0 473
217 177 65 14 0 473
217 178 64 14 0 473
178 216 64 15 473
220 175 64 14 0 473
219 176 64 14 0 0 0 0 473
178 217 64 14 0 0 473
178 217 64 14 473
178 217 64 14 473
218 177 64 14 473
177 218 64 14 473
218 176 65 14 0 473
176 217 65 15 473
216 176 66 15 473
215 177 66 15 0 0 473
178 213 67 15 0 0 473
179 212 67 15 473
179 212 67 15 0 0 473
179 214 65 15 0 0 473
213 180 65 15 473
214 179 65 15 0 473
179 210 67 17 473
212 177 67 17 473
178 211 68 16 0 0 0 0 473
210 179 69 15 473
209 180 69 15 0 473
181 209 68 15 473
203 186 69 15 0 473
204 185 69 15 473
186 202 71 14 0 473
203 184 71 14 0 1 473
204 185 70 14 0 0 473
206 184 69 14 473
185 205 69 14 0 473
186 204 69 14 0 0 473
186 204 68 15 473
186 204 68 15 473
207 181 69 15 1 473
208 182 68 15 0 473
195 195 69 14 473
212 70 177 14 473
211 177 71 14 473
179 208 72 14 473
177 210 72 14 473
177 209 73 14 473
175 211 73 14 0 473
176 209 74 14 0 0 473
210 175 73 15 0 473
208 176 74 15 473
208 176 74 15 0 0 0 473
207 177 74 15 473
207 177 74 15 473
208 176 74 15 0 0 473
176 208 74 15 0 0 0 0 473
209 174 75 15 0 0 0 473
208 173 77 15 0 0 0 473
172 208 78 15 473
172 208 78 15 0 473
172 209 77 15 473
211 170 77 15 473
211 170 77 15 0 473
170 212 76 15 473
170 212 76 15 473
168 214 76 15 0 0 0 473
168 214 77 14 0 473
168 214 77 14 0 0 0 473
168 214 78 13 0 0 473
169 213 78 13 0 0 0 0 0 0 0 0 0 0 0 0 0 0 0 0 0 473
169 213 78 13 0 0 0 0 0 473
169 213 78 13 0 0 473
215 168 77 13 0 0 0 473
215 168 77 13 0 0 473
214 79 168 12 0 0 0 473
217 166 77 13 473
217 166 77 13 473
218 166 77 12 473
215 166 80 12 0 0 0 473
216 165 80 12 0 0 473
165 216 80 12 473
216 165 80 12 473
218 163 80 12 0 0 0 473
219 162 80 12 473
219 162 80 12 0 473
217 163 81 12 0 0 0 0 473
217 163 81 12 0 0 473
217 163 81 12 473
217 163 81 12 473
217 163 81 12 0 0 0 0 0 473
216 163 82 12 473
216 163 83 11 0 473
216 163 83 11 0 0 0 0 473
216 163 83 11 0 0 0 473
216 163 83 11 473
216 163 83 11 0 473
216 163 83 11 0 0 473
163 216 83 11 473
163 215 84 11 473
215 163 84 11 473
162 217 83 11 0 0 0 0 0 473
218 161 83 11 473
218 161 83 11 473
162 216 84 11 0 0 473
217 161 84 11 0 0 473
217 161 84 11 0 473
218 160 84 11 473
159 219 84 11 0 473
160 217 85 11 0 473
160 217 85 11 473
218 159 85 11 0 0 473
219 158 85 11 0 0 0 473
219 158 85 11 0 473
219 158 85 11 473
219 158 85 11 0 473
219 158 85 11 473
158 218 86 11 0 0 0 473
159 216 87 11 0 0 0 473
216 158 89 10 0 0 0 473
216 158 89 10 473
216 158 89 10 473
217 89 157 10 0 473
215 89 159 10 473
218 159 86 10 0 0 473
159 218 86 10 0 0 473
217 159 87 10 0 473
161 215 86 11 0 473
162 214 86 11 0 0 0 0 473
162 214 85 12 0 473
216 160 86 11 0 0 473
216 160 86 11 0 0 0 0 473
217 159 86 11 0 0 0 0 473
217 159 86 11 0 473
160 216 86 11 473
161 215 86 11 0 0 473
162 214 86 11 0 0 0 473
216 160 86 11 0 0 0 0 473
216 86 160 11 0 0 0 0 473
217 85 160 11 0 473
217 160 85 11 0 0 0 473
217 160 85 11 0 0 473
217 160 85 11 473
161 215 86 11 0 473
161 215 86 11 473
161 215 86 11 0 0 473
161 215 86 11 473
161 215 86 11 0 0 0 473
161 215 86 11 0 0 0 0 0 473
216 160 86 11 0 473
215 160 87 11 0 0 0 0 473
216 87 159 11 0 473
215 160 87 11 0 473
215 160 87 11 0 473
161 213 86 13 473
161 214 86 12 0 0 473
163 212 85 13 0 473
212 163 85 13 0 473
164 211 85 13 0 0 0 473
163 212 85 13 0 0 0 473
163 212 85 13 0 0 473
163 213 84 13 0 0 473
162 214 84 13 0 0 0 473
214 162 84 13 0 473
214 83 162 14 0 0 473
214 162 83 14 0 0 0 0 473
213 162 83 15 473
215 161 82 15 0 473
159 216 82 15 1 0 473
217 159 82 15 0 473
216 160 80 17 0 0 0 473
217 159 80 17 0 0 0 473
158 218 80 17 0 0 0 473
158 218 80 17 0 473
158 218 80 17 0 473
219 157 80 17 0 473
218 158 80 17 0 0 473
218 158 80 17 0 0 0 0 0 0 0 473
217 159 80 17 0 473
217 159 80 17 473
217 160 79 17 0 0 473
216 161 79 17 0 0 0 473
216 161 78 18 0 473
216 161 78 18 0 473
162 215 78 18 0 473
161 216 78 18 473
216 161 78 18 0 0 0 473
216 161 78 18 0 473
161 216 78 18 473
160 217 78 18 0 0 0 0 0 0 473
160 217 78 18 0 0 473
161 216 78 18 0 0 0 0 473
161 216 79 17 473
162 215 79 17 473
215 162 79 17 0 0 473
215 162 79 17 0 0 0 0 0 473
214 163 79 17 0 0 0 473
163 213 80 17 0 0 0 0 473
163 213 80 17 0 0 0 473
163 213 80 17 0 0 0 0 473
163 212 81 17 0 0 0 473
211 164 81 17 0 0 0 0 473
211 164 81 17 0 0 0 0 473
211 164 81 17 0 0 473
211 164 81 17 0 0 0 473
210 165 81 17 0 0 0 473
210 165 81 17 0 0 473
165 210 81 17 0 0 473
165 210 81 17 0 0 0 473
165 209 82 17 473
165 209 82 17 473
164 210 82 17 0 473
167 83 206 17 473
83 165 208 17 0 0 473
165 83 208 17 473
166 207 83 17 473
166 206 84 17 473
166 206 84 17 473
207 165 84 17 0 0 0 0 473
208 84 164 17 0 0 0 473
207 165 84 17 0 473
208 84 164 17 473
209 165 82 17 0 0 0 473
165 209 82 17 0 473
210 164 82 17 0 473
210 164 83 16 0 473
167 207 83 16 473
208 166 83 16 0 0 0 473
209 83 165 16 473
208 84 165 16 0 473
208 84 165 16 473
206 166 85 16 473
206 166 85 16 0 473
205 167 85 16 0 0 0 473
207 85 165 16 0 0 473
207 85 165 16 473
207 85 165 16 473
206 165 86 16 0 0 473
207 87 164 15 473
206 165 86 16 0 473
208 86 163 16 0 0 0 473
87 203 167 15 0 0 0 0 0 1 0 0 473
86 204 167 16 0 0 0 0 0 0 0 473
86 204 167 16 0 473
87 167 203 16 0 0 473
87 167 203 16 0 0 473
87 204 166 16 0 0 0 0 0 473
204 86 166 17 0 0 0 0 473
86 203 166 18 0 473
86 168 202 17 0 0 0 473
86 170 200 17 0 0 0 0 473
85 171 199 18 0 0 0 0 473
85 172 198 18 0 0 0 473
172 86 198 17 473
170 200 86 17 0 473
171 199 86 17 0 473
199 171 86 17 0 0 473
172 198 86 17 0 473
172 198 86 17 0 473
172 198 86 17 0 0 473
198 172 85 18 0 473
197 173 85 18 0 0 473
199 86 171 17 473
199 171 86 17 0 473
199 172 85 17 473
199 172 85 17 0 0 473
199 172 85 17 0 0 473
199 172 85 17 473
199 172 85 17 0 473
199 172 85 17 0 473
199 172 85 17 0 473
199 172 85 17 0 473
199 172 86 16 473
172 199 86 16 0 473
170 201 86 16 473
170 201 86 16 0 0 473
201 170 86 16 473
199 172 86 16 473
199 172 86 16 473
200 172 85 16 473
200 172 85 16 0 473
199 172 86 16 0 0 0 0 473
198 173 86 16 0 473
173 197 87 16 0 0 473
198 172 87 16 473
173 196 88 16 473
196 172 89 16 0 0 0 0 473
196 89 172 16 0 0 473
196 89 172 16 0 473
198 172 87 16 473
197 172 87 17 473
172 197 87 17 473
197 172 87 17 0 0 473
196 172 87 18 0 0 0 0 473
196 173 85 19 0 0 0 473
173 195 85 20 473
173 85 195 20 0 0 0 0 473
173 85 195 20 0 0 0 473
186 85 182 20 473
187 181 84 21 473
189 179 83 22 473
178 189 84 22 473
190 176 85 22 473
191 176 84 22 0 0 473
176 191 84 22 473
176 191 84 22 0 0 0 473
177 190 85 21 0 473
176 85 191 21 0 0 473
86 174 192 21 0 473
87 192 173 21 0 473
85 173 193 21 0 1 473
85 172 195 21 0 0 0 0 0 0 0 0 473
85 196 171 21 0 0 0 0 473
197 84 171 21 0 473
84 196 172 21 473
84 196 172 21 473
84 197 171 21 473
84 196 172 21 473
197 84 172 20 0 0 0 0 473
198 83 172 20 0 0 473
199 172 82 20 473
199 172 82 20 0 473
172 199 82 20 473
171 199 83 20 0 0 0 473
200 170 83 20 0 473
170 199 84 20 473
198 170 85 20 0 0 0 473
201 85 167 20 0 0 473
202 167 84 20 473
166 203 84 20 473
166 202 85 20 473
201 166 86 20 0 0 0 0 0 0 473
200 166 87 20 0 0 0 0 0 0 0 473
200 166 87 20 0 0 0 0 0 0 0 473
200 166 87 20 0 0 473
167 198 88 20 473
166 198 89 20 0 0 473
166 198 89 20 0 0 473
166 198 89 20 473
181 182 90 20 473
182 180 91 20 0 0 473
183 179 91 20 473
180 182 91 20 0 0 0 473
179 183 91 20 0 0 473
166 196 91 20 0 0 0 473
196 166 91 20 0 473
197 91 165 20 0 0 0 473
197 166 91 19 0 0 473
197 91 166 19 473
197 166 91 19 0 473
197 166 91 19 0 473
197 166 91 19 473
197 166 91 19 473
197 164 93 19 0 0 473
164 197 93 19 0 0 0 0 0 0 0 0 0 473
164 197 93 19 0 473
165 196 93 19 473
166 195 93 19 473
165 195 94 19 0 0 473
195 165 94 19 0 0 473
165 194 95 19 0 0 0 0 0 473
194 165 95 19 0 473
194 165 95 19 0 473
192 166 96 19 0 0 0 0 0 0 0 473
192 165 97 19 0 0 473
190 167 97 19 473
190 167 97 19 473
191 97 166 19 0 0 473
191 96 167 19 0 0 473
191 167 96 19 473
173 186 95 19 0 0 473
186 173 95 19 0 473
172 187 95 19 473
172 187 95 19 0 0 473
172 188 93 20 473
190 170 93 20 473
190 171 92 20 0 473
173 187 93 20 473
172 189 92 20 0 473
171 190 92 20 473
171 190 92 20 473
171 190 92 20 473
171 190 92 20 0 473
171 190 92 20 0 0 0 0 0 0 0 0 473
171 190 92 20 0 0 0 473
171 190 92 20 473
172 189 92 20 473
173 93 187 20 473
173 93 187 20 473
172 93 188 20 473
93 172 188 20 0 473
93 188 172 20 473
93 173 187 20 0 0 0 0 473
93 187 173 20 0 473
93 172 187 20 1 473
95 172 187 19 0 0 0 0 0 473
95 189 170 19 0 0 0 0 0 0 0 473
189 95 170 19 0 0 473
189 172 93 19 0 473
189 172 92 20 473
174 187 92 20 0 0 0 473
187 173 93 20 0 473
173 186 93 21 0 0 0 0 0 473
188 172 94 19 0 473
187 172 95 19 0 473
186 173 95 19 473
186 172 96 19 473
172 186 96 19 473
172 96 186 19 473
173 185 96 19 473
174 185 95 19 473
175 184 95 19 0 0 473
176 183 95 19 0 0 0 473
190 169 95 19 0 473
191 168 96 18 473
191 168 96 18 0 473
191 168 96 18 473
190 169 96 18 473
190 169 96 18 0 473
190 169 96 18 0 0 0 473
170 189 96 18 473
170 189 97 17 473
190 169 97 17 0 0 473
187 171 97 18 0 473
186 172 97 18 473
185 173 97 18 473
185 173 97 18 0 0 0 0 473
172 186 97 18 0 0 0 0 0 473
171 186 97 19 0 0 0 473
184 173 97 19 0 0 0 473
183 174 97 19 0 0 473
174 183 97 19 0 0 0 473
184 173 97 19 0 473
173 184 97 19 0 0 0 473
174 184 96 19 473
173 184 97 19 0 0 473
173 184 97 19 0 0 473
185 174 95 19 0 473
185 174 95 19 0 0 0 0 0 0 473
185 174 95 19 473
185 174 96 18 0 473
175 185 95 18 473
175 95 185 18 473
175 186 93 19 473
186 174 94 19 473
175 185 94 19 473
172 187 94 20 473
187 172 93 21 0 0 0 473
172 187 93 21 473
172 187 93 21 473
172 187 93 21 0 473
171 187 94 21 0 0 473
171 94 187 21 0 0 473
172 187 93 21 473
172 187 93 21 473
172 187 93 21 0 0 0 473
188 171 93 21 0 473
188 172 92 21 0 0 473
188 172 92 21 0 0 0 0 473
172 188 92 21 0 0 0 0 473
172 188 92 21 0 0 0 473
172 187 93 21 0 0 473
171 187 94 21 473
172 186 94 21 473
171 186 95 21 0 473
172 186 94 21 473
187 171 94 21 0 473
172 186 94 21 473
186 171 95 21 0 0 473
185 173 94 21 473
183 175 94 21 0 0 0 0 0 473
196 162 94 21 473
164 191 96 22 0 473
163 190 98 22 0 0 473
186 98 167 22 473
186 98 167 22 0 473
191 98 162 22 0 0 0 473
97 190 164 22 0 0 0 0 473
186 98 167 22 473
187 98 166 22 0 0 473
186 99 167 21 473
185 100 167 21 473
183 101 168 21 473
101 184 167 21 0 0 473
186 101 165 21 0 0 0 473
187 100 165 21 0 0 0 0 0 473
187 166 99 21 0 0 0 0 0 0 0 0 0 0 0 0 0 0 473
187 166 100 20 473
187 166 100 20 473
186 167 100 20 0 473
187 167 99 20 0 0 0 473
168 186 99 20 0 0 473
168 186 99 20 0 473
167 187 99 20 0 0 473
167 187 99 20 0 0 473
187 166 100 20 473
167 186 101 19 473
167 185 102 19 0 473
187 165 102 19 473
165 187 102 19 473
164 188 102 19 0 473
165 187 103 18 473
165 187 103 18 473
189 102 164 18 473
188 102 165 18 473
101 189 165 18 0 473
101 166 188 18 0 0 473
102 166 187 18 0 473
102 157 194 20 473
101 195 159 18 0 473
101 195 159 18 473
99 195 160 19 473
197 99 158 19 0 0 0 0 473
197 100 157 19 473
196 100 158 19 473
200 158 96 19 473
201 96 157 19 473
203 156 95 19 0 0 0 473
203 156 95 19 473
156 202 95 20 473
156 203 95 19 0 473
156 203 95 19 473
204 155 95 19 0 473
155 204 95 19 0 0 473
156 203 95 19 473
156 203 95 19 473
156 204 19 94 473
156 204 94 19 0 0 0 0 473
156 204 94 19 0 0 473
205 155 94 19 473
205 155 94 19 0 0 473
205 155 94 19 473
205 155 94 19 473
205 155 94 19 0 0 473
156 203 94 20 473
156 203 94 20 0 473
156 203 94 20 0 0 0 0 0 473
156 203 94 20 473
157 202 94 20 0 0 0 473
157 94 202 20 0 0 473
156 205 92 20 473
156 205 92 20 0 0 0 473
204 157 93 19 473
204 158 92 19 0 0 0 473
206 92 156 19 0 0 0 0 473
207 156 91 19 0 0 0 0 0 0 0 0 0 473
205 157 92 19 0 0 0 0 473
157 206 90 20 0 0 0 0 473
157 206 91 19 0 0 0 0 0 0 0 0 0 0 0 0 473
157 206 91 19 0 0 0 473
157 205 92 19 0 0 0 0 473
157 205 92 19 0 0 0 0 0 473
157 205 92 19 0 0 0 0 0 473
157 205 92 19 473
157 92 204 20 0 0 0 0 0 0 473
92 156 206 19 0 0 0 0 0 0 0 473
92 207 155 19 0 0 0 0 0 0 0 0 473
93 155 206 19 0 0 0 0 0 0 0 473
93 155 206 19 0 0 0 0 473
93 208 153 19 473
93 207 154 19 0 473
93 207 154 19 0 0 0 0 473
93 154 207 19 0 473
94 154 207 18 0 473
154 92 209 18 0 0 473
