0.30338
0.30338
0.30338
0.30338
0.413255
0.354701
0.354701
0.476194
0.476194
0.577435
0.577435
0.577435
0.577435
0.577435
0.577435
0.577435
0.577435
0.449507
0.449507
0.448272
0.303567
1.05971
0.772584
1.12538
1.12538
0.738012
0.365968
0.254799
0.853171
1.16331
1.16331
1.32695
1.32695
1.16426
1.8861
0.665852
0.665852
0.472472
0.472472
0.472472
0.268107
0.268107
0.583916
1.07449
0.775295
0.775295
0.775295
0.775295
0.264077
0.774188
0.774188
0.774188
0.774188
1.0057
1.0057
1.0057
1.25982
1.02917
1.24577
0.86628
0.86628
0.903017
0.903017
0.903017
0.903017
0.903017
0.996591
0.587505
0.409268
0.37548
0.260905
0.434816
0.181112
0.181112
0.181112
1.10721
1.10721
0.764573
0.764573
0.195095
0.381289
0.381289
0.957706
0.957706
0.957706
0.869261
0.772291
0.707071
0.251225
0.0528091
0.146314
0.146314
0.146314
0.153277
0.153277
0.153277
0.571236
0.571236
0.571236
0.571236
0.571236
0.571236
0.658946
0.658946
1.0353
1.0353
1.0353
1.0353
0.850653
0.924396
1.07598
1.07598
0.322793
0.556724
1.35494
1.45048
0.486083
0.486083
1.42619
1.42619
1.42619
1.62499
0.714643
0.714643
0.408919
0.408919
0.239431
0.239431
0.239431
0.239431
0.239431
0.239431
0.239431
0.139208
0.139208
0.139208
0.400475
0.429925
0.124415
0.150671
0.413843
0.413843
0.286854
0.286854
0.827074
0.827074
0.827074
0.827074
0.674532
0.695947
0.695947
0.695947
0.695947
0.695947
0.695947
0.772979
0.772979
0.772979
0.772979
0.772979
0.772979
0.394298
0.394298
0.394298
0.212432
0.305713
0.69356
0.69356
0.282154
0.282154
0.282154
0.358518
0.685231
0.881522
1.24937
1.24937
0.483764
0.725219
0.725219
0.247062
0.247062
1.82286
1.82286
1.10485
0.982162
0.982162
0.494825
0.494825
0.290706
0.290706
0.290706
0.546785
0.546785
0.546785
0.831507
0.831507
0.276174
0.276174
0.276174
0.276174
0.276174
0.222898
1.11572
1.11572
1.11572
0.830041
0.793197
0.793197
0.587331
0.587331
0.587331
0.587331
0.46593
0.46593
0.46593
0.46593
1.27485
1.27485
1.27485
0.66966
0.474659
0.474659
0.539462
0.539462
0.539462
0.539462
0.493233
0.503177
0.503177
0.503177
1.2973
1.2973
1.2973
1.2973
0.634111
0.160858
0.160858
0.343489
0.343489
0.308172
0.308172
0.308172
0.308172
0.423343
0.423343
0.423343
0.423343
0.423343
0.286441
0.286441
0.286441
0.286441
0.420045
0.420045
0.420045
0.420045
0.420045
0.420045
0.420045
0.420045
0.420045
1.26368
1.26368
1.73882
1.499
1.67356
1.67356
0.871345
0.871345
0.360253
0.743118
0.743118
0.625173
0.477894
1.11259
1.11259
1.30885
1.30885
0.490977
0.469373
0.469373
0.469373
0.469373
0.469373
0.469373
0.524978
0.524978
0.524978
0.524978
0.524978
0.524978
0.524978
0.544649
0.869508
0.561486
0.397522
0.397522
0.572603
0.572603
0.572603
0.572603
0.572603
0.572603
0.572603
0.572603
0.572603
0.572603
0.572603
0.572603
0.41542
0.424307
1.34734
1.34734
1.02849
0.740282
0.740282
0.740282
0.613634
0.613634
0.622691
0.622691
0.770302
0.444553
0.318115
0.318115
0.467023
1.04726
1.04726
1.04726
1.04726
1.04726
1.04726
1.15487
1.33503
0.916382
0.916382
0.690774
1.02492
1.17528
1.17528
1.18207
0.82214
0.82214
0.82214
0.82214
0.82214
0.351717
1.21963
1.21963
1.21963
1.21963
1.21963
1.39593
1.39593
0.964346
0.964346
0.964346
0.885501
0.885501
0.885501
0.885501
0.638525
0.638525
0.577237
0.577237
0.577237
0.78064
0.777116
0.777116
0.777116
0.777116
0.951306
0.873086
0.80375
0.80375
0.80375
0.550589
0.550589
0.550589
0.550589
0.541832
0.541832
0.541832
0.636665
0.636665
0.636665
0.636665
1.06204
1.06204
1.06204
1.06204
1.06204
1.06204
1.06204
0.982643
0.746989
0.488098
0.488098
0.488098
0.312543
0.312543
0.312543
1.01123
1.01123
0.575518
0.482352
0.924077
0.87877
0.87877
0.856356
0.856356
0.856356
0.856356
0.856356
1.41993
0.807525
0.807525
0.807525
0.605128
0.605128
0.605128
0.605128
0.432789
1.2516
0.892218
0.892218
0.560937
0.560937
0.560937
0.560937
0.560937
0.560937
0.720415
0.720415
0.720415
0.720415
0.720415
0.720415
0.720415
0.720415
0.720415
0.430925
0.568768
1.05523
0.487949
0.487949
0.487949
0.487949
0.279115
0.266281
0.266281
0.727187
0.612087
0.612087
0.612087
0.612087
0.643629
0.281721
0.281721
0.281721
0.555174
0.814512
0.842537
0.842537
0.842537
0.842537
0.842537
1.3183
1.3183
0.588645
0.588645
0.588645
0.588645
0.588645
0.948341
0.239431
0.239431
0.239431
0.239431
0.239431
0.464494
0.464494
0.386057
0.386057
0.70115
0.70115
0.70115
0.70115
0.327244
0.947624
0.947624
0.947624
0.947624
0.947624
0.385821
0.385821
0.361816
0.361816
0.361816
0.361816
0.361816
1.05192
1.1901
1.1901
1.1901
1.70655
1.70889
0.958532
0.958532
0.958532
0.958532
0.99031
1.12397
1.60921
0.908605
0.908605
0.908605
0.908605
0.547254
0.547254
0.946317
0.946317
0.946317
0.946317
0.946317
0.946317
0.946317
0.946317
1.10657
0.731137
0.731137
0.731137
0.440586
0.401947
0.401947
0.401947
0.401947
0.777158
0.777158
0.777158
0.401648
0.401648
0.401648
0.401648
0.601064
0.601064
0.601064
0.601064
0.601064
0.872616
0.872616
0.936047
0.606211
0.606211
0.860172
0.860172
0.860172
0.860172
0.860172
0.860172
0.860172
0.812666
0.812666
0.708218
0.708218
0.544843
0.544843
0.544843
0.544843
0.544843
0.424178
0.890044
0.890044
0.890044
0.842565
0.842565
0.842565
0.842565
0.842565
0.842565
0.79443
0.79443
0.79443
0.79443
0.81072
0.81072
0.524468
0.72157
0.72157
0.72157
0.72157
0.867843
0.867843
1.23003
1.62024
1.38084
0.857505
0.857505
0.851854
0.851854
0.851854
0.851854
0.851854
0.851854
0.851854
0.818135
0.818135
0.818135
1.05747
0.962333
1.42652
1.35635
1.35635
0.421052
0.421052
0.421052
0.421052
0.421052
0.421052
0.522674
0.641737
1.1013
1.1013
1.38623
1.38623
0.965402
1.45237
1.30322
1.30322
1.30322
1.30322
1.30322
1.36412
1.36412
1.65319
1.24356
1.24356
1.24356
1.24356
1.24356
1.24356
1.41279
0.93709
1.07943
1.07943
0.822708
0.447808
0.447808
0.447808
0.447808
0.447808
0.277945
0.277945
0.810631
0.810631
0.616847
0.616847
0.616847
0.616847
0.493194
0.410486
0.410486
0.443818
0.443818
0.443818
0.443818
0.443818
0.688505
0.688505
0.688505
0.688505
0.688505
0.688505
0.688505
0.688505
1.15484
1.15484
0.792046
0.792046
0.792046
0.937585
0.937585
0.937585
0.85531
0.937066
1.18833
1.18833
1.18833
1.18833
1.18833
1.24896
0.982854
0.935232
0.935232
0.935232
0.935232
0.85881
0.829131
0.61661
0.584955
1.12744
0.465417
0.544711
0.544711
0.497087
0.509024
0.509024
0.509024
0.509024
0.526052
0.789293
0.308381
0.308381
0.308381
0.615582
0.615582
0.615582
0.780632
0.816098
0.866397
0.674322
0.7512
0.7512
0.7512
0.7512
0.7512
0.7512
0.7512
1.207
0.453109
0.540912
0.540912
0.540912
0.540912
0.540912
0.271978
0.4064
0.4064
0.4064
0.4064
0.757965
0.757965
0.757965
0.757965
0.757965
0.757965
0.757965
0.757965
0.379313
0.379313
0.59872
0.59872
0.661933
0.61074
0.569165
0.569165
0.569165
0.569165
0.569165
0.528756
0.528756
0.528756
0.528756
0.225238
0.225238
0.225238
1.4649
1.4649
1.4649
0.788614
0.580071
0.580071
0.867781
0.534697
0.321962
1.18453
1.18453
1.18453
1.18453
1.02356
1.02356
1.02356
1.02356
1.02356
0.894178
0.894178
0.894178
0.894178
0.917846
0.917846
0.917846
0.902387
0.902387
1.04036
1.04036
1.58294
1.58294
1.32107
1.37296
0.362815
0.362815
0.362815
0.299676
0.953921
0.808697
0.643286
0.643286
0.643286
0.267734
0.311286
0.311286
0.311286
0.155086
0.155086
0.155086
0.155086
0.185992
1.1038
1.1038
0.278153
0.278153
0.278153
0.170269
0.170269
0.170269
0.170269
1.02536
0.841096
0.737311
0.737311
0.737311
0.632744
0.632744
0.632744
0.818123
0.401096
0.401096
0.401096
0.401096
0.3894
0.3894
0.288657
0.288657
0.288657
0.288657
0.546633
0.521699
1.0091
1.0091
0.18187
0.488158
0.488158
0.488158
0.397915
0.397915
0.433586
0.825292
0.825292
0.825292
1.02743
1.02743
1.02743
1.02743
1.00552
0.63046
0.992565
1.10187
0.604297
0.604297
0.604297
0.604297
1.37076
1.37076
1.37076
0.15753
0.130583
0.130583
0.343198
0.343198
0.343198
0.416326
0.416326
0.506487
0.506487
0.506487
0.506487
0.824312
0.328028
0.328028
0.749838
0.749838
0.749838
0.749838
0.814572
0.814572
0.814572
0.61236
0.61236
0.61236
0.61236
0.633668
0.601051
0.614515
0.614515
0.614515
0.614515
0.813109
0.813109
0.672883
0.672883
0.628633
0.347237
0.520151
0.813632
0.155517
0.155517
0.846017
0.846017
1.37376
1.37376
1.37376
1.37376
1.32434
0.633773
0.633773
0.633773
0.633773
0.660654
0.660654
0.660654
0.660654
0.51938
0.51938
0.426343
0.395857
0.395857
0.26608
0.26608
0.26608
0.421521
0.401836
0.587392
0.587392
0.362835
0.362835
0.362835
0.362835
0.859495
0.416661
0.416661
0.416661
0.364139
0.554843
0.554843
0.554843
0.554843
0.554843
0.554843
0.554843
0.637921
0.5483
0.5483
0.5483
0.312451
0.312451
0.312451
0.312451
0.993833
0.75176
0.75176
0.75176
0.75176
0.75176
0.551515
0.551515
0.709333
1.23125
1.23125
1.2832
1.5813
1.54598
1.75378
1.75378
1.65102
1.69905
1.99782
1.99782
1.72858
1.72858
1.72858
1.57699
1.79419
1.76708
1.49186
1.49186
1.00327
0.825587
0.324486
0.504894
0.504894
