0.43651 6.22128
0.436494 6.21535
0.436377 6.20942
0.436259 6.20152
0.436084 6.19362
0.435986 6.18376
0.436072 6.1877
0.436089 6.19164
0.436074 6.18967
0.4361 6.19164
0.436051 6.18771
0.435902 6.17788
0.435786 6.17199
0.435679 6.1661
0.435597 6.16021
0.435615 6.16021
0.435533 6.15629
0.435294 6.14258
0.435279 6.14258
0.435065 6.12889
0.435116 6.13085
0.434963 6.12499
0.434849 6.11328
0.434702 6.10547
0.434654 6.10157
0.434607 6.09962
0.434554 6.09768
0.434606 6.09962
0.434526 6.09184
0.434431 6.0899
0.434351 6.08213
0.434206 6.07436
0.434135 6.07242
0.434121 6.06855
0.43391 6.05692
0.433929 6.05692
0.43392 6.05498
0.433808 6.04918
0.433771 6.04532
0.433608 6.03566
0.433627 6.03759
0.433558 6.0318
0.433479 6.02794
0.433433 6.02409
0.433443 6.02409
0.433346 6.01831
0.433268 6.01447
0.433176 6.0087
0.433107 6.00486
0.433192 6.00678
0.433146 6.00678
0.433036 5.99911
0.432871 5.98952
0.432729 5.97803
0.432845 5.98569
0.432768 5.98186
0.432732 5.97995
0.432637 5.97422
0.432528 5.96658
0.432557 5.96658
0.432434 5.96086
0.432358 5.95705
0.43241 5.95895
0.432366 5.95514
0.432298 5.95134
0.43219 5.94373
0.432114 5.93993
0.43207 5.93613
0.431939 5.92854
0.431736 5.91526
0.431757 5.91526
0.431745 5.91526
0.431551 5.90579
0.431508 5.90011
0.431656 5.90768
0.431612 5.90579
0.431641 5.90957
0.431594 5.9039
0.431632 5.90579
0.431503 5.90013
0.431492 5.89825
0.431417 5.8926
0.431438 5.8926
0.431372 5.88695
0.431235 5.87943
0.431192 5.87567
0.431276 5.88131
0.431273 5.87943
0.431325 5.88318
0.431314 5.88131
0.431177 5.87381
0.431018 5.86632
0.43107 5.86632
0.431028 5.86258
0.431017 5.86258
0.430921 5.85511
0.430942 5.85698
0.430869 5.85138
0.430889 5.85325
0.430834 5.84952
0.430801 5.84766
0.430697 5.84207
0.430655 5.83649
0.430583 5.83277
0.430395 5.82348
0.430353 5.81791
0.430343 5.81605
0.430271 5.81234
0.430208 5.81049
0.43026 5.81049
0.430262 5.81049
0.430151 5.80493
0.430018 5.79384
0.429854 5.78459
0.42976 5.7772
0.429689 5.77536
0.429679 5.77167
0.429547 5.76429
0.429361 5.75507
0.42926 5.74586
0.429189 5.74034
0.428996 5.7293
0.429053 5.73113
0.428891 5.72194
0.428829 5.71827
0.428698 5.71093
0.428598 5.70175
0.428528 5.69808
0.428528 5.69992
0.428519 5.69625
0.428511 5.69442
0.42835 5.68527
0.428228 5.67613
0.42819 5.6743
0.428181 5.67248
0.42813 5.66883
0.42803 5.66335
0.428 5.65971
0.427962 5.65971
0.427954 5.65606
0.428097 5.66517
0.427976 5.65789
0.428028 5.65971
0.42805 5.66152
0.427892 5.65063
0.427832 5.647
0.427824 5.64518
0.427816 5.64337
0.427838 5.64518
0.427748 5.64156
0.427651 5.63432
0.427673 5.63251
0.427515 5.62347
0.427456 5.61985
0.427448 5.61985
0.427321 5.60902
0.427224 5.60361
0.427106 5.5982
0.426979 5.58919
0.427001 5.58739
0.426964 5.58559
0.426817 5.5766
