250.184
248.737
247.836
240.796
237.952
249.858
257.282
231.626
260.803
249.584
221.835
238.573
240.893
231.311
270.207
291.565
243.275
240.566
235.418
207.598
259.776
242.231
253.925
298.109
224.138
242.349
233.135
275.902
262.398
230.645
277.475
271.753
273.324
233.651
247.777
259.19
244.724
252.124
237.779
251.488
274.6
269.193
255.121
260.763
239.403
265.106
233.025
264.352
248.536
224.291
242.725
303.018
252.602
246.644
257.595
266.9
242.468
233.723
232.421
251.116
231.984
231.567
256.35
234.811
245.374
232.716
254.188
278.707
232.253
245.799
277.57
229.982
245.829
263.655
276.817
279.679
248.955
269.868
323.841
281.302
295.634
257.185
270.619
261.596
241.545
251.667
255.455
248.991
260.617
234.184
241.165
302.981
248.47
286.457
251.648
298.145
242.362
287.096
266.575
236.872
245.706
287.631
231.851
242.493
258.494
240.156
264.425
283.86
244.001
246.479
230.273
276.819
247.424
265.136
278
242.325
241.121
274.65
291.238
274.595
238.627
287.503
266.335
262.834
218.909
273.403
285.442
344.961
251.935
243.993
260.428
227.014
233.251
229.555
249.813
252.77
259.95
225.721
247.752
253.569
255.488
234.222
264.862
237.192
280.49
217.124
226.731
260.168
249.897
248.362
250.239
258.691
239.883
235.046
273.467
223.12
223.668
228.787
367.898
233.744
226.662
271.966
247.17
247.886
202.368
251.349
247.435
260.993
257.647
243.425
235.393
217.79
228.407
233.431
214.222
248.609
295.694
270.553
235.004
256.971
245.908
243.954
234.833
242.576
260.905
234.96
261.801
236.859
227.715
233.559
217.216
227.074
259.436
216.695
208.596
241.649
236.504
237.458
255.184
260.76
239.589
284.565
223.548
238.745
223.738
245.57
263.318
257.071
232.811
258.661
269.572
256.327
240.473
234.308
260.157
266.1
216.374
245.445
306.349
250.332
235.549
250.263
231.922
249.644
241.675
242.42
228.012
246.283
222.303
225.355
225.014
206.707
231.499
344.284
220.746
234.322
235.042
249.335
230.159
214.053
220.75
242.92
246.512
230.832
220.638
228.631
280.906
252.594
240.958
222.337
243.452
242.781
209.399
241.876
245.765
238.415
233.307
243.84
238.042
238.748
237.786
231.443
238.279
226.717
234.292
247.12
304.7
226.626
234.783
222.926
291.521
242.136
225.285
195.059
232.11
239.992
213.737
224.329
263.051
246.904
220.461
199.153
301.75
204.749
228.017
215.535
262.149
232.842
224.511
228.595
214.955
210.334
252.947
237.165
222.064
222.649
195.259
248.838
223.689
221.616
269.271
264.623
306.15
260.01
278.812
258.378
243.204
273.109
214.675
251.098
262.753
257.574
228.501
232.128
263.439
231.915
228.854
226.153
221.948
243.561
235.583
214.662
220.256
227.369
208.015
222.013
218.863
216.108
233.906
235.983
291.878
271.829
251.247
249.421
258.401
270.67
261.08
295.981
262.106
260.202
265.5
307.479
255.135
340.702
238.995
282.871
277.763
255.068
283.852
272.736
254.652
301.096
241.983
252.301
263.931
243.023
219.32
247.285
257.8
232.759
215.193
225.429
220.54
266.502
231.584
296.516
237.36
234.33
217.609
253.787
217.79
246.822
236.088
228.247
255.676
238.322
232.969
278.722
213.197
230.292
240.779
243.003
243.185
200.778
241.349
242.581
208.418
232.44
260.667
240.051
242.885
263.525
246.779
246.599
257.513
268.037
223.422
235.809
261.512
245.667
239.628
250.132
236.488
215.765
233.215
252.769
249.712
213.808
222.59
241.197
241.465
235.474
247.154
214.379
268.184
226.178
259.327
273.314
250.669
235.861
261.045
262.589
245.673
228.372
220.417
252.444
245.514
249.275
264.054
246.749
226.274
234.259
242.669
235.275
239.87
258.726
246.581
229.715
269.753
243.263
247.396
212.644
263.378
229.1
236.515
240.614
254.741
212.548
247.306
233.119
229.559
234.231
256.441
245.067
237.947
231.566
220.466
223.297
242.155
231.334
266.684
233.961
260.489
264.764
238.08
237.288
261.688
264.478
286.288
279.945
245.075
219.285
268.482
238.795
222.214
239.617
294.924
223.726
259.939
345.106
296.354
296.085
268.661
313.354
306.648
306.1
278.371
246.266
280.572
261.97
254.104
279.819
248.746
259.485
234.582
223.815
291.404
257.688
273.736
246.658
265.889
248.134
256.767
249.221
250.115
254.205
225.846
238.303
212.447
218.614
248.9
254.092
235.532
266.211
238.552
208.051
272.034
216.754
234.963
245.034
220.85
235.364
192.13
221.792
227.38
250.352
212.215
221.087
223.125
227.644
257.717
210.63
235.444
230.535
233.562
216.138
227.148
222.865
229.776
242.377
210.343
217.634
212.134
218.41
202.977
215.734
213.473
194.093
199.47
213.265
203.638
236.49
220.342
234.406
229.903
223.798
235.641
222.606
254.4
224.87
195.445
228.596
217.197
198.12
230.665
208.159
255.03
219.345
244.72
217.117
232.325
244.648
217.728
225.861
230.099
209.015
253.452
218.805
226.178
240.694
228.217
229.638
219.63
223.156
219.745
211.091
227.733
234.709
249.713
273.94
257.937
215.19
238.776
219.626
211.121
213.101
224.207
205.21
205.507
214.394
240.595
211.834
219.673
209.192
234.514
226.589
215.139
211.179
231.779
205.85
237.039
193.343
213.702
204.221
198.188
219.885
203.669
193.255
213.007
195.808
203.386
193.664
227.627
202.18
226.374
206.099
209.326
204.028
213.008
219.472
202.388
209.858
204.454
207.01
223.081
187.518
211.854
209.869
199.306
219.732
212.657
230.836
200.229
193.595
216.865
196.401
208.06
194.757
191.679
224.329
190.372
197.009
197.955
182.828
218.772
210.678
219.157
185.039
210.404
176.973
209.94
204.962
216.497
191.623
220.977
192.469
214.406
189.139
205.774
217.762
209.407
200.24
230.243
213.803
216.446
208.775
224.027
240.879
234.292
199.859
208.386
190.557
227.772
224.609
202.057
205.883
189.792
218.622
185.967
199.003
188.429
205.013
206.459
177.29
193.063
211.113
201.448
198.93
183.431
208.108
214.175
188.789
182.164
187.788
192.596
193.853
228.536
200.791
196.629
200.709
194.816
199.383
192.897
197.532
218.247
189.947
207.857
201.245
182.624
206.425
201.212
199.825
210.175
211.338
193.225
200.982
206.381
190.801
206.685
196.541
197.765
205.235
204.537
218.183
251.451
261.446
199.457
242.656
205.798
241.37
233.96
224.15
231.258
218.741
235.409
191.104
233.629
224.468
217.802
222.205
238.45
221.905
224.795
184.636
208.437
224.183
187.134
231.574
217.836
219.477
181.722
201.088
216.747
217.159
200.207
218.763
215.586
212.772
234.706
198.423
211.554
203.275
217.427
212.675
199.66
233.407
218.365
243.053
250.42
217.815
292.332
272.39
279.098
289.95
246.113
254.804
236.552
231.842
234.65
250.101
248.167
249.595
257.423
260.251
260.709
253.413
235.469
245.343
259.951
237.132
213.925
254.81
230.148
254.534
246.64
233.479
244.118
259.622
227.931
228.556
243.124
242.478
243.539
242.853
246.95
239.063
238.204
241.585
237.224
218.667
237.754
253.342
208.214
211.759
245.079
239.865
193.642
223.551
248.051
213.602
282.878
225.705
240.332
246.391
238.653
218.514
243.211
217.579
258.646
264.733
260.412
261.408
254.047
234.576
255.441
274.259
207.337
233.65
235.104
223.619
238.141
239.571
239.61
226.184
277.982
240.296
232.734
243.117
212.474
245.681
222.789
217.183
226.786
194.669
216.123
223.099
218.108
210.572
225.255
223.097
218.24
198.505
220.814
186.893
188.981
203.837
228.968
205.096
225.624
209.41
198.839
192
214.499
212.976
185.378
180.335
193.064
211.041
200.358
212.651
203.586
217.679
209.1
228.485
195.162
220.173
224.159
212.881
208.586
208.086
193.705
203.873
215.79
210.182
213.58
204.792
210.929
306.863
218.343
240.717
231.211
210.822
287.271
227.559
210.921
228.051
214.186
223.022
238.915
247.449
227.069
220.854
218.639
249.81
209.545
224.822
228.292
218.198
228.17
201.829
227.572
211.704
187.336
214.059
206.821
203.047
196.998
174.847
204.691
188.574
187.041
201.597
179.342
189.41
244.072
188.875
196.098
193.174
160.749
175.749
187.979
185.453
196.257
189.717
183.301
204.463
194.754
185.306
180.385
182.352
170.212
186.425
204.772
184.707
187.513
199.069
193.504
195.274
176.278
190.252
189.582
174.694
204.188
208.374
175.51
195.442
190.839
195.52
208.661
208.017
177.114
178.508
183.32
178.025
190.622
165.17
176.926
173.469
196.245
180.237
196.674
191.505
179.676
181.449
170.617
189.984
177.474
184.35
190.099
185.381
