116.523 156.42 78.8412 85.9564
116.523 156.42 78.6554 90.3918 -1.74509
116.523 156.42 93.5223 78.6554 -2.08902
156.42 116.523 93.5223 76.6826
116.523 156.42 85.9287 76.6826 1.1426
116.523 156.42 85.9287 76.6826
116.523 155.803 93.363 76.6826
116.523 155.803 93.6191 78.0125
155.803 116.523 91.2175 78.0125 -1.88289
155.803 116.523 91.2175 73.6413 -1.66851
155.803 116.523 91.2175 72.2515 3.62016 8.12763
118.493 155.803 92.3751 72.2515 -5.25585
118.493 155.803 70.6058 91.5144
155.803 118.493 70.6058 91.5144 -1.07922 2.57584 0.0205356 -4.06837
155.803 118.493 70.6058 87.5572 1.85059
155.803 118.493 70.6058 87.5572 -5.58593 -4.87779 0.238908 -0.106793
156.233 118.493 87.5572 70.6058
156.233 117.631 87.5572 70.6058
156.233 117.631 87.5572 72.9387 6.00683
156.233 116.706 72.9387 88.405
156.233 116.706 90.7429 72.9387
156.022 116.706 90.7429 72.9387 -3.60532
116.706 156.022 91.6743 76.234 3.40893 1.55822 1.76398 1.56653
116.706 156.022 91.6743 76.234 3.40893 0.20071
156.022 116.706 91.6743 77.7142 -3.68915
156.022 116.706 91.6743 77.6573 -2.09628 -2.08261 -0.385881
116.706 156.022 88.9997 74.2516 -1.01259 2.48687
116.706 156.022 90.2534 78.5983
117.755 156.022 89.7461 73.766 3.50766
117.093 156.022 89.7461 76.9641 -3.31805 -0.114271
117.093 155.616 89.7461 80.2749 -1.49161 0.325245 6.12003 -3.10262 -2.84871
116.537 155.616 89.3437 75.8674 0.801825 -0.0146761
155.616 116.537 88.9706 75.8674 -1.1355 -2.37382 3.65619
155.616 116.537 88.9843 75.308 -2.85263 -5.37929 -2.98815 1.92888 -0.878259
155.616 116.694 78.8569 88.9843 -1.1778 0.246336 -0.571987 0.316789 0.305637 -0.82847
116.694 156.099 74.6814 89.0006 -1.42919 -6.88437 2.32306 1.20759
116.694 156.099 89.0006 74.6814 -2.84954 1.75666 -0.805344
116.694 156.099 89.0006 74.3774
118.862 157.503 89.0006 74.3774
117.076 156.558 92.1993 74.3774 1.28666 -0.248895 0.241001
117.076 156.558 90.0301 74.3774 -5.86105
156.558 116.448 93.8523 74.3774
156.558 116.448 95.4718 77.865
156.558 116.448 95.4718 77.865 -5.2472 1.19496 -0.00668813
156.558 116.448 90.4315 74.287
155.299 116.448 90.4739 79.2745
115.746 154.753 90.4739 79.2745 1.06505
154.753 115.148 91.7951 79.2745 1.3224
115.148 158.31 91.7951 79.2745 -0.901283
158.31 115.918 91.7951 78.4152
115.918 158.31 92.3981 78.4152 -2.21394
114.762 155.856 92.3981 80.5887
155.892 117.024 92.3981 80.5887 -0.921245 2.95177
155.892 117.024 87.8518 80.5887 0.91718 0.749939 0.431785
155.892 117.024 87.8518 80.5887 -1.47436
155.271 117.024 87.8518 70.9051 2.85441
154.221 117.024 87.8518 73.0567 -0.349179 -2.5459 0.48605 3.10423 -3.01807 3.02166
154.355 117.024 87.8518 73.9449
155.495 117.024 84.4786 73.9449 -0.94022 0.382766 0.69741
155.495 117.024 84.4786 79.6743 7.40555 0.855717 -1.90327 1.76309 0.215247
155.495 117.024 84.4786 79.6743 -0.905718
117.024 155.495 89.6996 75.7404 -1.34826 -1.34974
117.024 155.495 89.6996 75.7404 -2.05955 -1.23849 -3.28354 0.0846605 6.66611
117.024 155.495 89.9699 75.7404 -2.25055
116.794 155.495 89.9699 72.5824 0.400107 -3.00676 0.976343 3.1517 0.91959
116.794 155.495 89.9699 72.5824 -3.84735
116.794 156.718 89.9699 83.5784 -0.602912 5.89395
116.794 155.373 89.9699 85.6891 2.81428 -0.666836 -1.32078
116.794 155.373 89.9699 85.6891 0.392194
116.794 155.373 89.9699 69.6418
116.311 155.373 89.9699 71.5501
155.373 118.439 89.9699 76.907 0.978349
118.439 155.373 89.9699 76.907
118.439 155.373 77.644 89.9699 4.58343 0.892366
116.74 156.51 77.644 92.5538
116.74 156.51 91.2753 77.644 0.390797
116.74 156.51 91.2753 73.6099 -1.75694
116.74 153.995 91.2753 73.6099
116.74 153.995 88.1179 76.3883 0.275425 -2.24052 -4.3822
116.74 153.995 88.1179 72.7375 -2.38918
116.74 153.995 92.9322 73.9826
116.74 153.995 92.9322 73.9826 -0.561926
155.016 116.74 90.1483 73.9826 -0.500602
155.016 116.74 90.1483 68.5795 7.12242 -4.83322
155.016 116.74 90.1547 70.9302 0.0407781 0.203859
116.74 155.016 88.0825 77.5089 3.02516 3.17158 0.120099
116.654 155.016 88.0825 77.5089 0.384264 1.79583 -1.80259 4.24546
116.654 155.016 88.626 72.484 3.48402 -0.356453
116.654 155.016 89.8302 71.4661 0.48794 1.34607 -2.07607
155.016 116.654 87.5956 75.1112
155.016 116.654 87.5956 79.7303
155.016 116.654 87.5956 80.6249 0.481535
153.94 116.654 87.5956 72.9154
154.449 116.654 87.5956 72.9154
154.449 116.654 87.5956 74.5104
154.449 116.654 88.9169 70.0884
154.449 88.9169 115.752 70.0495
154.449 87.188 115.752 70.0495 -3.50256
154.449 87.188 115.752 73.7367 -5.36625
154.449 87.188 115.752 73.7367
154.449 87.188 115.752 73.7367 -1.33181
87.188 154.449 115.752 73.7367
154.449 87.188 115.752 78.66
154.449 87.188 117.041 78.66 3.7406
89.4188 154.449 117.041 78.66 4.04009 -4.33705 -0.821168 3.85716 -5.21219 -3.88037
89.2813 116.764 154.449 76.6118
86.3797 116.764 154.449 81.9795 1.61531 0.975404 3.13383 1.69004 4.09459 3.55557 -5.81917
89.3524 154.449 116.744 75.017 0.880937 0.632541 3.48255 -2.68086 -2.7163 -1.31625 -0.0399154
89.3524 154.449 116.744 75.017 3.67827 -1.63342 -1.27576 -5.79543
89.3524 154.449 116.744 71.5489 -0.0365765 4.55649 -3.12987 0.283977 0.692243
154.449 90.9308 116.744 71.5489 6.18916 2.5771
154.449 86.4732 116.744 71.5489
154.449 116.744 86.4732 71.5489 0.467746
116.744 154.449 86.4732 72.9187 2.21093
154.449 116.744 86.4732 72.9187 0.24316
115.971 154.449 86.4732 74.7483 -1.96495 1.23569 -3.45017 0.336437 0.556859
118.572 154.269 86.4732 70.53 0.0643202
118.572 155.126 86.4732 70.53
155.126 118.572 86.4732 78.8395 2.91298
155.126 118.572 88.0964 75.9779 -1.26324 -2.0066 0.177919 2.88675
155.544 114.825 87.17 75.9779 0.989563
155.544 114.825 87.222 79.4252 3.2356 6.46322 -1.7135 4.09409
155.544 114.825 79.4252 87.222 3.32086 -0.255453 1.54128 -3.11172 -4.01874 -5.41691 0.611951 2.49635 5.10697 3.18239
155.544 114.825 87.222 79.4252 1.24916
155.544 114.825 87.304 75.5011
155.544 114.825 87.304 73.1904
114.825 154.963 87.304 72.427 -3.64073
154.963 118.305 87.304 72.427 -3.64073
154.963 117.408 90.4327 72.427
154.963 117.408 92.4309 72.427
117.408 154.963 92.4309 74.3072
117.408 155.265 92.4309 74.3072
155.265 117.408 92.4309 74.3072
155.265 117.408 85.4214 76.0487
155.265 117.408 85.4214 76.0487
155.265 117.408 89.5269 76.0487
155.265 117.408 71.6543 88.4622
155.265 116.858 88.4622 71.6543 1.03989 -1.96577
155.265 116.858 88.4622 74.6064
155.265 116.858 88.4622 70.6736 0.7715 -1.93473 0.489813
155.265 116.858 88.4622 73.9841
116.858 155.265 88.4622 78.9828 -2.53526 1.12892 0.8001
116.858 155.265 88.4579 73.6154 0.524552
116.858 155.265 88.4579 71.1817
116.858 156.864 89.4586 71.1817
156.69 116.858 89.4586 71.8893
116.858 155.682 89.8486 71.8893 -3.09105 1.02779 -4.08723
116.858 155.682 89.8486 71.2727 -0.0524664 -1.09114 1.3642 -3.54219
116.858 154.858 89.5017 71.2727 -1.11403 -0.186151
155.478 116.858 87.0641 71.2727
155.478 116.858 87.0641 70.5667
155.478 116.858 87.0641 70.7137
116.858 155.478 87.0641 74.5701
116.116 155.478 86.0735 74.5701
116.116 155.478 86.9142 74.5701 0.768461 -0.25915
116.116 155.296 88.2949 73.5408
155.296 116.654 90.0117 74.5145 5.11355 -1.15048 6.25653
116.654 155.296 90.0117 74.5145 -7.57625 -1.3694
116.654 155.296 90.0117 74.2622 -7.57625
116.05 155.296 90.0117 76.7449
155.296 114.793 86.8287 77.7741 5.6021 -2.89652 0.793676 -4.47169 -7.32399
156.021 114.793 86.8287 79.4981
156.425 114.793 86.8287 79.2087 1.75838
156.425 118.369 86.6472 79.2087 -1.82615 1.54535
156.425 118.369 86.6472 76.1668 -2.8052 -1.3522 -2.1943
156.425 118.369 68.6577 86.6472 0.66771
156.425 114.758 86.6472 68.6577
156.425 114.758 86.6472 70.9333
156.425 114.758 86.6472 66.9064
114.758 156.425 86.6472 77.1642 2.30783
114.758 156.954 86.6729 72.7131
119.699 156.954 86.6729 74.1745
118.904 156.954 86.2264 78.4062 -2.84371 -1.78867 -1.28591 2.3062 0.761481
118.904 156.954 86.2264 78.4062 1.4471 1.83635 -1.6505 1.19201
156.34 118.904 86.2264 77.0163 0.116348 0.288714
118.904 156.34 86.2264 77.0163 -0.463116 -3.3341
118.904 156.34 83.4165 77.0163 -0.463116
156.34 118.904 83.4165 72.268 -1.26503 4.02488 -1.11044
156.34 118.904 81.5552 69.3323
118.904 156.34 81.5552 69.3323
118.904 156.34 81.6984 69.3323
116.311 156.34 81.6984 66.7696 1.56467
116.311 156.34 82.4139 63.6905 1.93309 -0.591543 -4.71939 6.31276 1.05921 4.33978 -3.94409
156.34 116.311 82.4139 59.0722 -3.93063 -2.6851 3.06481 2.27269 -1.04575
156.34 116.311 82.4139 59.0722 -1.37752 -0.325948 4.03586
156.34 116.311 82.4468 59.0722
156.34 116.311 82.4468 60.9601 2.88585 -1.16531
158.053 116.311 82.4468 65.3134
158.053 116.311 82.4468 68.7831
158.053 116.311 83.9298 73.5622
158.053 118.216 83.9298 73.5622
156.922 118.216 83.9298 73.5622
157.164 118.216 83.9298 74.4163
157.982 118.216 83.9298 69.1443
157.982 119.123 83.9298 65.416 3.26891
157.982 119.123 83.9298 65.416 2.03998 -2.61443 5.73714
118.354 157.982 83.9298 65.416
118.354 157.453 83.9298 70.5049
157.453 118.354 83.9298 78.1656
155.879 118.354 84.3078 78.6011 -7.05653
155.879 84.3078 116.858 79.7314 -0.880637 1.02276
155.879 84.3078 116.858 80.4891
155.879 116.858 84.3078 80.4891 -3.87326 -5.90588 2.97923 2.85186 3.71442 -0.0231169
155.868 116.858 84.3078 80.4891 -2.03262 0.954686 0.365819 -3.56975
155.868 115.91 87.6403 80.4891 -2.58666 1.91856 1.47829 4.40509 -3.95915
155.868 115.91 87.6403 80.4891 2.35779 3.11848 2.31812
155.868 115.91 87.6403 83.2349 3.56749 2.1629 4.81 0.55747
155.868 115.91 87.6403 83.2349 0.081922 -0.322837 -2.67886
118.378 155.868 92.024 83.2349 -0.635631 -1.19857 0.860034 3.37809 -3.73283 3.40107
155.868 118.378 92.2444 82.3887 3.60557
118.378 155.868 92.2444 82.3887
116.982 156.01 91.8023 82.5569 -0.0535519 -0.122528
156.01 118.352 87.1314 74.4426 -4.79484
118.352 156.01 87.1314 74.4426 4.65292
156.01 118.352 90.3486 77.8567 -0.0839041 0.358643
156.01 118.352 82.332 71.3275
156.01 118.352 82.332 64.9871
118.352 156.01 85.2379 67.9435 -3.54137 -1.69809 0.958019 0.759956 -4.80033
156.01 117.414 85.2379 67.9435 -2.81144 -1.69809 -0.477181 -0.243751 2.83169 0.200846 -2.6828 0.80272 -0.0982763
157.923 117.414 85.2379 68.0651 -1.24218 4.24311 1.30222
157.923 117.414 85.2379 68.5963
157.923 117.414 85.2379 72.284
157.923 117.414 84.2681 67.6708 1.22077
157.923 117.414 84.2681 70.1289 -1.62033
117.414 157.923 84.2681 70.1289
117.414 158.356 88.9448 70.1289
117.414 158.274 88.9448 68.758 -1.78093 2.07425
117.414 154.865 88.9448 70.759 1.25814 -1.29228
154.865 117.414 88.9448 70.759 -2.4505 14.6534 -0.85445
117.414 156.912 88.9448 70.759 -0.110864
117.414 156.912 88.9448 77.1813 5.40455 4.84677 -0.828566 -0.57245
156.912 116.744 88.9448 82.9161 2.61492 6.71491 -7.38745 -4.37711
116.844 155.69 88.9448 83.2328 1.8611 -1.42702 -5.15242
116.844 155.69 88.9448 82.7798 1.8611 -1.42702 -5.15242 2.72589 -4.16521 -0.625963 -4.99961 3.67976 -3.60522 0.618203 -0.208546 -0.435522
116.844 155.69 88.9448 80.6932 1.81579
116.844 157.014 88.9448 80.6932
116.844 157.014 88.9448 80.6932
116.77 157.014 74.5734 88.9448
157.014 116.77 68.9987 90.0026
157.014 116.77 73.0397 90.0026 1.5586 -4.79739 -2.76978
157.014 117.167 90.0026 68.5533
156.945 117.167 84.155 69.9094
118.963 156.945 84.155 69.9094
118.963 156.945 84.2323 67.8112
118.963 156.945 84.2323 70.3794
156.945 117.587 84.2323 69.5261
156.945 117.587 82.3654 77.7293
120.423 156.945 82.3654 72.1153
120.423 156.945 82.3654 72.1153 1.11065 1.68822
156.945 120.423 82.3654 79.4267
156.945 82.5651 120.423 74.8223 -1.23746 -1.81443
156.945 119.884 82.5651 76.0162
156.945 119.884 83.6323 78.6408
156.945 119.884 83.6323 78.6408 -1.56078
156.945 119.884 87.7555 78.6408
156.945 119.884 87.7555 68.405
156.945 119.965 88.5202 68.405
156.945 114.94 87.9538 68.2113 4.23789
119.005 156.945 87.9538 68.8846
119.005 156.476 87.2279 72.3329
119.005 156.476 87.2279 72.3329
119.005 156.476 87.2279 72.3329 0.859152 3.41442 -0.767516
156.476 119.005 87.2279 71.2988 -0.46735 -2.49951 3.16237 0.178939
156.476 119.005 87.2279 73.0401 -1.18611 -2.128 0.132667 -1.29334 0.905053
157.737 119.005 86.6521 77.4155 3.76042 0.459752
119.005 157.737 87.2735 77.4155 7.96916 2.77333 0.0533205
156.474 117.631 87.2735 77.4155 7.96916 -1.19987 12.8202 -2.77197 -1.97204
156.474 117.631 87.2735 73.5034 3.77175 2.26268 -0.853232
156.474 85.898 117.631 71.3698 3.29513
85.5325 156.474 117.926 71.4632 -0.725238 2.16893 3.40722
156.474 85.5325 117.926 71.4632 -0.725238 -0.00384604 4.8104
156.474 117.926 85.5325 74.6989 -1.61139 1.08991 -0.633382 0.383736
117.926 156.474 85.5325 74.6989 -4.10919 1.47379
117.926 156.474 85.5325 67.5375
117.926 156.474 85.5325 64.2261 -6.34854 0.812751 0.0682265 -1.97882 2.2874 -1.57543 -3.86624
117.926 156.474 85.5325 68.3011 -1.09961 -0.735761 -2.55635
156.474 117.926 84.0741 68.6484 -1.26882
156.474 117.926 84.0741 68.6484 0.916673 -2.017 -1.89855 2.65329 -4.78107 -1.40534 -1.20192 1.09903 2.71088
156.474 117.926 88.0733 68.6484 -2.49187
157.775 116.919 88.0733 67.8927 -5.60471
157.775 116.919 90.7495 71.492 1.84997 -0.187817
116.919 157.775 90.7495 66.9326 1.61992 0.691449
116.919 157.775 90.5147 66.9326 5.73526 3.65717
116.919 157.775 90.5147 77.7734
116.919 157.775 90.5147 77.7734
116.919 156.069 90.5147 75.4495
116.919 155.124 90.4111 75.4495
116.919 155.124 90.4111 69.4354
116.919 155.124 90.4111 69.4354 -0.688268 -4.90433 -0.284039 -0.890346
116.919 159.353 89.1248 69.4354
117.231 159.686 84.4636 65.9631
117.231 159.686 84.4636 65.9631 -2.77333
117.231 159.686 84.4636 62.9392 -2.0898 2.20911 8.31807
117.231 158.485 84.4636 62.9392 5.11723
117.231 158.485 84.4636 62.9392 -0.345521 -1.45683
121.18 158.485 85.0195 71.0543
121.18 158.579 85.6328 80.0759 4.12703
157.594 117.632 85.6328 72.6283 2.82557
156.834 117.632 84.2896 64.2938 3.75227 -1.52453
117.632 156.834 82.6752 65.9145 -1.40167 0.34308
117.632 156.834 82.6752 64.6822
117.632 156.834 82.6752 74.027
117.632 156.834 85.3554 74.027 0.487632 -1.44575
117.632 156.834 87.1027 72.4075
118.765 155.671 87.1027 72.4075 -2.18684 -1.36473
155.671 118.765 86.0479 73.9579
155.671 118.765 86.0479 73.108
155.671 118.765 86.0479 72.6653 -1.35436 0.451472
155.671 118.765 86.0479 72.6653 -1.33153 -2.16322
155.671 118.765 86.0479 72.9437
155.61 118.765 86.0479 78.1284 -1.42068 0.611794
155.61 118.765 86.0479 79.1225 -0.338408 -0.550522
155.61 118.765 86.0479 80.5111 -3.40072 0.38298
155.61 118.765 86.0479 75.9862 4.58231 2.31345 -2.10626 0.508025
120.82 156.307 86.0479 75.9862 -1.55848 2.64723
156.307 120.82 86.0479 84.7715 -0.544803
156.307 120.82 86.0479 84.7715
156.307 119.471 86.0479 84.7715 -0.736874 2.20025 -1.74643 -2.85168
119.471 157.91 86.0479 66.775
119.471 156.869 86.0479 66.775
156.869 119.471 86.0479 66.775
156.869 119.471 86.0479 71.4009
156.869 119.471 86.0479 71.4009 -0.45371 6.01104 7.18457
156.869 119.471 86.6093 71.7397
156.869 119.471 86.6093 75.8271 -0.452783
156.869 87.3626 119.471 75.8271
154.471 119.471 87.2863 77.0989 -3.6854 -1.44864 -3.86522 2.09296 2.987
158.603 118.249 87.7956 77.0989 5.19209 -1.63879 -1.16716
118.84 155.952 87.7956 74.5748 -0.690094 -0.994034
118.84 153.388 87.6158 75.4681 -3.59732 -8.31323 9.01337 -3.651 -4.35243
118.84 153.388 87.6158 75.4681 -1.82533 -2.36939
118.84 153.388 87.6158 79.4666 0.730199
120.357 153.115 87.6158 72.2863 -5.07075
120.357 153.115 87.6158 72.2863 -0.71588 -0.791519 -0.467101
154.114 120.357 87.6158 70.9458 2.4566 -2.69695 4.4407
154.114 120.357 88.9075 65.1536 -0.653375 2.5544 -1.24359
154.114 88.9075 119.24 65.1536 -1.01204 -1.78649
154.114 88.0538 119.498 65.1536 -8.86139 1.58952 -0.41383
154.114 119.053 88.0538 76.3922 -3.5065 1.14672
154.114 119.053 87.8226 80.7738
153.319 119.053 87.8226 69.2315 -1.84358 7.92108
153.319 119.053 87.8226 75.1271 -0.801974
119.053 153.319 87.8226 72.3523 -0.750896 3.14053 -5.51937 -5.95458
119.053 153.319 87.8226 72.3523 0.787203 -1.78153 -5.51937 2.25858
119.053 154.183 89.3203 71.4 10.9181 -1.32918
119.053 154.183 87.7996 74.3517
119.053 154.183 87.7996 74.3517 0.0404032
119.053 154.183 87.7996 74.3517 -1.13831 -0.676452 2.45339 6.29267 1.12151
119.053 155.015 87.7996 74.3517 6.16864 -0.618208
119.053 155.096 87.7996 74.3517 -0.0545972 -0.397047 -0.349328 -2.19105
119.053 154.728 87.7996 74.3517 1.84582
119.053 154.728 87.7996 74.3517 -1.15651 2.6797 6.26906 1.54549 1.59885
154.728 119.823 87.6113 66.837 -3.35644 -1.06822
154.728 119.421 87.6113 66.837
156.837 119.421 86.2393 66.1974 6.11208 2.9045 2.58867 -6.59389 0.346737 0.803593 -5.84511 -0.388091 -2.92252 1.80179 -2.08988
156.837 120.013 87.6486 68.3748
120.013 156.837 87.6486 73.8228 -0.233656 -3.78657
120.013 156.837 87.6486 72.8743 0.650974 1.17154
120.013 156.837 87.6486 73.5112 -1.68742 1.77979 3.02999 -8.43102 -0.0925707
120.013 155.615 87.6486 73.0514
120.013 155.615 85.3108 78.0887 3.62612
155.403 120.013 85.3108 76.811
155.403 120.013 85.3108 76.811 -3.4828 3.4658 1.82328 -1.56556
155.403 120.013 87.1466 76.811 -5.20419
120.013 155.403 87.1466 79.1297 -0.195281 -1.58515 6.12591 -5.7788
120.013 155.631 87.1466 79.1297 1.78138 -4.46574
155.631 120.013 87.1466 82.0737 1.57847 -1.89155
155.631 120.013 89.5219 79.7038 2.6627 -4.39689
155.631 120.013 82.7245 89.5219 0.0354221 -2.26446 0.944617
121.301 155.631 82.7245 87.5179
121.301 157.654 87.5179 85.0197
157.654 121.301 89.7618 85.0197 0.285077 -2.11259 5.06314 1.52834 4.11727 1.22621 -1.0893 -4.61503 0.569159
157.654 121.301 89.7618 85.0197 0.0348124 -0.702621
157.654 89.7618 121.301 85.8034
89.7618 157.654 121.635 83.9102 -1.74333
89.7618 157.654 121.635 81.9536 0.728047
85.5422 157.654 121.635 70.159 -3.2544 -5.63276
82.6979 159.322 121.635 75.8618
157.372 89.4407 118.808 75.8618 -1.34565 7.13534 -1.78247
158.252 89.9103 118.808 75.8618 9.41528 -1.23055
89.9103 158.252 118.808 68.3933
89.9103 158.652 121.136 78.7089 -9.21715 1.52616
89.1718 158.652 121.136 78.7089 5.10496 1.79149
89.1718 158.652 121.136 75.6556
89.1718 158.652 121.136 74.3673
89.1718 121.137 158.652 70.4241
121.137 89.1718 156.331 66.3378
156.331 121.137 89.1718 76.4864 -7.41251 2.14732 -1.61999
156.331 121.137 89.1718 67.8257 0.508862
121.137 156.331 88.5791 71.2408 1.8044 0.952304 -1.98334 -0.66405 -0.0520612 -1.98951 -1.15213 -1.30218
119.989 156.331 88.5791 71.2408 3.08505
156.331 119.989 85.6491 71.2408 -3.5645 0.695927 2.65484
156.331 119.039 85.6491 73.3275 -2.18601
119.039 156.331 88.852 73.3275 5.95202 -3.79165 -1.5969 2.88146
156.331 119.039 87.3703 70.7679 0.814646 2.21928
156.331 119.039 87.3703 74.4266 1.80048 -1.51015
156.331 119.039 87.3703 74.4266
156.331 119.039 87.3703 79.7408
156.331 119.039 87.3703 79.4131
156.331 119.039 87.3703 71.2849 0.764018
123.07 156.331 87.3703 74.367
123.07 156.331 87.3703 72.073
156.331 120.203 85.5591 69.8518 -0.522252
156.331 120.203 85.5591 69.8518 3.78749 -3.34091 4.02084
120.203 156.277 85.5591 67.6955
125.078 156.277 85.4614 65.605
156.277 125.078 85.4614 69.2015 0.742385 -0.56555 -0.274519 3.28268 -1.46661 0.679088 3.86653 -2.66747 -6.08084
158.703 125.078 85.4614 76.7216 1.51902 0.923307
158.703 125.078 85.4614 76.7216 -2.8126 2.25461 -3.56421
158.703 125.078 85.4614 78.0819
158.703 125.078 87.8135 78.0819 2.58233
158.703 124.577 87.8135 75.9613 -1.32526 2.55553 3.47774 -2.82377 -3.61049
124.577 158.703 87.8135 75.9613 -0.906662 2.08309 -0.16275 -3.32563
158.703 124.577 87.8135 74.9398 -1.16004 1.54498
158.703 121.784 87.8135 75.7485 -3.78739 -1.36718
158.846 121.784 87.8135 75.7485
158.846 121.784 87.8135 69.7481 -0.184196 3.00589 -1.7863 1.47002
121.784 158.846 87.8135 69.7481
121.784 158.846 87.8135 71.8472 2.75484
121.784 158.047 88.1333 71.8472
121.784 158.047 88.1333 71.8472
121.784 158.047 88.1333 71.8472 -1.15416
121.784 158.047 88.1333 73.2478
121.784 158.047 89.329 80.3389 0.624017 -1.55679
122.069 158.047 89.329 80.3389 0.6606 -0.0540291
122.069 158.047 91.0408 74.1708
122.069 158.047 90.8985 76.7357 1.8566 6.37156 0.488537
122.069 161.163 90.8985 78.5951 -2.02386 6.01891
122.069 161.163 90.6506 78.3489 2.91763 -1.17421
122.069 161.163 89.1292 77.12 -0.965234
125.096 161.163 89.1292 77.12
161.163 122.909 89.1292 78.0268
162.258 122.909 89.1292 78.0268
162.258 122.909 86.3374 83.6968 1.25881
122.909 162.258 88.3649 84.9213 -0.0157571
122.909 162.258 88.3649 84.9213
122.909 162.258 87.702 84.9213 3.68525 1.03611
122.909 162.258 87.702 84.9213 -0.544243
122.909 162.258 87.702 84.9213 -0.943939 -0.969328 -0.447281
122.909 162.258 89.6696 83.2878 1.12944
122.909 161.101 89.6696 82.9753 2.12539
161.101 121.894 89.6696 82.9753
121.894 160.048 89.6696 81.1382 0.156638
121.894 160.097 86.0915 81.1382 7.87982 1.64697 -0.0979379 -0.466566
160.097 121.894 86.0915 81.1382 3.38511 0.549003
160.097 121.894 87.9163 71.2977
160.097 121.894 85.9676 71.2977
123.373 160.097 85.9676 73.9533
160.097 123.373 86.1262 79.5687
123.877 160.097 86.1444 76.5977 1.65862
160.097 123.877 89.2641 76.5977
124.125 161.116 90.4923 74.119
124.125 161.959 90.4923 81.8813 6.47389 2.70502
161.959 125.361 89.6437 79.1234 4.16186 -1.36636
161.959 125.361 89.6437 79.1234
160.747 125.361 89.6437 79.1234 -2.15006 -1.09944
158.81 123.646 86.0264 84.7316 1.72585 1.11603
123.646 158.81 86.0264 88.0007
123.646 158.81 85.0902 87.6661 -5.13642
158.81 123.646 85.0902 83.5534
123.913 158.81 84.9725 85.9485
158.81 123.913 86.308 85.9485 0.552046 1.01041 -3.87955 -0.498809
123.913 158.81 85.3194 85.9485
123.913 160.081 89.8666 87.4478 -1.75038
160.081 124.912 85.1524 87.1706
124.912 160.081 89.8125 90.7034 0.756553
124.912 160.081 89.8125 90.7034
160.081 124.912 85.3914 90.7034 3.34746
124.912 160.081 85.3914 90.7034 3.965 -6.51466
124.912 160.744 85.3914 88.9415 -6.51466 -0.345937
124.912 160.744 85.3914 85.0486
159.851 125.75 85.3914 81.1823 3.37449
159.851 125.75 86.0227 82.6144 0.339421 1.4069
160.205 125.75 86.0227 83.8219
160.205 124.408 86.0227 89.0615
124.408 160.205 87.8555 90.4036 -8.07551
124.408 160.205 86.578 90.4036 -8.07551
158.584 124.408 88.6727 91.3505
124.711 88.6727 158.564 91.3505
128.654 158.564 88.6727 88.075
158.564 128.654 88.6727 88.075
158.564 128.654 88.6727 85.4682
156.763 128.654 88.6727 88.1403
156.763 129.47 88.6727 88.1403 -2.76342
156.763 129.47 88.6727 88.1403 0.412863 0.324811
129.47 159.666 88.6727 89.618 -2.87432
128.083 159.666 84.5071 86.3541
128.083 159.666 84.5071 84.8156 0.974066 -2.35974 2.38286
125.281 159.666 84.5071 86.761
123.251 159.666 84.5071 84.287
123.251 159.666 84.5071 84.287 -0.234943 -4.75602
159.919 123.251 82.1601 84.287 -1.54848 -3.91444 0.884094 2.72355
128.613 159.919 88.8583 86.5101 2.94518 -4.84521 1.55865
126.075 159.919 88.8583 86.5101 -0.202065 -1.71684 -1.58435
159.919 126.075 88.8583 77.5013
159.919 126.431 88.8583 77.5013 0.258989
159.919 126.431 88.8583 77.5013
126.431 159.725 87.3428 77.5013
126.431 159.725 92.5971 77.5013 -2.26191
159.725 124.633 86.8375 82.0287
159.725 124.633 93.3561 91.0553
159.725 125.064 93.3561 90.7088 0.269851 10.7001 1.1859
159.725 126.74 93.3561 90.7088 -1.80548
162.568 126.74 93.3561 90.7088 -5.42818 1.43968 -4.04994
162.568 126.74 85.5413 94.3706 1.99561 -2.52985
162.568 126.74 85.5413 82.6242 0.492264 -1.09087 -3.97129 0.43114 6.9791 1.76092 2.20692 -2.26563 -3.21086 -0.764796 -1.58867 1.52887 0.460622 0.333136 -3.41069 1.4258 -3.86789
162.568 124.664 85.5413 79.8806 0.940208 1.94635 1.45288 1.45448 3.4425
162.568 124.664 85.5413 79.4881 -2.6218 -3.72441
124.664 162.568 85.5413 79.0401 13.7847 3.32122 -0.778082
124.664 160.905 92.6731 79.0401 -0.221256 -0.909075
124.664 92.6731 160.905 77.5058 2.44606 -0.838603 3.78696
124.664 160.905 92.6731 77.5058
124.664 160.905 88.5471 83.7602
124.664 160.905 88.5471 83.4038
124.664 160.905 88.5471 80.0612 0.404611 -0.540009 -1.08255
124.664 160.905 88.5471 76.8983 -4.45176 -1.05847
160.905 125.426 88.5471 76.8983
127.803 160.905 91.2273 76.3784
127.99 160.905 91.2273 76.3784 -2.31195 4.92447 -1.56012
127.99 160.905 91.2273 72.4962
127.99 160.536 91.2273 71.8826 1.62506
127.99 160.536 91.2273 80.8307 1.062 -1.46005 1.22923 -1.78031
127.99 160.536 88.944 83.2155 3.93398 -4.21977
127.99 162.365 88.944 81.0371
127.99 162.365 91.3947 77.7518
127.185 162.926 91.3947 86.2557 -3.42143 -0.823714 0.0498861 2.46166 -5.09034
127.185 162.926 89.6888 81.8461
127.143 162.926 89.6888 86.7332 0.811707
127.143 162.926 88.2536 87.7688 -1.00127 -4.55572 0.489869 0.0775297
127.143 162.926 88.2536 87.7688 -5.48365 -1.53762 0.500617
127.143 162.926 87.578 87.5139
127.143 163.076 87.578 84.3272 -0.0918447
125.448 163.076 87.578 87.5092 1.60653 1.68393
160.382 125.448 87.9874 87.5092
160.382 125.922 87.9874 89.9851
125.922 160.188 87.9874 88.2407
159.439 128.463 87.7557 88.0945 1.1596 0.104693 1.03987 0.957691 0.139505
128.463 163.891 87.7557 88.0945
128.463 160.77 89.7867 86.4902
160.77 128.463 89.6306 86.4902 3.37641 -2.38482
128.463 160.77 89.6306 84.7533 2.89034 -0.512541
127.294 160.77 89.6306 84.7533 -2.16716
127.294 160.77 89.5904 84.2033
161.54 127.294 88.0061 84.2033 -0.722684
161.54 127.294 86.8007 84.2033 0.473452
161.54 127.294 86.8007 83.434
127.294 164.067 87.2609 78.9363 4.30416 -0.253575
127.294 164.067 87.2609 78.6294 -2.24236 5.48191 0.43176
127.294 164.067 87.2609 78.6294 -1.54578
127.294 162.944 90.1559 77.7422
127.294 162.714 87.9611 77.7422 -0.725797
127.294 162.714 87.9611 77.7422
162.714 127.294 87.9611 77.7422 -0.450298 -0.566003 0.203457
162.714 126.975 87.9611 81.7436 -0.680633 4.21548 2.49217
126.975 162.714 87.9611 73.1069 0.763192 1.61714 4.27195
126.975 162.714 87.9611 73.1069
126.975 164.955 87.9611 74.8429
126.975 89.0296 164.955 78.0535 -2.09201
126.975 89.0296 164.955 78.0535
126.975 164.955 89.0296 78.0535 -0.993339 -4.28955
162.938 126.975 89.0296 81.4339 -1.78591 -0.893275
126.975 162.938 87.4195 76.0425 4.02981
161.167 126.982 88.736 73.5991 -4.40526
161.167 126.982 88.736 73.5991 -1.25688 -1.67288 -0.755793 -1.11519
162.038 126.982 88.736 83.4966 -3.19136
126.982 162.983 87.9476 83.4966 -2.27159 -0.920484
128.664 162.983 87.9476 86.044 -2.89727 -5.14323 -2.62269 -3.68786
128.664 161.478 87.9476 70.5586 -3.48462 1.75451 -0.416765 -2.72083
128.664 161.478 87.9476 70.5586 1.32801
158.342 129.06 87.9476 70.5586
158.342 126.582 87.9476 70.5586 2.07837 -3.71688
158.342 126.582 92.3879 75.0985 3.40947 -0.588519 0.397191
126.582 161.064 92.3879 84.3012 6.21976 2.81529 5.05077 -1.62551
126.582 92.3879 161.064 86.148 2.52496 -1.41173 -2.37827 -2.43296
126.582 90.7726 161.463 86.148 1.39256
127.796 161.463 90.7726 85.4109 -2.01312 -5.51746 -6.16435
127.796 161.463 90.7726 80.914 0.55219 9.14236
125.95 161.463 90.943 80.914
161.463 125.95 90.943 78.4677 0.738396
161.463 125.95 90.943 81.1773
161.463 125.95 90.943 81.1773 -0.982813 1.32993
161.463 125.95 90.943 83.9617
161.463 125.95 93.1523 83.9617 -5.58331 -3.00184 4.77129
162.728 125.95 92.2467 83.6881 -1.52304 0.474488 -5.4401 0.74438 0.517603
125.95 162.728 87.3101 86.2252 4.38286
125.95 162.728 85.6386 86.9319 2.05214 4.55168 -0.933988 0.515317
128.566 85.6386 162.728 85.7861 -6.01321
128.566 162.728 85.6386 84.9143 1.1022
128.566 162.728 85.6386 74.0144 -2.20978
162.537 128.566 86.7489 71.2565
163.881 128.566 86.7489 70.2917 1.10055 0.948919
161.385 128.566 86.3504 71.6293 0.992343
128.566 161.385 86.3504 71.6293 -5.45026
161.385 128.566 86.3504 75.253 3.81575 -1.26913 -5.4997
161.385 128.566 86.3504 75.253 -3.13205 0.30661 0.283853
161.385 126.257 86.3504 79.8403 -3.34164 -0.11807
161.385 127.164 86.3504 80.4474 -1.21526 -6.55584
161.385 128.555 86.3504 77.6176 3.4278 1.02595 2.81792
128.545 159.242 86.3504 77.6223 1.51556
128.545 86.3504 164.057 79.9935 0.264532 0.584859
128.545 165.5 86.3504 80.4221 0.126397 -3.59214 0.557487 0.336573
127.399 165.5 86.3504 80.4221
127.399 165.5 86.359 80.4221 4.73859
164.63 127.399 86.359 80.4778 -0.333621 -1.36758
127.399 164.63 86.359 80.4778 4.14706
127.399 160.397 86.359 75.8178 0.397922 0.219373 -4.12638
127.399 160.397 86.359 75.8178 2.91124 1.71568 -1.26679
160.397 125.564 86.359 81.0204 1.95076 -1.80707 3.99931
160.397 126.455 87.8096 81.0204 -1.3095
160.124 126.455 93.416 81.0204 -1.32265
126.455 160.124 91.4324 81.0204 1.43214
126.455 162.578 91.4324 81.0204 2.82777 -2.16529
126.455 164.12 91.4324 82.1922 -1.06276 -2.19223 1.27133 2.92643 -5.70647 -1.70656 -0.240734
126.455 164.12 90.555 78.5999 0.61811
126.455 164.12 91.6801 78.5999
126.992 164.12 91.6801 77.575 -0.00808312 -0.816389
126.992 164.12 91.6801 77.575 2.05555 -0.946391 -0.48335
126.992 164.12 88.1462 82.8342 -2.41362
126.992 164.12 88.1462 81.2675 3.6507
164.12 126.992 88.3814 81.2675 -3.2611
161.608 126.992 90.4806 83.8137
126.992 161.608 90.4806 83.8137 0.245327 -1.52943 -0.438417
126.779 160.722 90.4806 80.4178 0.937067
163.195 126.779 90.4806 80.4178
163.195 126.779 90.5859 80.4178 2.98914 -3.68823 -1.79523 -0.488782 0.302005 0.403618
163.922 126.779 91.283 80.4178 -0.802399 -1.54162
163.922 126.779 91.7068 80.4178 5.27357 3.51143 -0.388378 -0.599423
163.922 126.779 91.7068 73.7434
158.859 126.966 91.7068 82.7489
126.966 162.12 91.7068 83.5598 1.09628 -1.72274
126.966 162.12 91.552 83.5598 -0.96883 -2.58129 -3.5745 -3.94418 1.58377
126.966 162.12 91.552 80.4937 0.469813 -0.868753 0.499248
162.12 125.322 91.552 80.4937 3.7002 -1.4825 -1.59084 -3.35428
162.12 125.322 91.552 80.4937 0.768373 8.0435 -1.88882
162.12 126.987 91.552 81.3987 -1.8476 0.406448 -1.93688 0.138509
162.12 126.987 91.623 81.3987 0.292431 -1.59622 0.439956
126.987 162.12 89.5251 81.3987 0.62391 2.83028 -0.262512 -1.36606
126.987 162.12 89.5251 81.3987 -0.522053 -2.17058 0.143886 -1.99531
125.044 162.12 92.5979 81.3987 5.76615 -0.987098
125.044 162.12 92.5979 81.3987 2.04964 0.0196273 -4.02396
125.044 162.12 92.5979 81.3987 0.732815 -5.38761 3.8947
125.044 160.207 92.5979 79.746 0.585065 -0.30711
162.108 125.044 92.5979 79.746 -1.35523 3.72878
162.108 125.044 92.5979 80.0614 -2.89981 -0.402801 1.9855
162.108 125.044 92.5979 80.0614
162.108 125.137 88.9123 83.9042
161.898 125.137 88.9123 80.5906 0.773121
161.898 88.9123 125.137 80.5906
88.9123 161.898 125.137 77.643 -1.14521 -1.02642
161.992 92.404 125.938 77.643
161.992 125.938 92.3368 77.643
161.992 125.938 88.9479 78.3219
161.992 127.602 89.8026 79.4658
127.602 161.992 89.8026 79.4658 -3.24463 10.1502 7.59936 -4.72825
126.249 93.1079 161.992 79.4658 -5.63547 2.01656 0.274343
128.418 161.992 93.1079 81.0648 0.523109
128.418 93.1079 161.992 73.5225
127.881 161.992 93.1079 73.5225 -0.701621 -0.710888 -5.88728
161.992 126.457 89.6729 73.5225 1.62767
126.457 161.992 89.6729 74.5836 3.93773
126.927 161.992 95.8705 78.7935 0.522562
161.992 126.927 95.8705 80.4867
126.927 161.992 92.543 82.1193 11.0171 -0.482151 -3.40688
126.927 92.543 161.992 81.6777
126.927 92.543 162.044 79.5428 -0.229352
126.927 92.543 162.044 79.5428
126.927 159.92 92.543 80.1484
126.09 159.92 92.543 80.1484 -3.01442
126.09 162.908 92.543 81.0818 -0.935346 10.131 0.195004
126.09 92.543 159.678 79.1867 -7.66735 0.658218
126.09 93.5948 160.828 76.5243
126.09 95.6022 160.828 79.7442
126.09 160.828 90.8921 74.1599 -4.03371 2.42967
126.09 90.8921 162.098 75.4506
126.09 162.098 90.8921 73.9746 0.881172
126.09 92.2957 161.927 77.6292 0.587855 -4.40364 0.5758
92.2957 126.09 160.461 77.6292 0.0370437 2.79699 -1.67964 -0.998276 5.0099 -3.87448 1.53509 7.85425
92.2957 128.292 160.461 77.6292 0.0370437 0.88483 2.79699 -0.998276 3.8978 -0.132201 3.86559
92.2957 128.292 160.461 82.0825 1.92817
91.8669 160.282 128.292 76.7416 -0.0114153 -4.4964
91.8669 160.282 128.292 76.7416 3.11679 -1.63643
91.8669 128.292 160.282 77.2857 -1.68363 1.41647 3.62262 0.227311 -0.933837
128.292 91.8669 160.282 77.2857 0.412654 -2.55676 1.61193 -1.34418
91.8669 128.292 160.282 77.2857 -2.44688
91.8669 160.282 125.486 77.2857 -5.42532 2.21751 -3.55324
91.8669 160.282 125.486 77.2857 -0.859569 -3.53655 -0.149737 0.825251
91.9944 160.282 125.486 74.9232 -4.55647 -0.875823 3.79804 -0.904133
91.9944 160.303 125.486 74.9232 -4.29565 -0.410197 -1.47717
160.303 91.9944 126.101 78.7269
160.303 126.101 91.9944 78.7269 1.12391
164.003 126.101 91.9944 78.7269 3.05886
126.101 164.003 91.9944 78.7269 0.412882 -0.978718
159.452 126.796 93.2046 78.7269 -2.68542
159.452 126.796 95.3711 78.7269 -3.415
159.452 126.796 95.3711 78.7269 0.967325 -3.12867
126.796 159.452 95.3711 79.4024 -1.88335
126.796 159.452 95.3711 79.4024 -4.93747 2.63764
126.796 95.3711 162.682 79.4024
126.796 162.682 92.1998 79.7066 -3.83314
124.006 162.682 92.1998 70.3677
124.041 162.682 92.1998 70.3677 -0.584141 0.658533
124.041 162.682 94.8707 72.4001 -2.83855 1.34464
125.402 162.746 94.8707 76.8787
127.801 162.746 91.5598 76.8787 -3.33639
127.801 159.382 91.5598 79.672 -0.142526
127.801 160.174 91.5598 79.672 1.22834
127.801 160.174 91.5598 79.672 3.17481
127.801 160.174 91.5598 79.672
159.814 127.801 91.5598 79.672 -3.12001
159.814 127.801 93.5413 79.672
159.814 128.742 93.5413 75.8355 0.917376 -0.248327
128.742 159.814 93.2676 76.3395
126.454 159.814 93.1233 79.9524
126.454 159.814 93.1233 79.1903
126.454 159.814 93.1233 79.1903
126.454 159.814 93.1233 79.1903 -3.3985
126.454 159.814 95.3001 74.7261 -0.752086 -2.29489 3.62052 2.35395
126.454 159.814 89.9511 74.6102 -0.248224
159.814 126.454 89.9511 73.3571 0.54108 3.53898
126.454 159.814 90.8252 73.3571
162.052 126.454 90.8252 75.4018
126.454 162.052 90.8252 75.4018 2.33175 1.89381 -2.32423 0.0233435
126.454 90.8252 162.052 71.8849 -3.80818 -3.25466
126.454 90.8252 162.052 71.8849 -4.16745
126.454 162.052 92.8043 73.6941
126.454 162.052 92.8043 74.3364
162.052 126.454 92.8043 74.3364
126.454 162.052 92.8043 74.3364 -4.28555 2.21905
126.454 162.052 96.0611 71.9462 0.50969 6.08924 -1.98263 1.46347
126.454 162.381 96.0611 71.9462 -2.64824 0.12427 -0.0182474
162.381 126.454 90.6118 78.8659
162.381 90.6118 126.454 76.1094 1.43118 -5.36919 3.70434 -3.57499
162.381 90.6118 125.767 76.1094 7.07085 -2.0242 -0.674976
125.767 94.5456 163.314 75.3022
125.767 163.314 94.5456 80.1239
125.767 163.314 94.5456 80.1239
163.314 125.767 94.5456 80.1239
125.767 163.314 95.2523 79.8415
125.767 163.314 92.2094 79.6359 4.46926 1.92813
163.314 125.767 94.2072 79.6359
163.314 125.767 94.2072 79.6359 8.55299 -1.07033 4.55192
161.182 125.767 94.2072 79.6359 0.790799
161.182 94.2072 125.767 73.5666 -2.87492 -0.371069
94.2072 161.182 125.767 73.5666 -0.662033
94.2072 125.767 159.864 73.5666 2.37217
94.2072 159.864 126.255 77.198 2.52378 0.671294
94.2072 159.864 125.037 76.4259 2.52378 0.671294 -1.90976 -8.64586 0.534475 -0.719251 -3.09895 -1.36533
94.3715 127.993 160.346 81.9828 -0.826044 6.35507 0.825153 0.472564
127.993 94.9207 160.346 81.9828 1.01309
95.1896 125.394 160.346 75.3953
95.1896 125.394 160.346 79.0949
95.1896 130.116 160.346 79.0949
95.1896 130.116 160.346 74.9092
126.219 95.1896 160.346 74.7491 1.64119 -0.992565 -3.0073 -2.42833
126.219 95.1896 160.346 74.7491 -3.20443 1.25409
126.219 160.346 95.1896 74.7491
126.219 160.346 95.1896 73.9917 -5.86262
160.346 126.219 93.8974 72.8104
160.346 126.219 93.8974 72.5858 1.06953 4.03754 2.02587
128.534 160.346 93.8974 72.5858 2.41235
160.346 128.534 93.8974 72.1885
126.198 160.346 93.8974 72.1885 -5.95179 -0.0627325 1.79281
126.198 96.3908 160.346 74.2219 -0.262037 9.20337
129.301 160.346 96.3908 71.5306
162.464 129.301 91.7901 71.5306
162.464 129.301 95.6933 77.922
129.301 162.464 95.6933 74.3046 1.26638 0.308906 -3.66343 -0.960694 2.34826 -1.0473
129.301 162.464 96.2839 74.3046 -0.246989 3.18058 2.05019 3.34457 1.97191 1.19917 4.14996
129.301 162.464 96.2839 74.3046 5.44676 -1.06295 -3.78802 -0.551347 -3.5252 -2.5988 5.61535
129.301 162.464 96.2839 74.3046 0.583399 -3.99355
162.464 129.301 96.2839 73.9164
162.464 129.301 96.2839 70.9734 1.1948 -1.14499
161.284 129.301 96.2839 70.9734 5.45459 2.15376
161.284 129.301 96.2839 76.9874
129.301 161.284 96.2839 72.7929
129.301 161.284 94.6887 75.9578 2.00111 3.05474
129.301 160.524 94.6887 75.9578
160.524 127.885 94.6887 69.9398 -0.00937666 -1.09376 -3.01728
160.524 127.885 94.6887 69.9398 -2.07864 -2.12412
126.156 160.524 94.6887 74.2192 -2.64349 2.94145 3.13855
155.962 126.156 94.6887 71.1225 -4.35864
155.962 94.6887 126.156 74.857 -2.35497 1.38525 5.56055
157.585 126.156 93.5644 74.857 -1.75746 8.43508
157.585 97.7273 126.156 69.597
157.585 126.892 94.2923 75.6025 -0.269902
156.425 126.892 94.2923 75.6025 -0.448433
156.425 126.892 94.2923 77.515
156.425 126.892 96.2398 77.2644
155.737 126.892 96.2398 77.2644 -3.53558 1.20698
126.892 155.737 95.138 75.4028 0.785191 -2.19879 3.54208 3.67963 -1.81732 -3.54679 5.24058 1.34895 -1.22654
126.892 158.147 96.7099 75.4028 -0.778
127.258 157.961 96.7099 69.3007
128.875 157.961 96.7099 69.3007
128.875 158.899 96.7099 69.3007 -0.471901 -0.0637452
158.899 128.875 96.7099 63.7106 -1.83718 -1.69264
128.875 158.899 96.7099 63.7106 -2.23704 -1.03528 -4.82464 0.255662 -0.502208
157.9 127.863 96.7099 63.7106 -0.222105
155.802 127.863 96.7099 75.2558 5.13271
155.802 127.863 96.7099 76.9323 -3.64993 1.34688 1.1777 2.14223 2.57525 2.95213 2.23237
155.802 127.863 97.3352 69.6185 2.60752 4.30196
156.034 127.331 97.3352 69.9941
156.034 127.331 97.3352 69.9941
156.034 91.612 127.331 69.9941 2.84182 -0.0723402
156.034 91.612 127.331 69.9941 -4.88236 -2.88575
156.034 126.355 97.6249 72.8393
126.355 159.724 97.6249 72.8393 -0.91324 -0.484498
159.724 126.355 97.6249 72.8393 3.08585
126.355 159.724 97.8354 72.8393
127.858 157.505 96.927 72.8393 3.07251 -2.79498
127.858 157.505 96.927 72.8393
157.505 127.858 94.9025 79.8864
157.505 127.858 94.9025 79.8864 1.16133
127.858 157.505 94.9025 79.8864
127.858 157.505 92.2679 79.0904 2.46642
127.858 157.505 95.1608 78.2303
127.858 157.505 95.1608 78.2303
128.678 157.505 95.1608 74.8024
128.678 157.505 95.1608 76.5571 0.327285
128.678 157.505 96.3882 76.5571 -0.306017 0.787594 -3.07919 1.42046 -1.47047 -2.55074 3.17975 -0.155531
125.689 156.673 97.0647 76.5571 -7.58465 1.81251 -9.39244
128.113 160.057 97.6448 76.5571
128.113 160.057 97.6448 74.2918
128.113 94.6685 158.567 70.3075
128.113 93.8253 158.567 70.3075
128.113 93.8253 158.567 71.9739
93.8253 128.113 158.567 72.4008 -1.84855
93.8253 158.567 128.419 72.4008
93.8253 129.792 158.567 81.0782 -2.57355 1.35264 -0.530781 1.46543
93.8253 158.567 128.23 78.2787 -3.1257
93.8253 128.23 158.567 73.7292 2.75981
93.8253 128.23 158.567 73.7292 5.55642 -0.904522 -0.690845 2.90738 0.00700325
93.8253 158.567 124.819 79.0096 -1.67733 0.224065 -3.79039 1.70504 -2.23245 3.02172 -2.32275
158.567 96.3515 124.819 79.0096 -3.5674 0.312723
158.567 124.819 96.3515 74.954 0.0188936
158.567 124.819 96.3515 74.954
124.854 157.635 97.9541 74.954 -1.15509 7.07409 4.14009
157.635 129.792 97.9541 74.954 4.64872
129.792 157.635 96.2944 74.954 4.00226 2.32916 1.32416 -4.20696 0.993775
157.635 129.134 96.2944 75.5882 1.46057
157.635 129.134 96.3509 75.781 2.31361
157.635 129.134 97.9359 75.781
157.635 128.093 97.9359 71.1539
128.093 157.635 98.1477 71.1539
128.093 98.1477 157.635 71.1539
128.9 157.635 95.8258 77.0136
128.9 157.635 95.8258 68.1971
128.403 159.935 95.554 71.9433 2.5054 2.62443
127.76 159.935 95.554 68.8343 -0.780202 -0.119927 -0.659664
159.935 126.831 95.554 68.8343 1.46543
157.435 126.831 95.554 68.8343
157.435 126.831 95.554 68.8343 2.16852
157.435 125.85 95.554 68.8343
159.083 125.85 95.554 76.2041
157.785 125.85 95.554 76.2041 -0.921551
157.785 125.85 95.554 74.0253 -0.13329 -0.921408 1.72299
125.85 157.785 95.7592 74.0253
128.37 159.338 93.9677 71.5876
159.538 128.37 93.9677 71.6603 1.40367 0.662719
159.538 128.37 98.1985 73.0871 -0.377722
158.321 127.873 95.726 68.359
158.751 127.873 97.7956 68.359
159.318 127.577 97.7956 68.359 2.86325 -1.49528 4.2116 3.10658
126.081 159.567 97.7956 74.3847 -0.657236 -0.934513 -4.17016 -1.06377 -7.33347
126.081 159.567 95.8769 74.3847 -4.99557 -1.3259 4.04087
159.567 126.081 96.3493 74.3847 -1.30314 3.94749 -0.994373
159.567 128.029 96.3493 73.6014 -0.108234 1.98881
128.029 159.567 96.3493 74.3076 0.264941 0.731309 0.757827
159.567 128.029 96.3493 73.751 -1.26754
128.029 159.567 96.3493 77.9391 -0.184269 -0.864296 2.37932
128.029 159.567 96.3493 77.5647
128.029 159.567 97.8221 76.7048 2.07334 -9.2754
128.029 158.694 94.313 70.8646 -2.57851 2.94513
158.694 128.029 94.6141 72.5786 0.585771
158.694 128.029 94.3975 72.5786 1.14073 0.968929 -0.950569 2.22385 -3.87492 1.3688
159.313 128.029 94.3975 70.0819
158.175 128.029 97.0679 70.0819 -1.15258
128.029 158.175 99.6485 70.0819
128.029 92.7823 158.175 68.5722
128.029 158.175 92.8294 69.9945
158.175 128.029 98.4516 70.1541
128.029 158.175 92.6442 72.0627
127.545 158.175 94.3793 72.0627
160.302 127.056 94.3793 72.0627 1.13574 2.29926 1.08092
127.056 160.302 94.3793 72.0627
127.056 160.302 94.3793 72.0627
127.056 160.302 93.3442 72.0627 -0.488051
127.056 160.302 93.3442 72.0627 1.18129 -2.90289
127.056 94.1759 160.358 72.0627 -0.638307 -2.2857
127.056 160.358 94.1759 74.0405
127.056 160.358 97.7757 74.0405
127.056 157.845 97.7757 74.146 3.29773 0.239738 -1.92544
157.845 127.056 97.7757 72.7887 -3.36009
157.845 127.056 97.7757 76.1527 3.93275 4.95662
159.867 127.161 95.4117 76.1527 0.010238 0.545977 -1.47113 -1.83359
127.161 159.867 95.4117 76.5945 0.447762 5.44723 0.92262 -11.5405
125.146 159.867 95.4117 76.5945 1.12214 3.17616 -3.35846
125.146 159.867 94.1644 70.9119 0.350766 2.1932
125.146 159.867 94.572 79.0064
125.146 159.867 94.572 78.6828
128.343 159.867 96.1451 77.5636 -3.31811
128.343 159.867 96.1451 77.87
159.867 125.71 96.1451 76.8106 -1.70043
126.007 159.867 96.1451 75.5873
159.867 126.007 96.1451 75.4375 2.26648 1.39033
159.867 126.007 97.1066 73.0878
126.007 159.867 97.1066 73.0878 -2.08085 0.924571 4.61964 -0.0606919 -0.271054
161.303 125.899 97.1066 70.0985
125.899 161.303 96.1588 69.7794 -0.853005
125.899 161.303 97.1667 76.6837 3.23446 -7.70353
161.303 97.1667 125.423 76.6837
161.303 97.1667 125.423 73.6818 -2.99595
128.63 97.1546 161.303 71.2263 -0.479118 0.575631 2.17473
97.1546 129.145 161.303 70.5727 4.99102 -1.2594 -3.64197 -9.11341
130.509 97.1546 161.303 75.6065
130.509 97.1546 161.303 70.2448 -3.1121 0.191256
130.509 97.3048 161.303 70.2448
130.734 97.7005 159.81 75.1989
130.734 97.7005 159.81 75.1989
97.7005 130.734 159.81 75.3315 5.99493 -0.111099
130.734 97.7005 159.81 75.3315 1.23305 0.199211 -0.808675
128.811 97.7005 159.81 76.0081 -1.87203 -0.632703 1.14689 3.47996 0.141534
131.219 159.81 97.7005 72.8757 -3.89581 5.10839 -1.89349 -0.508505 1.01237 -0.448779 1.04877 -2.64337 -2.53021 1.60755 -0.0596198 -1.63025 -1.86693 0.34948
131.219 159.81 97.7005 72.8757
130.757 159.81 97.7005 77.3997
130.757 159.81 97.7005 76.5174 4.85295
130.757 159.81 97.7005 76.5174 -0.965669 -2.76773 1.82329
159.81 130.757 97.7005 74.2384 -4.05083 2.92265
159.872 128.201 96.3147 75.7176 -3.13969
159.872 131.253 97.2125 75.7176 -1.70822 -4.43655
161.884 130.174 97.2125 71.4789 -0.504116 -0.104091
130.174 161.884 97.2125 71.4789
161.884 130.174 97.2125 69.7871
161.884 128.715 97.2125 69.7871 -2.38896
128.715 161.884 97.2125 69.4664
161.884 128.715 97.2125 71.5313
161.884 128.715 97.2125 69.5626 0.444449
161.884 128.715 97.2125 69.5626
161.884 128.715 97.2125 68.2103
128.715 97.2125 161.884 68.2103
128.715 97.2125 161.142 72.5157
97.2125 128.715 161.142 71.6811 -1.86174
97.2125 161.142 128.715 72.9064 2.42294 1.91146
97.2125 162.931 129.264 69.6929 -4.59233
96.2196 162.931 129.264 69.6929
97.9261 129.264 162.933 69.6929 1.47854
97.9261 128.946 162.326 68.095
97.9261 128.946 162.326 71.1833
130.951 97.9261 162.326 70.7635 -3.76026 1.04693 -4.21293 0.402707
130.951 97.9261 162.326 70.6705
130.951 97.9261 164.215 73.8746
130.079 164.215 97.9261 73.8746
130.079 97.9261 164.215 73.8746
129.164 164.215 92.5013 73.8746 -2.82215 0.548984 2.14855
129.164 163.138 93.7525 67.58
163.138 129.164 93.7525 67.58
163.138 129.164 93.7525 67.58 -0.250976
163.138 129.164 93.7525 70.0629
129.164 163.138 93.7525 70.0629 3.60018
163.138 129.164 93.7525 72.7929 -0.403055 -3.78206
163.138 129.164 93.8456 69.8269
163.138 129.164 93.8456 69.8269
163.138 128.417 69.8269 95.7367
163.138 128.417 94.8977 74.3756 0.476183 -0.821232 0.893738 -3.48004
163.138 128.417 94.8977 74.3756 0.681419 -1.88452
128.417 163.138 94.8977 74.3756
128.417 163.138 96.2614 74.142 2.50532 0.878347
128.417 164.993 96.495 74.142
128.417 165.008 96.495 75.1342
128.417 165.098 95.8713 75.1342 -2.43682 1.00512
165.098 128.417 95.8713 75.1342
165.098 128.417 95.8713 75.1342 -2.51177
165.098 128.417 94.8289 75.1342 4.62458 -1.93164 -3.24142 -0.330324 -2.7253
165.098 128.417 94.8289 72.4035
164.249 128.417 94.8289 72.3114 2.69842 -2.38809 0.178881
164.249 94.654 128.417 76.1288 -3.30934 0.810396
164.249 128.417 94.654 76.1288
164.249 128.417 94.654 73.1908 -0.0111284 0.0261408 3.22707
128.9 164.249 94.8595 73.1908
128.9 164.399 94.8595 68.8667 1.55836 -2.7962 -5.59589
128.9 96.2693 164.399 71.7364 -4.21561 1.46793 9.77422 -2.61593
128.9 163.19 94.8923 69.3919 3.44133 0.76796 3.50303 -4.63012 -0.688036 2.4617 0.372566 3.53291 1.85467
128.9 163.19 94.8923 74.8131 -1.36003 2.57586 1.72925 0.896199
163.19 128.039 94.8923 69.0395 5.38058 1.53364 2.4267 3.36126
163.19 128.039 94.8923 69.0395 -8.57664 3.95384 2.52466 0.997267 -5.00019 -1.01641 -1.03144 1.8225 0.504387 1.2224 -5.59222 0.328747
164.237 128.039 94.8923 69.0395 0.151852 1.90944 0.029673
164.237 128.669 94.8923 69.0395 1.04517 -3.23879 2.72055 2.78347
160.915 128.669 94.8923 73.8516 -0.480709 -1.73405 0.213614 -2.90468 -1.84193
161.729 130.207 94.8923 70.0571 1.30009 0.768457 -3.08625 -2.4431 -0.242342
161.729 129.233 94.8923 70.0571
164.141 94.8923 129.233 70.0571 5.26848 -0.452343 -0.972787 2.9152 -2.08738 -1.81091
94.8923 162.728 129.233 70.0571 -4.57383 7.6367 -6.47755 2.86058 -1.23649 0.122237 -1.80668
96.4803 129.233 162.728 70.0571 -2.36894 -1.06398 0.450704 2.35526 0.679244 -2.92964 -0.125854 3.60705
96.4803 162.728 129.233 77.3996 -0.0712876 -1.98245 -2.99706 2.47816 3.30006 1.61022 0.34024
96.4803 162.728 129.233 74.5437 1.0846 -1.36495 -1.76059 -1.58492
96.4803 129.233 166.236 74.5437
96.4803 127.696 166.236 74.5437 -2.12083
92.307 127.696 166.236 76.3212 -2.12934 1.41794 -2.39452 -1.07387
94.9469 166.236 130.256 72.549 0.969137
96.6597 166.236 130.256 67.1784 0.829407
166.236 96.6597 130.256 71.2387 -2.37088 -3.22403
