3119.7 -1988.38 5108.08
3142.45 -1971.05 5113.51
3136.15 -1975.42 5111.57
3138.13 -1972.89 5111.02
3142.1 -1971.32 5113.41
3137.66 -1972.37 5110.03
3142.17 -1965.73 5107.91
3142.85 -1966.04 5108.88
3140.8 -1965.41 5106.21
3142.17 -1965.75 5107.92
3137.31 -1966.88 5104.19
3142.35 -1965.88 5108.23
3140.24 -1970.04 5110.28
3131.84 -1972.19 5104.03
3133.74 -1973 5106.75
3138.87 -1966.72 5105.59
3144.02 -1965.29 5109.31
3141.15 -1965.17 5106.32
3143.54 -1963.88 5107.42
3142.34 -1969.06 5111.4
3141.28 -1967.16 5108.44
3141.48 -1966.45 5107.93
4520.26 -2010.84 6531.11
3134.68 -1971.26 5105.94
3137.83 -1970.37 5108.2
3137.54 -1970.44 5107.97
3119.42 -1987.92 5107.34
3141 -1971.34 5112.35
3134.98 -1971.44 5106.42
3134.87 -1970.65 5105.52
3133.66 -1972.72 5106.38
3131.42 -1972.44 5103.87
3134.19 -1973.77 5107.96
3133.84 -1972.95 5106.79
3133 -1972.35 5105.35
3122.93 -1980.63 5103.56
3135.61 -1974.71 5110.32
3138.92 -1972.42 5111.34
3139.05 -1973.53 5112.58
3137.27 -1972.4 5109.67
3136.76 -1971.38 5108.14
3143.46 -1968.49 5111.96
3142.67 -1973.14 5115.81
3138.16 -1973.38 5111.54
3145.16 -1967.9 5113.06
3142.56 -1968.14 5110.69
3143.02 -1967.41 5110.43
3138.14 -1971.34 5109.48
3136.95 -1971.96 5108.91
3141.83 -1972.25 5114.08
3109.21 -2000.27 5109.48
3136.73 -1978.25 5114.98
3136.32 -1974.51 5110.84
3138.11 -1975.01 5113.12
3138.19 -1975.18 5113.37
3136.7 -1977.44 5114.14
3137.82 -1977.42 5115.24
3135.23 -1976.69 5111.92
3134.14 -1978.58 5112.71
3134.25 -1976.82 5111.08
3133.93 -1977.86 5111.79
3134.79 -1975.59 5110.38
3136.58 -1975.29 5111.87
3136.01 -1976.89 5112.9
3132.16 -1976.71 5108.87
3133.38 -1977.37 5110.75
3132.6 -1976.82 5109.42
3129.51 -1981.27 5110.79
3148.77 -1970.65 5119.42
3137.51 -1972.23 5109.74
3142.07 -1973.25 5115.32
3142.35 -1970.44 5112.79
3132.14 -1982.69 5114.83
3143.5 -1980.74 5124.25
3086.79 -2035.19 5121.99
3101.55 -2012.49 5114.04
3109.66 -2005.08 5114.74
3108.42 -2005.28 5113.7
3101.07 -2011.46 5112.53
3110.96 -2005.77 5116.73
3118.3 -2000.31 5118.61
3119.65 -1998.66 5118.31
3127.33 -1989.56 5116.89
3123.08 -1994.6 5117.69
3121.67 -1995.18 5116.86
3125.55 -1993.55 5119.11
3125.25 -1993.39 5118.64
3125.31 -1994.26 5119.57
3125.27 -1993.31 5118.58
3124.65 -1994.71 5119.36
3130 -1992.21 5122.21
3124.95 -1992.68 5117.63
3148.37 -1991.57 5139.95
3133.59 -1988.47 5122.05
3141.23 -1989.54 5130.78
3142.69 -1983.45 5126.14
3137.14 -1988.7 5125.84
3139.69 -1987.07 5126.76
3139.06 -1985.33 5124.38
3141.21 -1986.19 5127.39
3137.95 -1985.55 5123.5
3142.49 -1986.49 5128.98
3136.74 -1987.76 5124.49
3139.65 -1984.47 5124.11
3135.83 -1984.89 5120.71
3102.64 -2011.39 5114.03
3128.98 -1989.75 5118.73
3131.88 -1987.2 5119.08
3133.82 -1988.21 5122.03
3134.43 -1986.17 5120.6
3132.98 -1989.16 5122.14
3132.1 -1988.89 5121
3128.07 -1996.14 5124.2
3136.91 -1989.14 5126.05
3128.6 -1995 5123.6
3124.62 -1995.87 5120.48
3133.98 -1990.02 5124
3140.66 -1986.59 5127.25
3130.5 -1990.94 5121.45
3133.01 -1987.05 5120.07
3132.72 -1988.7 5121.43
3132.05 -1988 5120.05
3137.11 -1984.74 5121.86
3140.08 -1984.09 5124.17
3140.46 -1985.7 5126.16
3143.3 -1983.19 5126.48
4515.8 -2034.46 6550.27
3136.04 -1992.22 5128.26
3144.82 -1981.95 5126.77
3144.34 -1984.03 5128.37
3145.78 -1977.34 5123.13
3154.58 -1979.31 5133.9
3157.78 -1977.64 5135.41
3145.06 -1977.35 5122.41
3161.83 -1975.69 5137.52
3152.62 -1975.01 5127.63
3149.13 -1980.19 5129.32
3152.75 -1973.84 5126.6
3154.76 -1972.35 5127.12
3170.61 -1970.23 5140.84
3166.92 -1971.38 5138.3
3153.44 -1972.04 5125.47
3159.94 -1972.32 5132.26
3159.65 -1972.12 5131.77
3155.35 -1974.17 5129.53
3131.9 -1999.46 5131.36
3142.84 -1986.3 5129.14
3150.69 -1975.42 5126.11
3150.74 -1976.03 5126.77
3153.79 -1974.76 5128.55
3150.75 -1977.72 5128.47
3151.9 -1980.73 5132.64
3148.32 -1979.82 5128.13
3149.54 -1979.8 5129.34
3148.97 -1979.85 5128.82
3149.72 -1981.34 5131.06
3152.01 -1976.15 5128.17
4446.13 -2100.46 6546.59
3132.36 -1992.86 5125.21
3155.29 -1975.26 5130.54
3146.43 -1982.85 5129.28
3150.71 -1980.39 5131.1
3158.05 -1977.86 5135.91
3152.92 -1977.41 5130.33
3144.7 -1978.88 5123.59
3154.1 -1974.64 5128.74
3154.6 -1973.92 5128.53
3158.48 -1970.61 5129.09
3153.05 -1974.23 5127.29
3130.42 -1994.96 5125.38
3158 -1971.49 5129.49
3160.56 -1969.27 5129.83
3159.21 -1967.96 5127.18
3156.73 -1967.75 5124.48
3155.32 -1966.2 5121.53
4502.19 -2047.81 6550
3151.02 -1974.11 5125.13
3152.79 -1972.77 5125.56
3154.68 -1974.44 5129.12
3154.1 -1973.99 5128.09
3162.21 -1968.41 5130.62
3155.55 -1970.14 5125.69
3155.25 -1971.04 5126.29
3153.4 -1975.29 5128.69
3154.15 -1975.51 5129.67
3154.86 -1975.55 5130.41
3153.81 -1974.27 5128.08
3160.46 -1970.97 5131.43
3159.6 -1970.66 5130.26
3167.13 -1963.84 5130.97
3166.84 -1966.71 5133.55
3163.25 -1965.01 5128.27
3161.89 -1965.73 5127.62
3162.3 -1966.75 5129.06
3157.01 -1972.29 5129.29
3159.15 -1967.62 5126.77
3153.42 -1974.53 5127.95
3158.89 -1971.93 5130.82
3158.24 -1972.18 5130.43
3152.38 -1971.05 5123.42
3151.55 -1971.94 5123.49
3148.34 -1974.59 5122.93
3149.09 -1977.51 5126.6
3149.49 -1974.1 5123.59
3147.18 -1975.38 5122.56
3151.21 -1974.19 5125.4
3148.52 -1975.36 5123.88
3151.11 -1975.09 5126.2
3140.11 -1982.26 5122.38
3132.56 -1988.63 5121.19
3137.69 -1986.43 5124.12
3141.78 -1978 5119.78
3154.96 -1970.74 5125.7
3159.92 -1966.7 5126.62
3160.78 -1965.65 5126.44
3168.07 -1963.13 5131.2
3161.55 -1965.8 5127.35
4521.92 -2026.24 6548.16
3154.32 -1970.97 5125.29
3164.18 -1964.76 5128.94
3170.52 -1961.57 5132.09
3168.28 -1962.4 5130.68
3166.54 -1963.22 5129.76
3169.41 -1962.3 5131.72
3139.06 -1987.13 5126.19
3169.51 -1960.76 5130.27
3167.46 -1962.54 5130
3166.1 -1962.61 5128.7
3166.71 -1962.72 5129.43
3172.95 -1957.95 5130.91
3166.65 -1960.31 5126.96
3157.54 -1968.7 5126.24
4505.61 -2043.05 6548.65
3143.12 -1979.37 5122.49
3161.14 -1965.18 5126.32
3164.65 -1962.46 5127.12
3170.79 -1957.88 5128.66
3167.95 -1957.06 5125.01
3168.81 -1957.04 5125.85
3173.81 -1957.2 5131
3168.96 -1961.11 5130.07
3172.03 -1957.35 5129.37
3167.36 -1957.18 5124.54
3171.15 -1957.61 5128.77
3172.51 -1957.23 5129.74
3159.73 -1963.29 5123.03
3156.5 -1967.4 5123.9
3134.83 -1988.08 5122.91
3165.75 -1955.7 5121.45
3158.07 -1968.72 5126.79
3158.08 -1961.74 5119.82
3162.4 -1968.17 5130.58
3160.04 -1967.58 5127.62
3159.1 -1965.56 5124.65
3163.08 -1964.8 5127.88
3160.83 -1964.96 5125.79
3159.25 -1963.89 5123.14
3164.08 -1965.11 5129.19
3164.02 -1961.1 5125.12
3172.02 -1955.53 5127.55
3167.06 -1956.11 5123.17
3164.81 -1958.94 5123.74
3164.03 -1958.78 5122.81
3162.55 -1957.53 5120.08
3164.97 -1955.61 5120.58
4529.75 -2012.55 6542.31
3150.24 -1965.39 5115.63
3167.22 -1956.24 5123.47
3168.45 -1956.52 5124.97
4523.54 -2017.38 6540.92
3161.62 -1961.66 5123.27
3164.58 -1960.04 5124.62
3166.63 -1959.44 5126.07
3162.35 -1965.36 5127.71
3159.9 -1962.39 5122.29
3163.96 -1956.22 5120.18
3165.78 -1956 5121.78
3165.42 -1956.39 5121.81
3165.85 -1957.38 5123.23
3163.26 -1958.46 5121.72
3160.02 -1957.88 5117.9
4474.47 -2075.56 6550.03
3156.16 -1966.8 5122.96
3161.75 -1958.27 5120.02
3164.43 -1958.66 5123.08
3165.51 -1955.69 5121.2
3167.07 -1958.59 5125.66
3166.67 -1956.91 5123.58
3161.58 -1949.74 5111.32
3170.68 -1949.58 5120.25
3169.95 -1952.17 5122.12
3169.33 -1948.65 5117.98
3163.61 -1953.89 5117.5
3168.06 -1950.36 5118.41
3169.7 -1950.13 5119.84
3173.04 -1945.78 5118.82
3165.39 -1950.33 5115.72
3169.76 -1946.12 5115.88
3167.85 -1950.27 5118.12
3101.26 -2018.33 5119.59
3126.18 -1995.22 5121.4
3127.16 -1990.88 5118.04
3123.31 -1991.84 5115.14
3130.49 -1987.04 5117.53
3127.4 -1985.58 5112.98
3133.01 -1985.1 5118.11
3136.09 -1980.14 5116.22
3134.86 -1977.59 5112.45
3136.03 -1976.77 5112.79
3139.01 -1972.46 5111.47
3141.38 -1973.02 5114.4
3135.51 -1972.95 5108.45
3136.74 -1970.4 5107.14
3144.81 -1966 5110.81
3123.45 -1985.99 5109.44
3142.05 -1968.37 5110.42
3147.06 -1964.05 5111.11
3143.83 -1964.09 5107.92
3147.28 -1964.84 5112.11
3147.8 -1963.5 5111.3
3148.35 -1962.99 5111.34
3148.18 -1961.96 5110.14
3151.24 -1957.35 5108.59
3157.74 -1956.7 5114.45
3160.65 -1957.48 5118.13
3142.35 -1966.28 5108.63
3150.83 -1958.14 5108.97
3148.89 -1959.94 5108.84
3093.58 -2016.71 5110.28
3117.18 -1994.12 5111.3
3117.59 -1993.09 5110.68
3123 -1989.78 5112.78
3123.66 -1988.19 5111.86
3119.74 -1990.44 5110.18
3112.86 -1999.78 5112.64
3117.07 -1998.52 5115.59
3119.4 -1997.72 5117.11
3116.91 -1998.06 5114.97
3115.27 -1998.79 5114.06
3114.35 -2000.11 5114.46
3109.57 -2003.06 5112.63
3112.75 -2003.48 5116.22
4476.48 -2057.21 6533.69
3108.47 -2005.01 5113.48
3121.93 -1993.77 5115.7
3124.45 -1990.28 5114.73
3126.45 -1990.72 5117.18
3123.75 -1990.61 5114.37
3124.81 -1986.54 5111.35
3124.75 -1986.89 5111.64
3130.83 -1979.32 5110.15
3126.34 -1985.55 5111.89
3128.22 -1982.82 5111.04
3130.89 -1979.6 5110.49
3137.22 -1974.16 5111.38
3136.98 -1973.06 5110.04
3134.66 -1974.85 5109.51
3137.32 -1972.99 5110.32
3138.34 -1970.25 5108.59
3134.99 -1971.82 5106.81
3135.81 -1973.97 5109.78
3137.95 -1972.89 5110.84
3135.76 -1973.4 5109.16
3136.07 -1970.96 5107.03
4502.46 -2031.34 6533.8
3118.35 -1984.77 5103.12
3141.67 -1969.2 5110.87
3139.89 -1969.22 5109.12
3139.7 -1969.47 5109.17
3139.82 -1969.78 5109.6
3149.82 -1965.31 5115.13
3142.51 -1967.79 5110.3
3143.77 -1966.72 5110.49
3147.02 -1965.62 5112.64
3144.44 -1967.75 5112.19
3147.8 -1965.86 5113.65
3148.97 -1964.42 5113.39
3144.09 -1972.49 5116.58
3144.23 -1970.32 5114.56
3147.13 -1968.9 5116.04
3150.02 -1969.79 5119.81
3141.73 -1973.26 5114.98
3153.08 -1963.18 5116.26
3156.83 -1959.87 5116.7
3158.15 -1959.93 5118.08
3160.29 -1958.71 5119
3156.37 -1963.87 5120.23
3137.22 -1979.8 5117.02
3144.37 -1969.06 5113.43
3151.04 -1966.62 5117.65
3149.12 -1967.18 5116.29
3155.24 -1963.48 5118.73
3152.36 -1964.4 5116.76
3151.4 -1964.79 5116.19
3129.91 -1985.42 5115.33
3133.87 -1981.92 5115.79
3145.12 -1969.46 5114.58
3141.69 -1973.74 5115.43
3145.01 -1969.59 5114.6
3143.23 -1970.67 5113.9
3148.07 -1967.05 5115.11
3152.44 -1964.18 5116.62
3148.37 -1964.98 5113.35
3150.74 -1961.04 5111.78
3087.88 -2027.37 5115.25
3130.12 -1982.71 5112.83
3130.76 -1982.76 5113.52
3138.17 -1973.75 5111.91
3141.24 -1971.25 5112.49
3142.16 -1968.98 5111.13
3137.4 -1969.71 5107.11
3145.03 -1966.95 5111.98
3143.94 -1967.03 5110.97
3138.47 -1974.17 5112.64
3136.71 -1970.98 5107.69
3139.38 -1972.94 5112.32
3139.25 -1971.78 5111.03
3139.66 -1974.73 5114.38
3141.54 -1969.83 5111.38
3141.47 -1973.26 5114.73
3137.23 -1974.22 5111.45
3137.69 -1974.32 5112.01
3138.2 -1972.71 5110.9
3135.68 -1969.79 5105.47
3139.07 -1966.51 5105.59
3098.01 -2008.69 5106.7
3121.86 -1983.02 5104.89
3134.97 -1970.41 5105.38
3133.15 -1973.33 5106.48
3133.3 -1972.84 5106.14
3142.78 -1964.54 5107.31
3141.69 -1966.95 5108.64
3137.16 -1967.96 5105.11
3136.58 -1968.82 5105.4
3131.05 -1974 5105.05
3133.14 -1972.8 5105.95
3132 -1974.12 5106.12
3129.39 -1973.03 5102.42
3131.66 -1971.73 5103.39
3134.7 -1970.57 5105.27
3139.73 -1965.86 5105.59
3126.37 -1978.62 5104.99
3136.27 -1973.15 5109.42
3135.01 -1968.7 5103.71
3141.13 -1964.03 5105.16
3145.46 -1964.15 5109.61
3144.27 -1965.23 5109.5
3142.69 -1965.82 5108.51
3143.49 -1963.57 5107.06
3148.46 -1964.16 5112.62
3141.4 -1966.93 5108.33
3134.35 -1968.49 5102.84
3133.79 -1962.02 5095.81
3134.2 -1966.74 5100.94
3134.31 -1967.62 5101.94
3131.19 -1966.43 5097.62
3138.3 -1964.08 5102.38
3141.34 -1963.45 5104.79
3135.93 -1966.5 5102.43
3136.02 -1964.72 5100.74
3120.49 -1973.94 5094.43
3116.68 -1974.71 5091.39
3125.47 -1971.79 5097.26
3127.85 -1964.98 5092.83
3126.68 -1971.07 5097.74
3104.45 -1990.92 5095.37
3112.13 -1981.75 5093.88
3108.65 -1986.7 5095.35
4497.6 -2015.66 6513.26
3118.36 -1975.16 5093.52
3126.91 -1973.44 5100.35
3124.32 -1976.59 5100.91
3124.26 -1972.97 5097.22
3123.77 -1973.4 5097.17
3123.89 -1972.41 5096.3
4464.77 -2051.81 6516.58
3125.96 -1970.29 5096.25
3055.07 -2044.6 5099.68
3038.4 -2063.1 5101.49
3068.43 -2027.82 5096.25
3072.85 -2024.01 5096.86
3078.39 -2015.54 5093.93
3081.73 -2012.63 5094.36
3082.12 -2013.17 5095.29
3088.39 -2007.2 5095.59
3081.14 -2010.77 5091.91
3093.52 -1997.45 5090.97
3094.23 -1998.72 5092.95
3100.2 -1993.93 5094.13
3096.29 -1996.4 5092.69
3097.99 -1994.72 5092.71
3091.46 -1997.36 5088.82
3100.07 -1989.55 5089.63
3107.82 -1982.15 5089.96
3110.24 -1982.24 5092.49
3107.92 -1984.3 5092.22
3106.7 -1984.13 5090.83
3109.03 -1981.09 5090.12
3108.64 -1981.99 5090.63
3113.9 -1979.36 5093.26
3108.75 -1983.03 5091.79
3106.85 -1981.71 5088.56
3109.25 -1980.9 5090.15
3117.06 -1973.44 5090.5
3119.7 -1971.92 5091.62
3122.76 -1971.09 5093.85
3117.17 -1974.75 5091.92
3115.37 -1974.13 5089.5
3128.17 -1969.13 5097.3
3122.44 -1971.59 5094.03
3132.84 -1963.66 5096.5
3132.76 -1964.64 5097.4
3135.74 -1960.4 5096.14
3135.73 -1961.03 5096.76
3141.12 -1955.02 5096.14
3138.5 -1956.18 5094.68
3139.26 -1957.77 5097.04
3142.81 -1954.52 5097.33
3140.58 -1954.35 5094.93
3142.66 -1956.51 5099.17
3141.8 -1954.97 5096.77
3142.98 -1952.43 5095.41
3138.17 -1956.72 5094.89
3143.29 -1952.83 5096.12
3141.82 -1953.54 5095.37
3138.79 -1954.61 5093.4
3142.22 -1952.38 5094.6
3142.09 -1953.95 5096.03
3142.55 -1954 5096.55
3140 -1953.97 5093.98
3142.81 -1956.2 5099.01
3142.76 -1954.55 5097.31
3140.02 -1955.84 5095.86
3136.21 -1955.69 5091.9
3145.38 -1953.48 5098.87
3143.94 -1952.71 5096.65
3145.17 -1952.98 5098.15
3144.51 -1951.08 5095.59
3148.08 -1950.07 5098.15
3144.25 -1947.4 5091.66
3143.03 -1953.18 5096.21
3152.52 -1949.88 5102.4
3149.18 -1947.02 5096.2
3149.89 -1947.68 5097.56
3147.29 -1943.55 5090.85
3151.91 -1943.66 5095.57
3148.17 -1949.32 5097.49
3145.27 -1943.94 5089.21
3153.8 -1943.88 5097.67
3156.41 -1940.98 5097.39
3154.85 -1942.25 5097.1
3154.46 -1942.85 5097.31
3149.12 -1946.03 5095.15
3152.05 -1944.28 5096.33
3140.44 -1953.22 5093.66
3139.59 -1952.21 5091.8
3143.39 -1954.37 5097.76
3128.73 -1967.37 5096.1
3146.06 -1949.03 5095.08
3138.4 -1959.76 5098.16
3144.71 -1953.36 5098.07
3147.64 -1951 5098.64
3146.88 -1948.79 5095.67
3142.92 -1951.27 5094.19
3144.31 -1949.03 5093.34
3131.2 -1965.69 5096.89
3136.31 -1960.98 5097.29
3134.22 -1961.71 5095.94
3135.88 -1961.77 5097.65
3131.43 -1965.94 5097.37
3139.36 -1958.63 5097.98
3138.72 -1955.54 5094.26
3139.71 -1954.72 5094.43
3138.14 -1956.03 5094.17
3134.81 -1960.49 5095.3
3136.14 -1959.75 5095.9
3135.02 -1959.15 5094.18
3136.15 -1959.28 5095.42
3141.26 -1951.91 5093.17
3136.7 -1953.94 5090.64
3140.7 -1953.51 5094.21
3141.32 -1953.67 5094.99
3132.44 -1954.94 5087.37
3139.96 -1954.09 5094.05
3133.82 -1961.78 5095.6
3130.51 -1963.47 5093.98
3131.41 -1964.06 5095.47
3131.92 -1962.93 5094.85
3132.47 -1964.41 5096.88
3119.68 -1971.22 5090.9
3131.4 -1962.23 5093.63
3140.8 -1950.15 5090.95
3137.42 -1952.89 5090.31
3136.42 -1949.72 5086.14
3143.61 -1945.8 5089.41
3139.3 -1946.82 5086.11
3144.28 -1944.64 5088.92
3143.99 -1946.72 5090.72
3143.17 -1948.63 5091.8
3137.63 -1949.79 5087.41
3135.14 -1951.54 5086.68
3141.67 -1945.6 5087.27
3137.82 -1946.95 5084.77
4524.49 -1987.9 6512.38
3137.67 -1948.7 5086.37
3138.16 -1943.28 5081.43
3138.79 -1943.3 5082.09
3135.94 -1946.71 5082.65
3140.29 -1943.61 5083.91
3140.39 -1942.65 5083.04
3139.38 -1944.35 5083.73
3140.9 -1940.89 5081.79
3139.75 -1942.75 5082.51
3147.71 -1938.31 5086.01
3148.51 -1940.1 5088.6
3152.4 -1935.51 5087.9
3147.73 -1938.5 5086.24
3143.09 -1942.62 5085.71
3143.53 -1940.64 5084.17
3145.6 -1939.73 5085.33
3154.37 -1931.5 5085.88
3142.26 -1940.59 5082.85
3141.7 -1939.93 5081.63
3143.3 -1938.93 5082.23
3139.35 -1942.16 5081.52
3142.04 -1940.93 5082.97
3142.24 -1935.61 5077.86
3146.4 -1937.25 5083.65
3139.45 -1940.91 5080.36
3142.64 -1935.95 5078.59
3146.89 -1935.84 5082.73
3150.5 -1933.47 5083.97
3142.24 -1936.65 5078.89
3142.06 -1937.52 5079.57
3144.81 -1934.18 5078.99
3144.29 -1934.26 5078.55
3149.43 -1930.57 5080
3148.69 -1931.92 5080.61
3146.99 -1933.95 5080.94
3143.15 -1934.06 5077.21
3143.95 -1933.48 5077.43
3144.2 -1935.26 5079.46
3148.25 -1932.66 5080.9
3143.59 -1933.05 5076.64
3148.6 -1932.76 5081.36
3149.84 -1932.9 5082.73
3151.92 -1930.22 5082.13
3150.31 -1936.14 5086.45
3139.34 -1940.78 5080.12
3144.29 -1936.23 5080.52
3155.7 -1929.13 5084.83
3148.75 -1930.14 5078.89
3153.8 -1927.93 5081.73
3145.51 -1933.86 5079.36
3146.66 -1930.96 5077.62
3152.33 -1927.87 5080.2
3151.47 -1930.81 5082.29
3145.74 -1936.62 5082.36
3144.67 -1936.52 5081.19
3133.44 -1948.7 5082.14
3145.39 -1937.29 5082.68
3150.6 -1931.88 5082.48
3149.95 -1933.05 5083
3143.78 -1940.74 5084.52
3147.31 -1931.18 5078.49
3151.93 -1931.14 5083.07
3144.04 -1939.07 5083.11
3142.59 -1938.97 5081.56
3143.44 -1935.6 5079.05
3135.61 -1946.22 5081.83
3137.23 -1944.97 5082.2
3135.24 -1947.46 5082.69
3138.13 -1943.43 5081.56
3138.79 -1945.64 5084.43
3144.85 -1936.1 5080.96
3135.97 -1943.95 5079.93
4503.69 -1997.97 6501.66
3130.2 -1948.59 5078.79
3129.58 -1948.47 5078.05
3132.28 -1946.87 5079.15
3141.96 -1937.71 5079.67
3135.41 -1942.49 5077.89
3131.36 -1942.82 5074.18
3128.8 -1944.27 5073.07
3138.63 -1936.2 5074.82
3142.11 -1934.15 5076.26
3137.44 -1937.22 5074.67
3134.23 -1937.14 5071.37
3141.7 -1934.2 5075.9
3146.4 -1930.16 5076.56
3142.48 -1930.61 5073.09
3145.7 -1928.87 5074.57
3150.49 -1925.91 5076.4
3146.41 -1929.49 5075.9
3147.71 -1927.56 5075.27
3149.02 -1925.5 5074.52
3149.94 -1924.57 5074.51
3149.82 -1927.09 5076.91
3147.53 -1927.54 5075.07
3153.86 -1926.1 5079.96
3151.49 -1925.17 5076.66
3151.6 -1924.88 5076.47
3156.38 -1922.04 5078.42
3156.79 -1921.18 5077.97
3154.29 -1923.14 5077.43
3155.97 -1921.77 5077.75
3153.58 -1924.06 5077.63
3156.33 -1923.91 5080.24
3156.74 -1922.75 5079.49
3162.03 -1919.98 5082.01
3153.52 -1923.17 5076.68
3157.3 -1923.01 5080.31
3159.44 -1924.12 5083.56
3157.26 -1923.1 5080.35
3156.61 -1924.13 5080.74
3158.42 -1922.93 5081.35
3156.26 -1923.67 5079.93
3157.32 -1923 5080.32
3147.71 -1930.82 5078.53
3151.84 -1927.52 5079.36
3151.88 -1927.32 5079.2
3148.92 -1928.59 5077.52
3147.01 -1928.73 5075.74
3149.06 -1928.77 5077.83
3149.35 -1930.7 5080.04
3151.74 -1926.1 5077.84
3152.1 -1926.71 5078.81
3148.8 -1927.06 5075.86
3135.63 -1936.9 5072.53
3150.37 -1925.59 5075.96
3141.88 -1929.21 5071.1
3140.63 -1930.71 5071.33
3140.86 -1931.15 5072.01
3097.96 -1974.23 5072.18
3106.36 -1964.41 5070.77
3117.48 -1954.15 5071.63
3113.82 -1951.45 5065.27
3108.82 -1955.79 5064.6
3115.6 -1951.05 5066.65
3117.96 -1949.28 5067.24
3116.37 -1948.78 5065.15
3121.27 -1946.02 5067.29
3122.86 -1940.27 5063.13
3120.41 -1948.41 5068.82
3107.24 -1958.64 5065.88
4522.28 -1969.58 6491.86
3116.02 -1947.39 5063.41
3121.9 -1945.98 5067.87
3125.07 -1943.53 5068.6
3135.74 -1941.94 5077.68
3127.31 -1943.65 5070.96
3126.85 -1945.33 5072.18
3129.94 -1939.73 5069.67
3128.93 -1936.49 5065.42
3134.03 -1935.54 5069.57
3123.44 -1945.57 5069
3127.17 -1947.31 5074.47
3131.54 -1945.35 5076.89
3129.72 -1940.22 5069.94
3134.32 -1938.91 5073.23
3136.86 -1936.52 5073.38
3144.07 -1934.97 5079.03
3133.65 -1937.73 5071.38
3133.25 -1939.48 5072.73
3138.97 -1935.37 5074.33
3139.53 -1931.37 5070.9
3136.29 -1931.92 5068.21
3136.61 -1929.23 5065.85
3133.56 -1932.74 5066.3
3136.5 -1930.91 5067.41
3129.19 -1940.67 5069.86
3132.57 -1936.18 5068.75
3131.82 -1936.68 5068.5
3134.05 -1935.84 5069.89
3060.58 -2004.93 5065.51
3101.8 -1961.32 5063.12
3104.93 -1955.22 5060.15
3099.21 -1964.14 5063.36
3104.35 -1959.51 5063.86
3060.74 -2004.61 5065.35
3077.74 -1988.31 5066.05
3073.06 -1991.62 5064.67
3074.15 -1992.69 5066.84
3075.07 -1993.44 5068.51
3077.29 -1990.21 5067.5
3072.53 -1990.18 5062.71
3075.6 -1991.78 5067.38
3083.59 -1985.68 5069.27
3090.16 -1977.58 5067.74
3091.8 -1975.95 5067.76
3092.76 -1974.3 5067.06
3092.93 -1974.58 5067.51
3091.23 -1976.72 5067.95
3088.14 -1975.49 5063.62
3088.75 -1977.8 5066.55
3083.84 -1977.78 5061.62
3088.24 -1975.33 5063.58
3092.8 -1971.78 5064.58
3091.19 -1972.38 5063.57
3094.4 -1970.73 5065.13
3107.15 -1963.43 5070.58
3102.55 -1964.12 5066.67
3093.82 -1970.7 5064.52
3094.16 -1970.53 5064.69
3097.94 -1965.5 5063.44
3088.35 -1973.19 5061.54
3093.13 -1971.9 5065.03
3097.45 -1968.19 5065.64
3102.7 -1967.81 5070.51
3096.52 -1969.58 5066.09
3093.66 -1971.29 5064.95
3094.54 -1970.88 5065.42
3093.52 -1970.85 5064.38
3097.98 -1963.99 5061.97
3106.1 -1963.1 5069.2
3114.93 -1962.98 5077.91
3105.03 -1963.09 5068.12
3101.5 -1963.09 5064.58
3103.65 -1957.22 5060.87
3105.9 -1961.61 5067.51
3106.7 -1960.31 5067.01
3108.06 -1958.42 5066.48
3102.4 -1959.94 5062.34
3105.55 -1960.4 5065.96
3125.09 -1959.97 5085.06
3103.46 -1957.85 5061.3
3103.02 -1961.59 5064.61
3106.3 -1956.43 5062.73
3106.88 -1955.64 5062.52
4482.38 -2007.69 6490.07
3105.74 -1959.52 5065.27
3100.63 -1964.22 5064.85
3100.91 -1964.39 5065.3
3100.32 -1966.22 5066.54
3096.98 -1968.42 5065.4
3089.63 -1969.64 5059.28
3092.57 -1970.97 5063.54
3059.84 -1997.02 5056.86
3092.62 -1971.49 5064.11
3101.09 -1966.11 5067.2
3100.48 -1965.27 5065.75
3100.59 -1965.58 5066.17
3099.98 -1966.67 5066.65
3096.4 -1966.27 5062.67
3099.11 -1965.17 5064.28
3091.72 -1969.79 5061.51
3096.71 -1965.29 5062
3101.95 -1963.6 5065.55
3092.05 -1970.11 5062.16
3100.32 -1968.82 5069.13
3102.62 -1969.81 5072.44
3099.98 -1969.82 5069.8
3107.86 -1962.39 5070.25
3104.69 -1958.94 5063.63
3098.08 -1962.56 5060.64
3105.3 -1960.1 5065.41
3106 -1963.79 5069.8
3108.85 -1958.74 5067.59
3112.63 -1954.44 5067.08
3110.76 -1955.04 5065.8
3118.49 -1948.22 5066.71
3116.85 -1949.26 5066.11
3115.05 -1950.77 5065.82
3115.6 -1948.79 5064.39
3121.12 -1943.23 5064.34
3117.1 -1942.87 5059.96
3121.44 -1942.21 5063.64
3115.96 -1945.38 5061.34
3116.63 -1944.37 5061
3117.11 -1943.83 5060.95
3123.42 -1942.05 5065.47
3116.65 -1945.13 5061.77
3127.13 -1936.92 5064.05
3122.1 -1940.21 5062.31
3123.79 -1940.09 5063.88
3123.94 -1939.26 5063.2
inf -1943.3 inf
3129.87 -1942.7 5072.56
3126.72 -1944.35 5071.07
3125.66 -1940.14 5065.8
3130.48 -1938.67 5069.15
3129.31 -1938.48 5067.79
3132.33 -1931.24 5063.57
3132.04 -1932.67 5064.71
3131.02 -1934.1 5065.12
3129.78 -1933.44 5063.23
3129.05 -1933.96 5063.01
3134.22 -1933.76 5067.97
3128.24 -1934.83 5063.07
3129.7 -1932.67 5062.38
3128.46 -1933.64 5062.1
3130.4 -1932.21 5062.61
3128.42 -1934.71 5063.13
3127.99 -1933.39 5061.39
3130.27 -1932.8 5063.07
3130.13 -1933.52 5063.65
3123.85 -1938.53 5062.38
3126.15 -1937.3 5063.45
3127.41 -1935.23 5062.64
3132.7 -1928.88 5061.58
3130.29 -1931.32 5061.61
3122.25 -1939.25 5061.49
3127.16 -1935.94 5063.1
3124.89 -1935.31 5060.19
3126.53 -1936.3 5062.83
3086.87 -1973.34 5060.22
3044.48 -2018.58 5063.06
3084.87 -1974.37 5059.25
3096.63 -1960.09 5056.72
3086.17 -1969.54 5055.72
3100.72 -1956.58 5057.31
3048.45 -2011.46 5059.91
3083.54 -1972.54 5056.08
3106.58 -1951.4 5057.98
3095.32 -1953.96 5049.28
3128.55 -1953.98 5082.53
3107.04 -1951.72 5058.76
3106.51 -1951.72 5058.23
3102.95 -1952.23 5055.18
3103.95 -1950.57 5054.52
3108.33 -1946.79 5055.12
3110.9 -1946.93 5057.82
3108.44 -1949.4 5057.85
3110.67 -1948.96 5059.63
3109.4 -1946.82 5056.22
3119.36 -1941 5060.36
3122.98 -1935.39 5058.37
3124.46 -1935.58 5060.04
3123.7 -1937 5060.7
3125.95 -1934.21 5060.16
3125.75 -1936.45 5062.2
3127.84 -1936.46 5064.3
3133.1 -1932.3 5065.4
3129.72 -1932.96 5062.69
3137.43 -1928.66 5066.08
3133.67 -1929.18 5062.85
3133.77 -1929.18 5062.95
3136.33 -1930.64 5066.98
3132.47 -1934.05 5066.52
3137.9 -1929.52 5067.42
3138.41 -1926.9 5065.31
3144.12 -1920.55 5064.68
3148.39 -1915.46 5063.85
3075.21 -1987.12 5062.34
3133.21 -1935.23 5068.44
3136.87 -1929.52 5066.39
3148.39 -1920.92 5069.31
3149.84 -1913.22 5063.06
3150.37 -1915.42 5065.79
3159.11 -1905.12 5064.23
3152.3 -1915.27 5067.57
3152.81 -1915.54 5068.35
3157.1 -1912.73 5069.83
3154.61 -1914.24 5068.85
3139.81 -1927.15 5066.96
3148.33 -1916.84 5065.17
3156.51 -1913.24 5069.75
3156.13 -1913.75 5069.88
3156.12 -1911.92 5068.04
3159.33 -1910.12 5069.44
3158.57 -1911.94 5070.52
3156.7 -1913.03 5069.73
3156.5 -1911.66 5068.16
3164 -1910.99 5074.99
3155.81 -1915.41 5071.22
3163.15 -1908.71 5071.85
3161.46 -1912.81 5074.27
3154.79 -1913.03 5067.82
3156.09 -1913.7 5069.79
3145.92 -1918.16 5064.08
3152.99 -1914.16 5067.15
3150.06 -1915.38 5065.44
3152.8 -1915.04 5067.84
3150.64 -1914.22 5064.85
3148.36 -1915.2 5063.55
3152.41 -1916.77 5069.17
3149.14 -1917.06 5066.2
3155.46 -1912.86 5068.32
3155.71 -1913.54 5069.25
3149.86 -1914.81 5064.67
3149.07 -1919.48 5068.54
3161.74 -1905.84 5067.58
3148.67 -1911.15 5059.82
3156.57 -1912.15 5068.72
3158.45 -1910.8 5069.26
3157.21 -1909.5 5066.71
3156.5 -1910.47 5066.97
3157.72 -1911.01 5068.73
3158.08 -1909.51 5067.59
3143 -1921.27 5064.27
3159.42 -1910.73 5070.15
3155.97 -1911.26 5067.23
3163.52 -1904.68 5068.2
3161.17 -1904.98 5066.15
3154.11 -1914.29 5068.4
3159.14 -1908.18 5067.32
3153.17 -1911.15 5064.32
3163.25 -1907.92 5071.17
3163.94 -1910.51 5074.45
3167.63 -1907.59 5075.22
