0.407592 0.937409
0.407805 0.913589
0.413333 1.03066
0.415814 1.0767
0.418182 1.12199
0.421333 1.18884
0.421739 1.18884
0.421277 1.16725
0.421667 1.16725
0.421224 1.14629
0.42 1.10497
0.420392 1.10497
0.419231 1.06481
0.418868 1.04501
0.42 1.06455
0.419636 1.04527
0.417857 0.98817
0.418947 1.00696
0.417241 0.951296
0.416949 0.932971
0.415333 0.87866
0.415738 0.87866
0.414194 0.825627
0.413333 0.79068
0.413125 0.773406
0.412923 0.756325
0.413333 0.756325
0.411343 0.689493
0.412941 0.72255
0.415072 0.771611
0.413143 0.706879
0.414085 0.722896
0.413889 0.707042
0.414247 0.707042
0.415135 0.722582
0.416 0.73797
0.415263 0.70749
0.417143 0.752776
0.417436 0.752776
0.416203 0.708331
0.42 0.811085
