0.375565 0.470088 0.0643226 0.0899839
0.348292 0.502093 0.0504885 0.0989507 0.000175121
0.349498 0.488167 0.117659 0.0425873 0.002084
0.51716 0.348209 0.106643 0.0279672
0.394096 0.451152 0.115586 0.0375795 0.00158662
0.414271 0.434364 0.0975655 0.0537844
0.386354 0.4664 0.10589 0.0412188
0.347738 0.493756 0.111146 0.0473573
0.496817 0.344081 0.11028 0.0481193 0.000644321
0.462062 0.390108 0.103709 0.0439625 0.000149289
0.436651 0.40868 0.0937285 0.0597595 0.00105857 9.87315e-05
0.340916 0.50311 0.104659 0.051204 0.000109839
0.386472 0.460185 0.0498368 0.103383
0.492313 0.365797 0.0516598 0.0870216 0.00181736 9.84679e-05 0.00041789 0.000831848
0.465177 0.38668 0.0415062 0.105137 0.00126764
0.509274 0.372375 0.0345974 0.0832386 2.49865e-05 0.000262594 0.000109829 0.000113774
0.437619 0.404757 0.102327 0.0552948
0.483375 0.353349 0.100439 0.0614382
0.454129 0.377893 0.12163 0.0450506 0.00122161
0.450561 0.378529 0.0536302 0.117222
0.506096 0.343558 0.112743 0.0373301
0.481912 0.394117 0.0884135 0.0345042 0.000770875
0.386505 0.450174 0.103426 0.0595375 0.000129669 0.00016928 4.9327e-07 5.4458e-05
0.343571 0.481546 0.132809 0.0404985 0.000905685 0.00010016
0.492943 0.364275 0.0981525 0.0422242 0.00151669
0.487529 0.354908 0.113296 0.0405429 0.00289316 0.000715718 0.000110062
0.358916 0.510532 0.0886947 0.040457 0.00122822 0.000162529
0.393131 0.457822 0.0988076 0.0502364
0.405134 0.431223 0.0923986 0.0709661 0.000207515
0.366967 0.510165 0.0808844 0.0379313 0.00113395 0.00197668
0.370079 0.488841 0.101019 0.0360609 0.00292019 0.000319277 2.21282e-05 0.000468123 0.00021407
0.390506 0.493011 0.075734 0.0363642 0.00222865 0.00196264
0.483589 0.372053 0.0989917 0.0429476 0.00142764 0.000282092 0.000535757
0.505289 0.339828 0.0967243 0.0543792 0.00202416 0.000153932 0.000431614 0.000908309 0.000224535
0.48549 0.363749 0.0438211 0.102587 0.0011232 0.00230975 0.000503672 0.000148381 0.000167881 3.00837e-05
0.375004 0.497039 0.0366507 0.087913 0.000572602 0.000578688 3.78164e-05 0.00182683
0.357493 0.503244 0.103987 0.0319393 0.00324331 5.66474e-05 2.97879e-05
0.407724 0.4598 0.0881231 0.0441126
0.352432 0.501784 0.101319 0.04438
0.394947 0.45536 0.101257 0.0449238 0.0034362 7.84986e-06 5.25897e-05
0.375964 0.504686 0.0992353 0.0198856 0.000221382
0.436393 0.396934 0.111935 0.0544258
0.461558 0.38543 0.11426 0.038747
0.5028 0.363776 0.0938045 0.0370209 0.00194595 0.000280858 9.77786e-05
0.501388 0.357269 0.094142 0.0468906
0.527194 0.350288 0.087754 0.034472
0.343033 0.498481 0.116738 0.0391367 0.00225096
0.486611 0.37715 0.0929716 0.0364638 0.00654787
0.351402 0.461835 0.110651 0.0738279 0.0022792
0.465454 0.379937 0.114378 0.0397986
0.400936 0.474092 0.0977604 0.0246206 0.00258247
0.388836 0.448724 0.109807 0.0526199
0.490517 0.385988 0.0773764 0.0397659 0.00405816 0.00207468
0.463965 0.399016 0.103812 0.0309498 0.000704064 0.000664042 0.000818821
0.462873 0.406641 0.0994862 0.0301046 0.000757049
0.454442 0.383806 0.113797 0.0449289 0.00248283
0.479904 0.369119 0.106438 0.0443141 9.35684e-05 3.54018e-05 3.04676e-05 1.48896e-05 1.01043e-05 3.22633e-05
0.483583 0.360573 0.125213 0.0296671
0.50374 0.37457 0.0839982 0.0361029 0.000519047 0.000583285 0.00034282
0.475903 0.396322 0.096699 0.0288599 0.0016653 0.000318638 0.000151074 3.80933e-05 2.94099e-05
0.447903 0.372001 0.128319 0.0504397 0.0013269
0.383614 0.444507 0.134927 0.0361108 0.000795577 1.1147e-05
0.382068 0.479221 0.0980844 0.0370372 0.000901688 8.73167e-05 0.00121366 8.42632e-05 0.00110052
0.409491 0.456189 0.093877 0.0400698 0.000157025
0.401249 0.42459 0.128338 0.0424946 0.00227894 0.000432366 0.00034567 3.56993e-05 0.000176769
0.368027 0.492018 0.0753267 0.0638459 0.000746123
0.400908 0.475494 0.0955343 0.026697 1.35874e-06 0.000894716
0.375474 0.474099 0.102935 0.0464764 0.000564687 0.000124534 0.000133132
0.41079 0.457609 0.0787563 0.0516796 0.0011645
0.401851 0.436887 0.0860246 0.0738194
0.391505 0.467717 0.0933967 0.0473291
0.476811 0.373265 0.0869819 0.0617949 0.00102968
0.362675 0.503856 0.0930623 0.0404058
0.405025 0.45702 0.054005 0.0823228 4.87053e-05 0.0015782
0.423536 0.454159 0.0433731 0.0789324
0.314698 0.557886 0.0875512 0.039653 0.000171329
0.363728 0.483041 0.117946 0.0316079 0.00343482
0.378762 0.463569 0.130988 0.0264454
0.361984 0.52383 0.0778072 0.0351199 0.000451719 0.000143175 0.000469441
0.362614 0.488826 0.114969 0.0334241 0.000163522
0.352468 0.487723 0.116398 0.0433766
0.389641 0.477195 0.0948446 0.0381585 0.000128648
0.514074 0.343814 0.0996385 0.0414609 0.000767824
0.503178 0.351349 0.10583 0.0377958 0.00134672 0.000434296
0.499775 0.332993 0.124051 0.0406038 0.000421956 0.00197486
0.372843 0.480035 0.103486 0.0430457 0.00043676 9.86629e-05 3.71944e-05
0.399038 0.464034 0.0965797 0.0395415 7.43127e-05 0.000439106 0.000278095 1.36131e-05
0.398627 0.4536 0.111782 0.0332493 0.00204867 0.000692737
0.365143 0.500964 0.0991088 0.0338651 0.00054277 0.000343014 3.08312e-05
0.54292 0.316741 0.103002 0.0373366
0.497329 0.351953 0.0965427 0.0541736
0.523998 0.324723 0.103582 0.0452375 0.00245613
0.509872 0.370179 0.0839807 0.035969
0.509045 0.348403 0.110465 0.0320751
0.47109 0.400984 0.0951306 0.032796
0.512899 0.353197 0.100368 0.0335228
0.521896 0.109943 0.324109 0.0439993
0.496932 0.103273 0.373588 0.0255137 0.000684489
0.514813 0.0664477 0.381274 0.0372912 0.000169496
0.503084 0.0953097 0.363526 0.0379919
0.45898 0.12001 0.390262 0.0296967 0.000740524
0.0949485 0.483299 0.38278 0.038972
0.455791 0.120655 0.389165 0.0343198
0.470215 0.0937906 0.404764 0.0305211 0.000643739
0.128825 0.489498 0.335755 0.0446538 0.00114732 4.1839e-05 2.29213e-05 9.31489e-06 2.4453e-05 1.16076e-05
0.0730373 0.428586 0.463195 0.0339502
0.0889287 0.416259 0.467685 0.0253106 0.000478214 0.000204551 0.00066268 0.000220572 0.00016123 7.8581e-05 7.88025e-06
0.124047 0.437161 0.398283 0.038659 8.30125e-05 0.00117381 0.00022441 4.7443e-05 6.10659e-05 0.000171838 5.77759e-05
0.0980709 0.485106 0.386233 0.0284468 0.00136082 9.49582e-05 0.00048897 0.000163164
0.110933 0.483594 0.357274 0.0426571 0.00218224 0.00105916 0.000686607 0.000486031 0.000898076
0.47182 0.117932 0.369558 0.0394119 0.000513118 0.000542898
0.48049 0.088228 0.376613 0.054439
0.500436 0.369345 0.0829118 0.0463315 0.000778757
0.379887 0.497728 0.100188 0.0220425 0.000143172
0.497707 0.382802 0.0910109 0.0263881 0.00100709
0.365221 0.528234 0.0804049 0.0235121 0.0020219 0.000146522 6.77095e-06 0.000102744 0.000344402
0.352633 0.540597 0.074693 0.0311437 0.000690353
0.365304 0.488598 0.112292 0.0337417
0.508932 0.380184 0.0776957 0.0324724 0.000618132
0.462678 0.355411 0.133085 0.0469864 0.00101943 0.000401273 0.000101325 6.06791e-05
0.510703 0.34007 0.0954054 0.053509 0.000152108
0.495346 0.38176 0.0875539 0.0329592 4.98915e-05 0.000876534 0.000766872 0.000611962
0.485421 0.369118 0.036539 0.105611 0.00214213 0.000755085 0.000291077 4.77117e-05 5.43473e-05 3.77404e-06 5.51656e-06 8.437e-07 4.16952e-06 5.59961e-06
0.445648 0.40252 0.122148 0.0293898 0.000206187
0.497602 0.375346 0.104028 0.0228477
0.491538 0.398911 0.0774302 0.0320621
0.395978 0.475438 0.0982481 0.0291539 0.00117107
0.447191 0.417959 0.105398 0.0293901 6.16387e-05
0.480285 0.397826 0.102713 0.0191552
0.504877 0.373524 0.102021 0.0195758
0.351798 0.512698 0.0992651 0.0359401
0.378319 0.484058 0.10262 0.0350031
0.474463 0.375505 0.118289 0.0317435
0.451116 0.425641 0.0852646 0.0379208
0.48888 0.361459 0.10544 0.0442221
0.446229 0.425479 0.0883365 0.0399556
0.474061 0.385941 0.0349105 0.105055
0.519461 0.37747 0.0694958 0.0326065 0.00012205 0.000794227
0.449492 0.408443 0.0939718 0.0480637
0.479458 0.371759 0.118021 0.0296555 0.000959291 2.74066e-05 0.000119499
0.518659 0.379411 0.0809333 0.020996
0.396893 0.487525 0.0916094 0.0194497 0.00281477 0.000593341 0.00101811
0.363852 0.519898 0.101736 0.0134885 0.00102607
0.388753 0.491746 0.0898731 0.0295664
0.38511 0.476519 0.115015 0.0227381
0.491424 0.376978 0.098209 0.0328305
0.416822 0.439507 0.112162 0.0296758 0.000855158 0.000410044 0.000564118
0.419765 0.442547 0.101868 0.0320935 0.00242707 1.71589e-05 0.000872501 0.000221908
0.386409 0.506165 0.0870501 0.0191276 0.000120328 0.000839762
0.466058 0.388039 0.116169 0.0295543
0.49323 0.378948 0.0973021 0.0301059
0.494237 0.375635 0.105781 0.0243026
0.386337 0.504022 0.0801801 0.0280663
0.419991 0.477012 0.0735718 0.0293634
0.37381 0.486537 0.102953 0.0358007 0.000448974 0.000171283
0.39825 0.482062 0.0888077 0.0308513
0.486291 0.401893 0.0881214 0.0225772 0.000176428 0.000527898 0.000267533
0.415949 0.459708 0.0901983 0.0310344 0.00247243 0.000527092
0.363009 0.514601 0.0987545 0.0178428 0.00567949
0.413797 0.46858 0.0915214 0.0254123
0.50306 0.36099 0.105537 0.027733 0.00129502 7.46084e-06 0.00132668 3.61491e-05 1.15121e-05
0.515665 0.362767 0.0945271 0.0269971
0.46132 0.400507 0.103685 0.0325927 0.00189544
0.507267 0.366084 0.089157 0.0323035 0.0031041 0.00208414
0.504857 0.369238 0.0980296 0.0247789 0.00276115 0.000242255 6.74237e-05
0.490812 0.387836 0.0299152 0.0904425 0.000873679
0.501501 0.392389 0.0911157 0.0149002
0.450597 0.401711 0.124233 0.0234095
0.508429 0.377815 0.0951916 0.0183877
0.394184 0.471099 0.109734 0.0244329 0.000524138
0.380543 0.487877 0.10356 0.027982
0.403516 0.47845 0.0972804 0.0206205
0.394228 0.471203 0.101369 0.0310999 0.000270995 0.00040759 0.000420003 0.000778497 0.000127795
0.412747 0.43786 0.108765 0.0324084 0.00351799 0.00442842 2.05763e-05 0.000210842
0.422667 0.465186 0.0883801 0.0219354 0.00116563 0.000614998
0.41377 0.446732 0.104163 0.029169 0.00209483 0.00154364
0.371944 0.481644 0.118676 0.0257563 0.00170651
0.488024 0.371973 0.108153 0.0276368 0.00177627 0.00113313 0.00129964
0.458982 0.406656 0.106523 0.0277955
0.41416 0.433285 0.122394 0.0300082
0.413542 0.445529 0.107636 0.0332358
0.372654 0.484169 0.117382 0.0255085 3.93995e-05
0.408576 0.436996 0.123506 0.0249298 0.00314546 0.00122282 0.000189922 1.03405e-05 0.000590163 0.000634964 8.13328e-05
0.474211 0.397806 0.0913088 0.0321917 0.00206551 0.00148873 7.29915e-05 0.000273343 0.000290433
0.504437 0.372992 0.0954311 0.0258049 0.000382004 0.000109093 0.000769062
0.483809 0.375484 0.103809 0.036723
0.499728 0.389027 0.0841287 0.0243078 0.00205752 0.000585914
0.494276 0.368866 0.107466 0.029375
0.441961 0.426662 0.101904 0.0294387
0.472539 0.385634 0.11869 0.0231362
0.486904 0.391898 0.0977442 0.023454
0.448238 0.408212 0.115835 0.0275738
0.469351 0.388802 0.117004 0.0244863
0.451665 0.394178 0.122875 0.0306866
0.447173 0.393198 0.130323 0.0255466 0.00372574
0.470038 0.369793 0.129582 0.0236666 0.00395107 0.00151637 0.00112796
0.400064 0.451152 0.121096 0.027681
0.433116 0.454269 0.0895487 0.0230666
0.466802 0.404554 0.0959821 0.0326622
0.479921 0.380865 0.107212 0.0316298 0.000330436
0.450867 0.130954 0.391103 0.0267526 3.02172e-05 0.000289595
0.476215 0.118741 0.367829 0.0371474
0.475397 0.392347 0.104205 0.0258061 0.000616981 0.000525853 0.000504991 0.000100228 0.000424872 1.29481e-05
0.468821 0.406683 0.084734 0.036789 0.000139074 0.00200857 0.000519109 0.000174654
0.503817 0.372474 0.0990141 0.0184543 0.00412459 0.00135712 0.000275067 3.84041e-05 0.000354811
0.480907 0.366862 0.12411 0.0256706 0.000994779 0.000474026 0.000898255
0.497243 0.399246 0.0833587 0.0188405 7.44393e-05 0.00109801 2.3678e-05 7.33715e-05
0.443013 0.415748 0.117412 0.0223183 0.00118286 7.42125e-05 0.000198513
0.441753 0.430554 0.106286 0.0191662 0.000701372 0.000441701 0.000411432 0.00027976 0.000245127 0.000123868
0.431676 0.442026 0.103368 0.0225338 0.000271279
0.422958 0.450075 0.103139 0.0238152
0.385177 0.47438 0.122374 0.0177848 0.000153145 5.79951e-05
0.453814 0.383745 0.145935 0.015507 0.000953565
0.37774 0.467175 0.125161 0.0276542 0.00213907
0.453978 0.404829 0.1133 0.0250606 0.00162408 0.00119868
0.455661 0.410579 0.106527 0.0272099
0.502899 0.383166 0.0941222 0.019615
0.350794 0.490744 0.130635 0.0276858 2.91822e-05 5.1251e-05 1.57622e-05 1.53278e-05 2.38472e-05
0.429893 0.405664 0.12394 0.0368106 0.00221889 0.00094972 0.000380188 6.94359e-05 1.29258e-05 3.44892e-06 1.00259e-05 1.17167e-05 1.1425e-05
0.454123 0.405623 0.112215 0.0271154 0.000329219 5.26614e-05 0.00042866
0.480451 0.360108 0.123354 0.0360826
0.467201 0.382087 0.120781 0.0295372
0.444152 0.406643 0.115737 0.03254 0.000446847
0.45738 0.390031 0.136142 0.0153732 0.00107287
0.373709 0.50786 0.100056 0.0182836
0.372601 0.499297 0.101441 0.0263753
0.392134 0.477084 0.104423 0.0252528 0.000564691 0.000436466
0.39128 0.47004 0.102556 0.0348389 0.000480436 0.000693401
0.472315 0.412258 0.0932076 0.0216727 0.000240842 0.000173447 0.000107426
0.390341 0.456432 0.122298 0.0297735 0.00114101
0.358076 0.504858 0.117341 0.0189993 7.31589e-05 8.2096e-05 0.00022858 0.000109696
0.474285 0.388528 0.10763 0.0242056 0.000941752 0.00162284 0.00126873 0.00105852
0.381431 0.468512 0.124239 0.024825 0.000160175 0.000240227 0.000182713
0.388665 0.441103 0.151161 0.0130819 0.00248042 9.8758e-05 0.00203266 1.4071e-05 2.35506e-05 0.000246713 6.80049e-05 0.000482168 7.15046e-06 0.000195502 6.47424e-05 5.2288e-05
0.397135 0.46312 0.102885 0.0349031 0.0015114
0.444761 0.447086 0.0872492 0.0209021
0.40614 0.45276 0.111689 0.0294033
0.340847 0.532847 0.0218701 0.104419
0.471901 0.414025 0.0241857 0.089346
0.467186 0.393327 0.0188481 0.120263 0.000324936 2.45269e-05 2.68158e-05
0.465156 0.381985 0.126483 0.0263229
0.447639 0.415216 0.113383 0.0235597
0.436653 0.413443 0.131503 0.0180129
0.349983 0.512086 0.11849 0.0194363
0.406269 0.453273 0.111118 0.0293192
0.399912 0.470111 0.100937 0.0290298
0.423224 0.438771 0.107163 0.0305852
0.410189 0.465981 0.108161 0.0155902
0.421814 0.431536 0.111498 0.0336396 0.000592736 0.000870944
0.444616 0.396933 0.140661 0.0177898
0.435598 0.133336 0.402466 0.0255926 0.00181754 0.000840283
0.462807 0.39326 0.112706 0.0312244
0.473125 0.397169 0.10136 0.0280372
0.448756 0.409228 0.0988628 0.0417821 0.0013068
0.44807 0.411545 0.115782 0.0245463
0.416426 0.400973 0.153413 0.0291759
0.505878 0.393506 0.0878888 0.0126339
0.495203 0.372048 0.108764 0.0226397 0.00134581
0.430848 0.448746 0.088092 0.0322671
0.416971 0.445165 0.122927 0.0149359
0.4504 0.432409 0.0915474 0.0254138
0.401619 0.463097 0.115697 0.0179042 0.000130851 0.000230098 0.000630437
0.45563 0.379095 0.141804 0.0222762 5.79236e-05 0.000383761 0.000235817 0.000451142
0.422718 0.401373 0.144166 0.0300425 0.00136175 0.000121609 1.04656e-05 2.70789e-05 7.36986e-05
0.463142 0.390451 0.115472 0.0286746 5.13971e-05 0.00207788
0.386489 0.474563 0.10305 0.0285786 0.0048106 0.00114836 0.00122271
0.53515 0.34416 0.100592 0.0177489 0.000613788 0.000315026 0.00106725 1.89312e-05 0.000238479
0.455938 0.402802 0.114138 0.0251113 0.00102203 0.000364448 0.000369766
0.463507 0.116134 0.388274 0.0313436 0.00073601
0.140841 0.492137 0.351607 0.0137482 0.000541072 0.000366926 0.000561647
0.459382 0.139568 0.380208 0.0194553 0.00101414 0.000339506 2.75276e-05
0.473866 0.377482 0.12655 0.021287 0.000618863 2.89759e-05 8.28753e-05 3.6217e-05
0.429655 0.434114 0.11036 0.0254902 5.29043e-06 0.000371411
0.389873 0.470339 0.116834 0.0226635
0.382648 0.432287 0.148504 0.0336157 0.0024328 0.000155301 7.52048e-05 4.00825e-05 9.4417e-06 1.86925e-05 0.000191242
0.367654 0.500312 0.114225 0.0160137 0.000700024 0.000248496 0.000719126
0.497529 0.383436 0.0901758 0.0281244 0.000616103
0.479922 0.378232 0.104053 0.0336048 0.000304323 0.00119278 0.00175493 0.000500984 0.000261917 0.000134238 1.83486e-05 1.73119e-05 2.65556e-06
0.47525 0.407858 0.0903709 0.025284 0.00121982
0.501565 0.365664 0.101719 0.0283386 0.00264835
0.460576 0.412058 0.0898253 0.0329664 0.00124639 0.00168689
0.401561 0.46723 0.115057 0.0159555 0.000136777 5.95861e-05
0.383033 0.482628 0.10032 0.033427 0.000302442 0.000275723
0.42375 0.406756 0.11703 0.0524555
0.40792 0.461526 0.095575 0.0349335
0.362342 0.478814 0.115449 0.0432092
0.4127 0.45958 0.101039 0.0266798
0.414983 0.466711 0.0963125 0.0219446
0.421054 0.467117 0.0954095 0.0121055 0.00371623 0.000102078 0.000115934 6.25301e-05
0.41142 0.445421 0.119349 0.0237681
0.398882 0.465749 0.110981 0.0243794
0.420857 0.446282 0.10204 0.0303437 0.000332319
0.394392 0.46307 0.117938 0.023792 0.000200902 0.000304903 0.000150773
0.38685 0.466307 0.121068 0.0250576 0.000549508
0.371482 0.468949 0.130844 0.0279502 0.000416922 0.000356038
0.396038 0.437398 0.132505 0.0340208
0.386777 0.462579 0.121019 0.0260511 0.00353216
0.430619 0.435662 0.102814 0.0284414 0.00243303
0.433588 0.415515 0.126041 0.0239971 0.000470855 0.000353589
0.411547 0.434894 0.11772 0.0354119 0.00023719 0.000174133
0.387185 0.479988 0.101114 0.0316271
0.362618 0.494655 0.093539 0.0491664
0.354723 0.46169 0.142876 0.0369505 0.000192359 0.00281635
0.369129 0.47051 0.117836 0.0423933
0.379821 0.458847 0.142875 0.0174773 0.000765118 4.35431e-05
0.495625 0.363886 0.116263 0.0242202
0.524133 0.329501 0.121507 0.0248528
0.515886 0.324149 0.120784 0.0381582 0.000719736 0.000265192
0.486412 0.34287 0.143947 0.0261574 0.0003261 0.000112914
0.471967 0.405673 0.098481 0.0231102
0.490727 0.35724 0.118194 0.0328103 0.000959805 6.39859e-05
0.530337 0.343116 0.0959267 0.028886 0.000325601 0.000518636
0.484391 0.370282 0.106966 0.0318161 0.00159998 0.00476421
0.450908 0.382063 0.129501 0.0354957 0.00165683 0.000174996 8.37804e-05 5.32784e-05
0.377126 0.476021 0.109226 0.037297 0.000300947 1.53958e-05
0.484903 0.356653 0.131104 0.026356 0.0004105
0.469293 0.37906 0.127199 0.0242637
0.452314 0.397303 0.125625 0.0220493 0.000561983 6.75201e-05 0.00196058 2.03289e-05
0.372216 0.494173 0.113355 0.0201609
0.391785 0.481609 0.107751 0.0187238
0.445558 0.376603 0.142794 0.034843
0.483715 0.344551 0.126633 0.0450654
0.45441 0.403957 0.119861 0.0210016 0.000561675 6.28078e-05 0.000133729
0.465976 0.367745 0.14129 0.0249892
0.4586 0.384692 0.122163 0.0333011 0.00124363
0.430872 0.129074 0.388064 0.0516847
0.458315 0.387034 0.112877 0.0382138 0.000438471 0.000231227 0.00272659 7.40008e-05 8.2401e-05
0.456304 0.396398 0.107707 0.0363146 0.00169885 0.000224735 0.000616746
0.408387 0.449306 0.105578 0.0342853 0.0010931 0.000306185
0.380341 0.478588 0.108276 0.0283336 0.000223721 0.00269816 0.000875284 0.000185922 0.000380637
0.375447 0.495235 0.0996881 0.0264087 0.00314754 2.82546e-05
0.357836 0.487757 0.126095 0.0280843 0.000168654
0.361593 0.492498 0.121938 0.0229169 0.000535069
0.381899 0.466519 0.108502 0.0370694 0.00371393 0.00210575 0.00014805
0.448762 0.375799 0.124831 0.0489292 2.54007e-05 0.000421717 0.000861991
0.46999 0.375947 0.117085 0.0356055 0.000295458 0.000170608 0.000853975
0.477909 0.124161 0.36488 0.0325891 6.54095e-05 0.000362481
0.498976 0.13474 0.338827 0.0268111 0.000399074 1.30774e-06 0.000122535
0.497089 0.343375 0.116777 0.0392122 0.000321423 0.00287255
0.503308 0.336821 0.110305 0.0464368
0.522431 0.36184 0.0768857 0.0380902 2.3079e-05 0.000432765
0.461556 0.389712 0.119673 0.0280538 0.000897427
0.399482 0.438436 0.118137 0.0423216 0.000500762 0.000215964 2.43202e-05 0.000835683
0.389929 0.454101 0.122984 0.0281813 0.000270798 0.00233416 0.0011355 0.00100399
0.386621 0.452456 0.122338 0.0361727 0.0011915 0.00120981
0.397733 0.438513 0.125263 0.0377761
0.385568 0.46321 0.12335 0.0276084 0.00025505
0.362221 0.477365 0.122508 0.0362519 0.000901062 0.000218152 0.000341243 0.000119871 5.43208e-05
0.391643 0.475521 0.109688 0.0222325 0.000285831 0.000609272
0.397525 0.47037 0.109303 0.0217348 0.000109331 0.000259002 0.000134427 0.000518837
0.370856 0.498658 0.0879305 0.0411243 0.000677
0.387026 0.453931 0.118176 0.0386361 0.000575869 0.000592227 0.000730444 6.79595e-05 0.000207048
0.464361 0.394481 0.100023 0.0393216 0.0013045 0.000255926
0.481195 0.365991 0.115857 0.0349059
0.467054 0.384653 0.115391 0.0318365 0.000259378 0.000534334 5.59912e-06 0.000145631 2.22486e-05 6.89911e-05 7.99065e-06 3.83609e-06 3.53919e-06 3.7551e-06 9.27367e-06
0.463734 0.389216 0.127411 0.0191414
0.417124 0.422866 0.131318 0.0280752 0.000260541 0.000246767
0.38554 0.457106 0.124248 0.0306274 0.00170922 0.000715163
0.394352 0.472939 0.09806 0.0332397 0.000785034 0.000256624 0.000283334 5.87358e-05 1.46507e-05
0.368035 0.494275 0.0911322 0.0464674
0.397714 0.439593 0.130588 0.0300005 0.00136502
0.44709 0.366274 0.154133 0.0324481
0.414915 0.398631 0.137871 0.0479855 0.000480316 7.0177e-05 3.84683e-05 7.68684e-06
0.501825 0.365457 0.0923702 0.0395939 0.000697206
0.371269 0.462711 0.12137 0.0426881 0.0014905 0.000114318 7.94009e-05 0.000255811
0.405763 0.469979 0.0984711 0.020846 0.00291254 0.00173755
0.441075 0.386928 0.14833 0.0233342 9.0272e-05 0.000231067
0.486246 0.366414 0.117974 0.028487 0.000355401 0.000492041
0.452605 0.398867 0.0328823 0.111319 0.0027023 0.0015674 4.9692e-05
0.415243 0.440023 0.0320682 0.11116
0.389517 0.441563 0.142614 0.0263009
0.433611 0.43639 0.101055 0.0258902 0.00132344 0.000972173 7.7259e-05 0.000249756 0.000120219 0.000273456 2.2772e-05 3.9594e-07 8.24146e-06
0.435891 0.42717 0.124209 0.0115643 4.6198e-05 0.000293996
0.430397 0.15345 0.38756 0.0265952
0.134839 0.420742 0.402383 0.0396304 0.00234324
0.157082 0.439997 0.378087 0.0244897 0.000269513
0.122896 0.47762 0.367657 0.0299812 0.00140538 0.000347992
0.126827 0.444427 0.40789 0.0206796
0.412038 0.139556 0.419323 0.0268389 0.000254183 0.00169931 0.000215494
0.39931 0.109396 0.456733 0.0338077 0.000441478 0.000294869
0.148205 0.427591 0.391106 0.0329739
0.121456 0.407159 0.45279 0.0148248 0.00356047 0.000191593
0.135474 0.468605 0.368536 0.0261855 0.000543752 0.000488165
0.154265 0.460705 0.362937 0.0217997
0.117951 0.485061 0.38315 0.0138364
0.121675 0.411267 0.451868 0.0151389
0.394233 0.113024 0.462369 0.030065
0.428629 0.438039 0.110314 0.0218481 0.000415975 0.000607956 0.000111973
0.424463 0.406197 0.121281 0.0388258 0.00897365
0.417826 0.449696 0.106081 0.0246374 0.000316142 0.000417047 0.000575313 0.000177369 5.00503e-05 9.56269e-05 3.46673e-05 8.27551e-05
0.443111 0.433977 0.107563 0.015195 0.000152664
0.443097 0.404393 0.12142 0.0304628 0.000101012 0.000290454 9.98669e-05
0.423511 0.428201 0.133322 0.0144517 0.000389874
0.40002 0.449557 0.125651 0.0230335 0.000942881 0.000104533 0.000150351 0.000222913
0.418811 0.434314 0.118275 0.0263994 0.0018328 0.000367089
0.416518 0.433153 0.117813 0.0316157 0.000575959 0.000254481
0.418019 0.401462 0.159791 0.020551
0.410578 0.438736 0.123024 0.0269132
0.388301 0.470134 0.118462 0.0230974
0.436377 0.411774 0.129545 0.0217499 0.000499547
0.394973 0.445036 0.135314 0.0246738
0.401103 0.417425 0.149869 0.0316009
0.398863 0.43867 0.13737 0.024189 0.000470825
0.446155 0.400286 0.12442 0.0260869 0.000581054 0.00166629 0.000732818
0.44394 0.407195 0.11771 0.0309149
0.506877 0.355878 0.110899 0.0260124
0.380499 0.442643 0.148221 0.0278529 4.73997e-05 0.000650986 1.2074e-06 4.77755e-05 1.03201e-05 4.35651e-06 8.42431e-06 7.54383e-06 2.65946e-06
0.418292 0.418258 0.130642 0.0313977 0.000585686 0.000759736
0.406136 0.456175 0.11219 0.024808 0.000145167 0.000381011 0.000117371
0.363086 0.441974 0.168331 0.0257488
0.414928 0.46591 0.10509 0.011575 0.00150186
0.39594 0.445182 0.134789 0.0214961 0.000325482 0.000776646 0.00128026 2.63062e-05 0.000138609
0.438328 0.39161 0.155602 0.0142019 9.96432e-05 2.87468e-05 9.0309e-05 2.68304e-05
0.416553 0.422627 0.134556 0.0254432 0.000167229 0.000511951
0.402394 0.402115 0.160923 0.0342673 0.000197065 6.55533e-05
0.425476 0.414817 0.13986 0.0196369
0.366397 0.455309 0.154362 0.0206991 0.000892731 0.0010312 4.18613e-05 0.000806026
0.437134 0.387628 0.144099 0.0310307
0.484154 0.378681 0.11233 0.0234963 0.00119775
0.424255 0.387553 0.145222 0.042969
0.474776 0.390768 0.113009 0.0210047
0.429802 0.414623 0.12776 0.0276633 0.000136834
0.454433 0.394156 0.126101 0.025206
0.452034 0.414965 0.108511 0.0225973 0.000462977 0.000885044
0.461534 0.3671 0.135606 0.0347288 5.16118e-05 0.000934112
0.426054 0.40453 0.145465 0.0236296
0.515403 0.320585 0.141505 0.0211549 0.000826908 0.000225688 0.000258025
0.463491 0.359951 0.152627 0.0206085 0.00274681 0.00047266
0.427566 0.402787 0.143502 0.024868 0.000607709 0.000648315
0.464651 0.381244 0.121897 0.0305046 0.00143964
0.429292 0.381157 0.153693 0.0358468
0.39166 0.445563 0.135771 0.0270023
0.382601 0.460555 0.112991 0.0435365
0.382528 0.477507 0.114487 0.0251229 0.000279026
0.426714 0.409772 0.121326 0.0421457 4.05047e-05
0.46975 0.387905 0.114286 0.028003
0.470528 0.37658 0.12186 0.0306652 3.57999e-05 0.000294506
0.498193 0.337102 0.125601 0.0381167 0.00050123
0.477222 0.374608 0.117076 0.0286194 0.000495833 0.00155217 0.000260353
0.426279 0.390635 0.146972 0.035443 0.00063131
0.463443 0.366096 0.131337 0.0360984 0.00287853
0.391095 0.448101 0.124662 0.0359838
0.456616 0.383056 0.136554 0.0232084 0.000564144
0.490179 0.340804 0.137026 0.0259866 0.00502596 0.000675751 4.62124e-05 0.000184892
0.37676 0.438269 0.139589 0.0421453 0.00112453 0.00206601
0.383899 0.454958 0.13414 0.0268958
0.415261 0.430377 0.131417 0.0229379
0.480876 0.348924 0.131932 0.0381001
0.336235 0.504552 0.120662 0.0385363
0.460452 0.366991 0.157202 0.0151137 0.000241852
0.373964 0.46351 0.135302 0.0272227
0.474885 0.344106 0.142141 0.0387549
0.481728 0.323642 0.151712 0.0340456 0.00796668 0.000860702
0.345315 0.464442 0.147756 0.0423828 3.67119e-05 6.50428e-05
0.418563 0.406933 0.139387 0.0351166
0.375808 0.419251 0.148003 0.05493 0.0010444 0.000949903
0.398643 0.440184 0.123884 0.0352457 0.000614838 0.00140947
0.435447 0.386539 0.142409 0.0355953
0.461174 0.375173 0.132278 0.0306775 0.00064776
0.369865 0.440215 0.142677 0.0472422
0.490835 0.339128 0.142275 0.0275755
0.370594 0.453999 0.158201 0.015127 0.00111506 0.00020679 0.000233702 0.000399389
0.408943 0.408168 0.152266 0.0303997
0.427165 0.379612 0.166872 0.0205664 0.00527875
0.377046 0.468687 0.124933 0.0286065
0.403997 0.410406 0.151771 0.0321851 0.00133155
0.407733 0.385953 0.183249 0.0228896
0.391358 0.431079 0.142543 0.0342538 0.000326299
0.412196 0.41489 0.139685 0.0299882 0.00302045 6.28745e-05
0.399934 0.424171 0.151523 0.0193687 0.00316282 0.00143969
0.419491 0.397643 0.146702 0.0357624
0.394793 0.45047 0.131265 0.0231545 0.000290129
0.410599 0.428239 0.141615 0.018185 0.000202285 0.000403082
0.41426 0.432071 0.118928 0.0339072
0.396246 0.431575 0.153603 0.0185089
0.406281 0.42537 0.125202 0.0425309 0.000613688
0.417593 0.400177 0.133895 0.0478047 0.000515443
0.420459 0.38818 0.161022 0.030311
0.427574 0.154551 0.393046 0.0248256
0.440021 0.366259 0.159758 0.0333351
0.388297 0.461532 0.128352 0.0217903
0.38487 0.38452 0.194926 0.0356018
0.36932 0.474385 0.134874 0.0209564
0.411053 0.405362 0.158024 0.0254256 0.000111946
0.382305 0.415482 0.175164 0.026669 0.000367178 1.15978e-05
0.445361 0.35847 0.151401 0.0423211 0.00227063
0.45457 0.387302 0.121535 0.0362531
0.42723 0.375051 0.166078 0.0307461 0.000171389 4.50252e-05 0.000640472
0.403617 0.387274 0.176041 0.0330548
0.456634 0.367204 0.141466 0.0344616
0.432075 0.386157 0.157733 0.0237334 4.43181e-05 0.000162616
0.3485 0.490271 0.129757 0.0276451 0.00287333 0.000841386 5.24062e-05 4.01436e-05
0.470407 0.328476 0.16836 0.0315105 0.000177386 0.000106316 0.000526328
0.443611 0.368198 0.153497 0.0345457 2.54614e-05 5.9868e-05 2.52584e-05
0.355548 0.427742 0.186551 0.03015
0.349601 0.444928 0.173302 0.0318675 0.000295813
0.360651 0.471079 0.14078 0.0273691
0.414883 0.399262 0.16725 0.0185514
0.448756 0.361155 0.165889 0.0238755 0.000188688
0.333787 0.4463 0.182632 0.0372456
0.337427 0.444793 0.191187 0.026577
0.331945 0.466328 0.164466 0.03239 0.00297892 0.000741272 0.00110497
0.376489 0.429903 0.169517 0.0216627 0.00158401
0.355829 0.455254 0.154901 0.0297361 0.00193659 0.00137855 0.000635489
0.345928 0.455746 0.157679 0.0362255 0.00138755 0.00289883
0.316915 0.496263 0.162388 0.0203676 0.00124373 0.00152218 7.22525e-05 0.000173749 0.00036664 0.000213065 6.26678e-05 0.000140708 5.75458e-05 8.2668e-06 2.7774e-05 6.05091e-05 5.49877e-05 3.62603e-05 9.15017e-06 7.34338e-06 2.80223e-06
0.350994 0.44055 0.183371 0.0190941 0.000727147 0.000612763 0.000746031 0.00269511 0.000378998
0.365274 0.441454 0.167284 0.0152289 0.00890548 0.00181222
0.454185 0.358368 0.164822 0.0219101 0.000152692 6.71187e-06 0.000473046
0.408704 0.358785 0.200021 0.0317913 0.00053882 0.000125229
0.431222 0.161122 0.376934 0.0286522 0.000949845 0.000373324 0.000705252
0.442342 0.369225 0.161656 0.0267531
0.452934 0.362582 0.149578 0.0346289
0.471153 0.341535 0.158804 0.0282061
0.450996 0.331081 0.180602 0.0349809 2.75973e-05 0.00215357 0.000159366
0.457247 0.323059 0.188664 0.0245818 0.00317744 0.00304759
0.357517 0.420942 0.194473 0.0270407
0.493527 0.320049 0.159702 0.0267121
0.455481 0.374429 0.155555 0.0133187 0.0010884 3.12204e-05 1.73951e-05
0.472539 0.328279 0.182377 0.0166612
0.462741 0.367513 0.151018 0.0165382 0.00216298
0.44618 0.382193 0.148035 0.0234817 5.79793e-05 3.93244e-05 7.61694e-08 9.68029e-06
0.487553 0.333014 0.147124 0.0301343 0.00182257 0.000243742
0.438782 0.378538 0.155801 0.0267444
0.43085 0.389014 0.151832 0.0282823
0.448543 0.362124 0.160331 0.0237536 0.000363142 0.00207648 0.00154433 0.000638139 0.000398952
0.481589 0.351758 0.144161 0.0222848
0.471818 0.313269 0.181695 0.0327916 0.000225682
0.435856 0.349589 0.190614 0.0230018 0.000685038 2.06279e-05 6.43736e-05 4.43665e-05
0.423834 0.360756 0.19951 0.0137881 0.000745995 0.000989118 0.000183954
0.467575 0.34956 0.158252 0.0246078
0.431074 0.374465 0.164708 0.0283356 0.0013835
0.432644 0.37774 0.161602 0.0270522 0.000531945 0.000324981
0.326659 0.477323 0.143165 0.0526242
0.368478 0.45651 0.152792 0.0222155
0.492223 0.341339 0.147264 0.019126
0.351843 0.435827 0.197957 0.0136176 3.6298e-05 0.000693156 2.09911e-05 1.83896e-06 2.10688e-06
0.474496 0.343904 0.169016 0.0113323
0.440305 0.342375 0.194666 0.0223449
0.394288 0.416616 0.178117 0.0104458 0.000130109 0.000148251
0.463467 0.350202 0.160989 0.0226943 0.000982107 0.00162977
0.47302 0.319339 0.184995 0.022486 0.000159702
0.431323 0.308259 0.236441 0.0239703
0.369963 0.447144 0.160513 0.0222016 6.85186e-05
0.291518 0.444702 0.233973 0.026285 0.00290384
0.363773 0.410776 0.195882 0.029011
0.445447 0.34137 0.178278 0.0341156 0.000256814 0.0005046
0.45442 0.322995 0.215738 0.00564417 0.000765185 0.000188233 0.000196397
0.455669 0.360572 0.152139 0.0313773 0.000218637
0.436811 0.359241 0.173186 0.0306416
0.501484 0.32309 0.154237 0.0206839 0.000490772
0.481778 0.327683 0.174327 0.015836
0.368467 0.434923 0.173004 0.0222162 0.00074316 8.92762e-06 0.000409823
0.327715 0.480024 0.16647 0.0256505 1.81158e-05 8.67822e-05 3.38061e-05
0.438931 0.306441 0.213151 0.0388162 0.00204344 0.000103707 0.000503653
0.508431 0.319117 0.166002 0.0063975
0.463059 0.318324 0.201025 0.0174359
0.486896 0.179174 0.316434 0.015358 0.00199518
0.437363 0.225321 0.316266 0.0204333
0.454865 0.34631 0.178379 0.0173935 0.000994899 0.00103388
0.316686 0.461824 0.184017 0.0369271 2.85125e-05 0.000506046
0.481412 0.325527 0.177621 0.0148454 0.000372073
0.337027 0.439333 0.20556 0.0163553 0.00170216
0.375383 0.440378 0.157359 0.0258303 0.00017078 0.000316404 0.000180246 0.000116317
0.339239 0.468182 0.173142 0.0178979 0.00152053
0.441754 0.340656 0.191357 0.0250944 0.00102358 0.00010418
0.476186 0.338221 0.160267 0.0236648 0.00140896 6.44163e-05 3.36981e-05 0.000153965
0.501438 0.309836 0.159299 0.0286921 0.000489697 1.56791e-05 4.68247e-05 0.000179843
0.457022 0.331159 0.188444 0.0224459 0.000635499
0.351264 0.438408 0.190715 0.0188553
0.343722 0.476227 0.153814 0.0242761 0.000901899 0.00105932
0.368477 0.443331 0.173974 0.0136232 0.000126526 3.55498e-06 0.000414305
0.460344 0.325941 0.189119 0.0218423 0.00117108 0.00136276 9.71606e-05 2.10915e-05
0.453902 0.173937 0.346057 0.0231729 9.29554e-05 0.00109379 0.000810759 0.000802628
0.496494 0.165029 0.318001 0.0194555 0.00092039
0.449141 0.350977 0.169022 0.0281418 0.00145235 0.00117167 9.25696e-05
0.450153 0.32862 0.183505 0.0328367 0.00472811 5.7675e-05
0.41757 0.379278 0.18714 0.0159845
0.307462 0.504094 0.169814 0.0168653 0.00157744
0.300135 0.43652 0.24305 0.0198426
0.322391 0.444014 0.211116 0.020717 0.000503525 0.0011463
0.341081 0.448219 0.194533 0.0155921
0.401501 0.422297 0.139133 0.0330842 0.000161527 0.00142285 0.00226499
0.328794 0.479798 0.164561 0.0243321 0.000523947 0.000956905 0.000934293 4.77144e-05 4.83547e-05
0.463596 0.322858 0.194734 0.0180009 0.000690547
0.430696 0.334727 0.20439 0.0295829 0.00022979 7.72946e-05 0.000101987 0.000127024
0.45197 0.174691 0.344759 0.0277161 0.00071234
0.447697 0.351433 0.171169 0.0283029 0.00131004
0.44704 0.35885 0.167833 0.0259456 0.000323692
0.355068 0.447924 0.180019 0.0169147
0.35082 0.436275 0.195839 0.01674 1.45923e-05 0.000295542
0.34022 0.464815 0.166255 0.0269722 0.00126941
0.419335 0.375214 0.182854 0.0216383 0.000824787
0.380095 0.41214 0.187323 0.0172577 0.00135379 0.00137586 0.000416265
0.344767 0.453243 0.177966 0.0223575 4.05719e-05 0.00025408 0.000375192
0.311224 0.476238 0.184324 0.0251144 0.00290669 0.000175859
0.352418 0.466846 0.145733 0.0323393 0.00117298 0.00105604
0.370513 0.43711 0.165827 0.0223801 0.0020821 0.000403969 0.0016842
0.427304 0.355888 0.186717 0.0289076 0.000742941
0.417597 0.221826 0.331034 0.0290507 5.90891e-05 0.00041297
0.455207 0.33566 0.17604 0.0255163 0.00535712 0.000885932 0.000804202 0.000523952
0.425217 0.34741 0.196423 0.03084
0.444497 0.37874 0.149279 0.0236076 0.00350727
0.367027 0.450994 0.147557 0.0326859 0.000965127 0.000732658
0.428015 0.359237 0.167585 0.0418004 0.00255917
0.462588 0.328887 0.177703 0.0235441 0.00352823 0.00244963 0.000751325
0.46902 0.368491 0.123101 0.0382458 0.000120768 0.000364402 0.000543283
0.312481 0.45643 0.205825 0.0234105 0.000664013 0.000934781 5.77155e-05
0.307547 0.464334 0.187696 0.0375581 0.00247268
0.323673 0.478413 0.14425 0.0522886 0.00105015
0.449067 0.333757 0.186451 0.0298738 0.000321651
0.485193 0.340014 0.133844 0.0389703 0.00168461 1.64832e-05
0.438469 0.34837 0.176594 0.0303388 0.00447037 0.000742099 0.000601848 3.80774e-05 6.70896e-05 1.92231e-05 0.000105247
0.471397 0.322663 0.168572 0.0336211 0.00373364
0.466845 0.348087 0.154865 0.0301974
0.46804 0.320268 0.176125 0.0353946 3.89897e-05 0.00013018
0.446372 0.326577 0.185349 0.0359766 0.00514059 0.000283849 0.000300443
0.460168 0.332584 0.169631 0.0373485 0.000212893
0.459363 0.358272 0.141751 0.038617 0.00196112
0.339592 0.438899 0.183425 0.0378659 0.000171623
0.315057 0.473389 0.172752 0.0387795
0.452378 0.329275 0.184698 0.0321925 0.000507469 0.000729818 0.000135559
0.421847 0.357873 0.174969 0.0425798 0.0027264
0.355031 0.446293 0.159826 0.0387632
0.317083 0.477378 0.160994 0.0413666 0.000843859 0.00219499 2.51618e-05 3.88035e-05 2.28885e-05 4.55187e-05
0.337024 0.467157 0.145239 0.0486087 0.00142913 0.000363895
0.286367 0.486951 0.194959 0.0298493 0.0013365 0.00023723 0.00016092 8.80207e-05
0.34601 0.472398 0.139122 0.040732
0.286229 0.50943 0.166059 0.0379872
0.492239 0.328241 0.125594 0.0513377 0.000356361 0.0017873
0.47473 0.326673 0.168902 0.026161 0.000594813 0.0019809 0.000237943 2.20576e-05 0.000442941
0.454406 0.340879 0.168829 0.0334143 0.000992529 0.000668807 0.000322406
0.3273 0.459513 0.17032 0.0324651 0.00473113 0.00294452 0.00229981 0.000237388
0.316284 0.459856 0.183703 0.0332898 0.0011939 0.00515701 0.0003508
0.358503 0.4645 0.151989 0.0215491 0.000866894 0.000879747 0.000414701 0.000956067
0.314413 0.46278 0.172674 0.0432377 0.000746369 0.00317825 0.00292064
0.429415 0.35288 0.174672 0.0359001 0.00271581 0.00102994 0.000946882 0.00154284
0.470166 0.315581 0.169958 0.0416018 0.00168137 0.000609045 2.2208e-05 0.000265393
0.446927 0.327778 0.186177 0.0375515 0.0012693 0.000266405
0.443359 0.303222 0.20766 0.0406295 0.00294698 0.00180794 0.000164346
0.47865 0.306897 0.191453 0.0215976 0.00055607 0.000623706 0.000129569
0.441244 0.354079 0.157181 0.0456769 0.000259972 0.00151444
0.363792 0.438477 0.148054 0.0478065 0.00146241 0.000120876
0.335601 0.474461 0.162396 0.0201902 0.0037289 0.0029349 0.000633176
0.350036 0.445943 0.16122 0.0425285
0.362437 0.436607 0.163605 0.0371455
0.350116 0.44045 0.185648 0.0220285 0.00174563
0.33062 0.177447 0.454258 0.037675
0.174983 0.362647 0.43224 0.0268701 7.7242e-05 0.00312665
0.343776 0.213103 0.395533 0.0475692
0.338029 0.453546 0.172041 0.0363807
0.311981 0.464558 0.188265 0.0347811
0.383656 0.448959 0.142857 0.0245278
0.406314 0.381703 0.177964 0.0334583 0.000141401 1.84169e-05 0.000108493 0.000188349
0.44416 0.152626 0.351001 0.0501705 0.000657315 2.45539e-06 0.000880531
0.432402 0.334247 0.206225 0.0268164 0.000301964
0.426001 0.172982 0.368531 0.03243
0.43348 0.328893 0.185486 0.0505022 0.00035991 0.00101987 0.000257056
0.383927 0.432971 0.142105 0.0400958 0.000750132
0.438059 0.378542 0.160382 0.0220383 0.000954917
0.484955 0.337941 0.142298 0.0347475 2.70702e-05
0.379054 0.422037 0.164229 0.0339903
0.415057 0.378102 0.177258 0.0294383 7.26798e-05 1.25586e-05 5.25664e-05
0.460567 0.173758 0.335748 0.029719
0.438898 0.180888 0.364792 0.0138232 0.00156288
0.462728 0.172421 0.333682 0.0306689
0.422834 0.380362 0.168383 0.0283911
0.462498 0.338175 0.16731 0.0313831 0.000192155
0.41108 0.344284 0.206246 0.0345259 0.00370784 1.93379e-05 9.97655e-05
0.471881 0.178377 0.325571 0.0233911 0.000570698 0.000208214
0.473118 0.16803 0.322061 0.03666
0.435498 0.173441 0.356716 0.0340169
0.430934 0.332377 0.204326 0.0320122 8.19408e-05 0.000195928
0.437287 0.195351 0.328632 0.0386581
0.437951 0.349993 0.180623 0.0285062 0.00265052
0.46459 0.191283 0.30961 0.0338494 8.72478e-05 0.000271267 0.000178119
0.180972 0.427827 0.343151 0.038825 0.00268642 0.00207424 0.000902014 0.0011302 0.00095528 0.000527388 6.5676e-05 0.000566203
0.169749 0.439726 0.35306 0.0342738 0.000632993 0.000523651 0.000462327 0.000648514 0.00039679 0.000450255 6.16748e-05
0.20251 0.399796 0.372152 0.0243194 0.000590379
0.197679 0.340186 0.413095 0.0488469 4.59793e-05 8.71668e-05
0.17191 0.37318 0.419126 0.0347765 0.000961696 3.97883e-05
0.210773 0.398362 0.353327 0.034901 0.000921158 0.000160813 0.000916152 0.000579044 1.91741e-05
0.419944 0.200756 0.328306 0.0439453 0.00370235 0.00172895 0.000644019 0.000921943
0.219521 0.404395 0.339727 0.0339706 0.00100533
0.161108 0.338135 0.448301 0.0483116 0.000909889 0.00212783 0.000698991
0.176245 0.337879 0.449188 0.0343751 0.000276791 0.00112952 8.47366e-06 0.000550268
0.19049 0.36587 0.415484 0.0272288 0.000292386 0.000161175 6.35277e-05 0.000389645
0.171396 0.34083 0.460391 0.0239784 0.00166337 0.00126108 0.000349855
0.339415 0.20349 0.419864 0.0365321
0.365704 0.422429 0.16859 0.0425745 0.000398666
0.401863 0.373686 0.197089 0.0270498 0.000256579
0.43835 0.329435 0.182887 0.0454524 0.00217098 0.00168632
0.362918 0.407944 0.176976 0.0513532 0.000805345
0.352562 0.40862 0.202411 0.0336533 0.00254512
0.358515 0.421181 0.194956 0.0236216 0.000392085 0.00079593
0.44263 0.340724 0.173073 0.0420269 0.00150395
0.398507 0.374587 0.182822 0.0413834 0.00222626 0.000395573
0.415294 0.175288 0.362314 0.0464444
0.422346 0.3192 0.223389 0.0333261 0.00170131
0.407012 0.356727 0.195363 0.0406624
0.406183 0.350131 0.208412 0.032948 0.000870297 0.00123293
0.455235 0.339936 0.158774 0.0454457 0.000284501 0.000134945
0.382891 0.376102 0.192892 0.0480481
0.427723 0.376473 0.167602 0.0270887 0.000931946
0.391503 0.391195 0.179946 0.0350712 0.00218076
0.408848 0.366381 0.164536 0.0584886 0.00174426
0.450683 0.347262 0.173703 0.0275042 0.000761434
0.404943 0.38571 0.181573 0.0274493
0.378499 0.427567 0.174483 0.0189923 0.000447206
0.378396 0.407925 0.186464 0.0271999
0.346048 0.460347 0.173886 0.0178597 0.000271268 0.00146306
0.393383 0.382259 0.199047 0.0252606
0.458918 0.336956 0.16257 0.0415551
0.435269 0.347448 0.187606 0.0294966
0.390173 0.383365 0.194902 0.0313435
0.436811 0.373053 0.156474 0.0333438 0.000279821
0.432821 0.364175 0.162136 0.0405473 0.000233317 3.95572e-05 2.12046e-05 2.00468e-05
0.406388 0.35956 0.202892 0.030065 0.00103518
0.347898 0.428431 0.199887 0.0230873 0.000293602 0.000183058
0.42193 0.373403 0.173159 0.0300976
0.386128 0.393182 0.185554 0.0348678
0.405704 0.362746 0.195421 0.0351724 0.000324778 0.000299653 8.72834e-05 0.000126561
0.447752 0.18771 0.317591 0.045667 0.000166599 0.00107731
0.425122 0.188817 0.34343 0.0415899 0.000765145
0.422743 0.365009 0.186489 0.025534
0.422258 0.371673 0.176461 0.0295061
0.348201 0.433353 0.182404 0.0360392
0.402361 0.367663 0.203496 0.0251219 0.000202294 0.00111403
0.420736 0.379034 0.159803 0.0377436 0.000705112 0.000580146 0.000249413 0.000233374
0.416858 0.34985 0.188331 0.0422318 0.00175819 0.000945954 2.57934e-05
0.394647 0.411931 0.166166 0.0272263
0.34576 0.192822 0.419148 0.0417298 0.000262813 0.000201167 2.45926e-05 4.66989e-05
0.369474 0.17938 0.412529 0.0384912 9.41677e-05 8.10213e-07 9.52194e-06
0.373801 0.189366 0.397298 0.0394971
0.382212 0.397933 0.182857 0.0369905
0.375775 0.418623 0.158624 0.0469784
0.346458 0.386372 0.203975 0.0630033
0.406601 0.342763 0.203526 0.0463691
0.399637 0.374107 0.17338 0.0517939 0.000647212 0.000381315
0.363477 0.39793 0.189772 0.0485044
0.395513 0.387285 0.168005 0.0460847 0.00152987 0.000791614 0.000738581
0.375861 0.414436 0.153314 0.0558739 0.000459896
0.380846 0.211407 0.379861 0.0249929 0.000361626 0.0016657
0.174744 0.389902 0.395478 0.0391827 0.000680964
0.180774 0.369278 0.40062 0.047342 0.00186896
0.171648 0.394691 0.39867 0.0336193 0.00106498 0.000286926
0.199853 0.390449 0.349632 0.057627 0.00135546 0.000656129 0.000183369 7.76145e-05 0.000141359 2.19191e-06 7.81617e-06 9.86672e-06
0.187685 0.412614 0.350155 0.0484922 0.000799335 7.52536e-05 3.42715e-05 6.99081e-05
0.420329 0.176696 0.361859 0.0398752 0.000967327
0.176143 0.407437 0.378195 0.0382249
0.177628 0.418872 0.363485 0.0399223
0.184806 0.390022 0.382228 0.0429425
0.164531 0.431431 0.353509 0.0499185
0.454668 0.188911 0.304991 0.0466215 0.000661203 0.00109935 0.000292274 0.00173472
0.409015 0.201428 0.331672 0.0554262 0.000975818 0.00105643
0.376938 0.34882 0.202763 0.0708568
0.408321 0.359169 0.178719 0.053194 0.000504374
0.378457 0.416006 0.166441 0.0390904
0.348326 0.417615 0.1979 0.0307141 0.00148083 0.00110642 0.00283194
0.407772 0.358429 0.194219 0.0390703 0.000153567
0.342705 0.408033 0.203962 0.045155
0.437451 0.325706 0.189574 0.0471025 0.000135288 1.68113e-05 1.45918e-05
0.403282 0.198133 0.357918 0.0392801 0.000938482 0.000378089
0.395514 0.38116 0.181456 0.0417899
0.364575 0.395841 0.200965 0.0386047
0.350452 0.459189 0.160294 0.0300279
0.433601 0.353971 0.171679 0.0364508 0.00131731 0.00192248 0.00062346 0.000133741 4.41953e-05 0.000188991
0.459916 0.324507 0.175205 0.0341015 0.00392775 0.000556175 0.000983122 0.000111777 7.66658e-05 0.000346715 0.000102606
0.388427 0.347725 0.219042 0.0409923 0.000231355 0.0026773 0.000201787 0.000436315 4.04506e-05 3.94063e-05 7.66779e-05
0.411175 0.31725 0.212503 0.0579342 0.000557637 0.000330742
0.351112 0.396633 0.200914 0.0511676
0.347426 0.392645 0.222041 0.0375431 0.000275846 5.97307e-05
0.360305 0.422199 0.170831 0.0447098 0.00111361 0.000831701
0.324603 0.449534 0.185102 0.0407376
0.377837 0.417612 0.16361 0.0405186
0.360985 0.382896 0.195778 0.059317 0.000367522 0.000535855
0.334327 0.393441 0.238717 0.0334558
0.398953 0.370492 0.169156 0.060826 0.000183585 0.000196196 6.1923e-05
0.383828 0.399578 0.186598 0.028835 0.000941282 0.000152278
0.366278 0.394382 0.183978 0.0527658 7.43276e-05 0.000262924 0.002252
0.446988 0.319457 0.18835 0.0447039 0.000499919
0.397721 0.198631 0.338697 0.0633938 0.000864632 1.51665e-05 0.000642252
0.419001 0.336047 0.187309 0.0537043 0.00153841 0.00193405
0.443847 0.181845 0.343933 0.0302116
0.432123 0.309598 0.215376 0.041372 0.00142631
0.446769 0.341644 0.147297 0.0592303 0.0049885
0.383201 0.387389 0.193373 0.0342593
0.421954 0.330218 0.205481 0.0419433
0.416626 0.343234 0.198589 0.0395137 0.000829723 0.00110851
0.334687 0.434824 0.196174 0.0336467 0.000320979 1.74976e-05 2.98729e-05 0.000237126 4.50101e-05 5.11474e-06 2.12075e-06 4.8539e-06 4.02728e-06
0.370736 0.401206 0.198141 0.0293564 0.000341795
0.364116 0.383032 0.21642 0.0356731
0.342974 0.432489 0.183523 0.0401364
0.342595 0.374292 0.223755 0.0561953 0.000923896 0.000920335
0.43809 0.324158 0.202815 0.0332328 0.00102127 0.000521484
0.380925 0.387107 0.172967 0.0551223 0.000567231 0.000347469 0.000474573 0.00205607 0.000345253
0.390482 0.378065 0.200748 0.030527 5.11792e-05
0.42016 0.321436 0.218622 0.0391349 6.52044e-05
0.404691 0.362174 0.183926 0.0460915 0.000323698 6.94634e-05 0.00167204 0.000442432 0.00034154 9.88275e-06 0.000155674
0.404785 0.352619 0.20267 0.0376693 0.00209004 0.000135613
0.393741 0.381371 0.185465 0.0394219
0.403076 0.344238 0.212245 0.0402885
0.4017 0.200332 0.364642 0.0326369 0.000361139 0.00025334
0.405349 0.229027 0.331487 0.032484 0.000338293 0.000889674
0.430318 0.36602 0.159668 0.0435828
0.371449 0.364873 0.191188 0.071403 0.000417811 0.000533422
0.398403 0.390748 0.167337 0.0430037 0.000449106
0.345785 0.434773 0.174024 0.045384
0.355727 0.402395 0.20938 0.031171 6.67661e-05 0.0012611
0.360152 0.383295 0.2265 0.0300443
0.38158 0.39924 0.177666 0.0414676
0.408399 0.322431 0.222562 0.0462494 0.000353063
0.353089 0.382802 0.213691 0.050397
0.358274 0.42242 0.178534 0.040504 9.84118e-05
0.325531 0.423832 0.198204 0.0524323
0.373531 0.41568 0.175252 0.0355372
0.367073 0.401938 0.18682 0.0441628
0.368146 0.405639 0.185804 0.0391148 0.00116823
0.320975 0.42695 0.208998 0.037182 0.002076 0.000365995 0.003247 7.46572e-05 1.67787e-05 5.342e-06 4.82444e-05 5.87982e-05
0.349849 0.41805 0.187424 0.0428425 0.0016061 3.93577e-05 0.000189884
0.407699 0.379124 0.175098 0.0380769
0.360159 0.397732 0.177469 0.0646359
0.331664 0.215074 0.414405 0.038322
0.33529 0.186559 0.435905 0.0422385
0.399845 0.195808 0.362495 0.0418519
0.222307 0.330153 0.407746 0.039142 0.000528311
0.178397 0.387003 0.384365 0.0502053
0.19032 0.345959 0.426771 0.0356221 0.000753972 0.000249833 1.05328e-05 6.72288e-05
0.219076 0.382422 0.334738 0.0632963 0.000432183
0.18125 0.359373 0.413358 0.0444907 0.00144752
0.220202 0.364314 0.375676 0.0392703 0.000260151 9.72347e-05 5.28445e-05 1.55432e-05 9.72401e-05
0.17813 0.407614 0.3662 0.0459998 0.00122212 0.000499425 0.000277899 4.85959e-05 5.32867e-06 1.66124e-06 1.01135e-06
0.372905 0.215455 0.364032 0.045971 0.000903458 0.000706353
0.406326 0.348859 0.211592 0.0324022 5.25384e-05
0.420759 0.365232 0.184359 0.0295909
0.372339 0.367033 0.224085 0.028701 0.00251591 0.0039583 0.00135199
0.397279 0.36297 0.202904 0.0354942 0.000908192
0.341073 0.437527 0.193831 0.02543 0.00146513 0.000141286 4.34108e-05 0.000377493 0.00010938
0.401083 0.351905 0.214912 0.0297631 0.00201357
0.416485 0.365053 0.178242 0.0399736 0.000242888
0.396654 0.384016 0.192657 0.0266242
0.387167 0.359164 0.214147 0.0394019
0.33745 0.416397 0.194448 0.0516946
0.379233 0.169099 0.4221 0.0292345
0.32771 0.415267 0.224634 0.0323439
0.35944 0.330747 0.254522 0.0551917
0.341038 0.405047 0.191149 0.0602878 0.000579856 0.00135562
0.353344 0.401285 0.208245 0.0363464 0.000539875 0.00012908 3.92328e-05
0.367472 0.34678 0.218127 0.0654856 0.00206436
0.399088 0.33863 0.219707 0.0425428
0.420627 0.348581 0.193568 0.0367831 0.000440044
0.389252 0.357992 0.221779 0.0308969
0.384545 0.357224 0.219019 0.0392012
0.414928 0.372957 0.197356 0.0143089 0.00044531
0.407202 0.372407 0.205186 0.0143707 2.29115e-06 0.000289666 0.000511778
0.39054 0.374769 0.209325 0.0243985
0.354656 0.421592 0.190316 0.0329991
0.398075 0.341808 0.219831 0.0357494 0.00211706 0.0015709
0.384091 0.365709 0.21942 0.0302578 0.000499235
0.423938 0.336842 0.198611 0.0390077
0.369866 0.37108 0.213552 0.0453212
0.374336 0.351655 0.230847 0.0424221 0.000477633 8.50953e-05 2.8419e-05 6.41588e-05
0.35341 0.381481 0.227503 0.0366996 0.000670624 8.26978e-05 3.6387e-05 7.98857e-05 3.0805e-05
0.378521 0.384245 0.194978 0.04133 0.000262945 0.000289081 0.000335356
0.394269 0.37243 0.196083 0.0365908 5.82354e-05 0.000316219 0.000128457
0.348124 0.427735 0.17815 0.0445331 0.000653277 0.00067307
0.378708 0.385032 0.188541 0.0472861 3.26983e-05 8.49486e-06 9.45014e-05
0.421695 0.318479 0.229321 0.0297026 0.000415435
0.343062 0.384413 0.20324 0.0669103 0.00182202 0.000429565 0.000117381
0.340574 0.394231 0.188395 0.0767512
0.359027 0.388826 0.215009 0.0365441 0.000132182 0.00045498
0.366533 0.366682 0.209074 0.0566632 0.000126102 0.000827686
0.371136 0.378231 0.20286 0.0461637 0.000521813
0.357646 0.393211 0.190754 0.0529044 0.000351337 0.00278601 1.14109e-05 0.000175815 0.000963909 0.000623872
0.399007 0.357341 0.195695 0.0472923
0.386965 0.405213 0.171395 0.033803 0.0026113
0.384749 0.378361 0.181313 0.0555775
0.348787 0.21792 0.403258 0.0300345
0.397457 0.374981 0.201383 0.0261781
0.443658 0.344659 0.18462 0.0270299
0.351333 0.40552 0.2049 0.0382143
0.394638 0.364911 0.188057 0.0523936
0.38525 0.378497 0.18783 0.0472588 0.000135759 0.000223522 0.000798496
0.371841 0.383588 0.199347 0.0450708
0.35649 0.402858 0.200429 0.0401263
0.337876 0.41818 0.191606 0.051033 0.00121458
0.363363 0.393291 0.196332 0.0459069 0.000106926 0.000896518
0.362547 0.18802 0.404734 0.0431625 0.000153502 0.00138285
0.370336 0.361207 0.218622 0.0497184
0.363639 0.408293 0.197738 0.0301409
0.355913 0.384517 0.205971 0.0519475 0.000235851 0.00093955 0.000349872
0.415059 0.330007 0.204319 0.0497534 0.000742357
0.417156 0.348191 0.195474 0.0384128 0.000503595 0.000122781
0.402415 0.339255 0.217891 0.0386451 0.000995338 0.000226744 3.47101e-05 0.000286406
0.376307 0.378883 0.192289 0.0521565 3.17977e-06 0.000109154 7.03553e-06 0.000157509
0.352869 0.4074 0.195133 0.0433429 0.000657116 0.000355326 0.000231385
0.357259 0.395736 0.19322 0.0501904 0.00317054 0.000335805
0.372158 0.401449 0.190805 0.0355466
0.328362 0.415227 0.204447 0.051924
0.377322 0.391601 0.198087 0.032707 0.000237113
0.358331 0.403281 0.195501 0.0412094
0.411218 0.374074 0.170347 0.0435234 0.000662135
0.348589 0.391033 0.209075 0.0511435
0.40605 0.361172 0.188322 0.0419203 0.00132721 0.000712685
0.378189 0.368871 0.204505 0.0478645
0.379962 0.351198 0.225805 0.0413405 0.000408557 0.000727267 0.000205052 0.000196741 0.000136984
0.409606 0.355382 0.177847 0.0565385
0.375294 0.371331 0.2044 0.0487807 0.000138815
0.365426 0.382129 0.20337 0.0464108 0.0017381 0.000675615
0.383669 0.174003 0.388613 0.0531929
0.401839 0.198864 0.352887 0.0449215 0.000514763
0.386889 0.208386 0.352262 0.0517734 0.000199848 0.000406076 8.30514e-05
0.216026 0.411925 0.323858 0.0456242 4.83284e-05 0.00137596 0.000950173 9.97825e-05
0.383489 0.210095 0.355115 0.0511065
0.380022 0.243831 0.321485 0.0505867 0.00353642 0.000364177
0.414309 0.190547 0.349165 0.0459792
0.389885 0.206025 0.355187 0.0485164
0.382507 0.222179 0.352244 0.042886
0.202003 0.384378 0.364478 0.0485697 0.000478016 5.62799e-05
0.395091 0.185754 0.366798 0.0496013 0.00165249 0.000143458 0.000619633
0.377347 0.219381 0.354239 0.0439835 0.0015877 0.00152339 0.00158548 0.000163315 0.000141655
0.404633 0.338021 0.21239 0.0379791 0.000930878 0.000548054 0.000795523 0.000433855 0.00167483 0.000959283 0.000423545 4.60981e-05 0.000503175 0.000445801 3.47355e-05 1.45172e-05 6.33252e-06 8.83742e-05
0.422402 0.348643 0.188256 0.0382405
0.424842 0.322546 0.218315 0.0339267
0.391155 0.311306 0.251352 0.0427082 0.00227769
0.388167 0.384124 0.18385 0.0422586 0.00151859 3.25098e-05 4.63199e-05
0.368893 0.373784 0.209401 0.0414056 0.00498002 0.00143576
0.362463 0.366008 0.229205 0.0406874 0.000900879
0.380793 0.388137 0.189636 0.0409341 4.53217e-05 0.000389766
0.384908 0.353449 0.215073 0.0445646 0.00173564 0.000249795
0.369632 0.356436 0.232462 0.0414517
0.376733 0.375488 0.21737 0.0303957
0.355321 0.414089 0.186384 0.0430948 0.00111169
0.407669 0.359044 0.205034 0.0281164
0.354967 0.403461 0.195485 0.0460865
0.370324 0.377258 0.199253 0.0530766 7.39639e-05
0.311861 0.414003 0.222574 0.0514211
0.317545 0.428816 0.204291 0.0493469
0.373713 0.225092 0.370704 0.0304794
0.415272 0.207232 0.342667 0.0348186
0.240002 0.381933 0.351978 0.0258358 0.00023921
0.208033 0.370026 0.375995 0.0452781 0.000360619 0.000228078
0.224448 0.352827 0.38688 0.033869 0.000760371
0.20499 0.367601 0.395993 0.0313909
0.209465 0.414307 0.340772 0.0330654 0.00238982
0.22573 0.415428 0.318342 0.0398251
0.215766 0.391641 0.343372 0.0492214
0.433499 0.175961 0.33974 0.0497124 0.000451942 9.00374e-05 0.000272405 8.87287e-05
0.378776 0.21928 0.364767 0.0371328
0.392404 0.196882 0.378721 0.0319345
0.402673 0.362027 0.197118 0.0379467
0.432481 0.20099 0.33432 0.0320646
0.453858 0.308348 0.196593 0.0398788 0.00042581 0.000694724 0.000201472
0.439139 0.316194 0.184023 0.0605104
0.312039 0.457589 0.204204 0.0261404
0.370353 0.448865 0.154811 0.025208 0.000746959
0.320522 0.459581 0.180851 0.0388854
0.441689 0.321804 0.20116 0.0347707 0.000310996
0.350527 0.426909 0.194335 0.0260013 0.0021708 4.72851e-05
0.359618 0.428249 0.179945 0.032094
0.329883 0.422197 0.199915 0.047776
0.327638 0.461243 0.0311879 0.179639
0.325236 0.445361 0.188869 0.0394598 0.000640393 5.69308e-05 0.000210709 7.39967e-05
0.3494 0.41034 0.202675 0.0356773 0.00130823 0.000600164
0.436298 0.309534 0.212207 0.0419082
0.440126 0.352597 0.158731 0.048464 6.63714e-06 7.42865e-05
0.447353 0.312653 0.198648 0.0413451
0.415044 0.352433 0.179629 0.0527474
0.453367 0.312635 0.188799 0.0449054 0.000200074 2.82248e-05
0.38057 0.395666 0.191928 0.0309768
0.335824 0.418355 0.213111 0.0323261 0.000354435
0.313327 0.426829 0.214205 0.0432977 0.000946123 1.70275e-05 0.000272922 0.000506111 0.000480738
0.317883 0.450931 0.194713 0.0363433
0.343715 0.426203 0.185561 0.0406186 0.000884371 0.000901535 0.00201387
0.322201 0.164395 0.459002 0.0528999 0.000423492 0.000780095
0.3341 0.405575 0.215283 0.0449891
0.317514 0.45127 0.188996 0.03732 0.00319335 0.000284326 0.000135677
0.434536 0.320888 0.211807 0.032508
0.427303 0.336195 0.19245 0.0413325 0.000826664 0.00117159 0.000486029
0.44584 0.201759 0.290889 0.057984 0.0013575 0.0010648 0.000638531 0.000418662
0.48915 0.283529 0.186513 0.0386136 0.000517714 0.000711104 2.57814e-05 2.47473e-05 0.000559931 4.99042e-05 0.000185123 1.42186e-05 7.55964e-05
0.417958 0.341962 0.192947 0.0432812 3.24325e-05 0.00272808 0.00034524 0.00025452
0.38067 0.378137 0.207636 0.0266771 0.00323503 0.00121034 0.0022155 5.51043e-05
0.346036 0.444995 0.162446 0.0409464 0.0045316 0.00051654 6.92286e-06 3.96247e-05 0.000194502 0.000243225 2.13213e-06 1.55192e-05 4.12257e-07 7.78578e-06 2.993e-06 8.14109e-06
0.342517 0.42412 0.192271 0.0386698 0.000564182 0.000933494 0.000501645
0.314405 0.423727 0.208206 0.0496805 0.000990393 0.00224454 3.19228e-05 0.000169743
0.315914 0.458308 0.17999 0.0445138 0.000265446 0.000265469 0.000145365 1.21035e-06 0.000449997
0.33316 0.438536 0.186991 0.0378244 0.000951092 0.00116809 9.96456e-05 6.10318e-05 0.000907142
0.316941 0.453933 0.185807 0.0419764
0.339842 0.203218 0.429718 0.025444 0.000615942 0.000707517 6.46615e-05 5.25049e-05 0.000186611 8.73513e-05
0.178117 0.350366 0.432788 0.0373115 0.000485115 0.000486904 0.000176534 1.44789e-05 0.000101981 1.1383e-06 1.31612e-05
0.227278 0.443028 0.290368 0.0354207 0.000727059 0.000940342 0.0014549 0.00017001 0.000195262 1.80195e-05 0.000100578 0.000190185
0.205011 0.301981 0.450781 0.0397123 0.000398077 0.000250523 0.000395758 0.000445462 0.000591436 2.53137e-05 0.000173365
0.207359 0.295208 0.45536 0.0363609 0.00158007 0.00309271 0.000369112 0.000171768
0.19177 0.437977 0.335359 0.0344606
0.216138 0.393298 0.345641 0.0413345 0.00292116
0.164199 0.408082 0.37714 0.0449894 0.000497957 0.000278598 0.00171993 0.00182836
0.205305 0.303775 0.43662 0.0537597 0.000529962
0.210727 0.327843 0.417641 0.0433458 0.000432071
0.335406 0.184831 0.430944 0.0483138 0.000421328 8.02556e-05
