473
1
1
0
Pedi
0
304
159.7323 0
148.7936 0
164.7469 1
174.8896 1
185.4702 2
125.7175 2
154.0938 3
160.1703 3
176.889 4
148.9768 4
156.1856 5
144.4212 5
163.6206 6
158.183 6
104.321 7
106.2393 7
96.10886 8
119.2583 8
117.1743 9
164.5091 10
142.0933 10
135.8232 11
168.7146 11
138.887 12
109.7623 12
75.85836 13
107.7188 14
114.5918 14
152.8666 15
145.5822 15
127.9761 16
144.5553 16
148.485 17
153.8003 17
104.6345 18
107.3048 19
76.71631 20
140.0605 21
165.8806 22
79.385 23
155.0158 24
77.27205 25
108.3692 26
87.29315 27
157.2844 28
113.2555 29
142.3748 30
101.5295 31
144.2446 32
135.1333 33
102.1801 34
130.9893 35
130.196 36
86.70269 37
134.9234 38
139.0417 39
162.4259 40
138.3396 40
146.9525 41
163.7706 41
151.3433 42
169.8444 42
174.256 43
148.9839 43
150.0198 44
146.7367 44
179.7874 45
161.7084 45
154.5604 46
139.1216 46
135.255 47
124.2926 48
149.8003 48
155.8569 49
121.6657 50
155.6661 51
98.89696 52
115.573 53
111.6413 54
97.79828 55
203.445 56
200.028 56
159.7928 57
176.2398 57
130.8662 58
129.2748 58
183.498 59
208.4554 59
216.6911 59
162.5281 59
189.0812 59
195.2763 59
200.7063 59
201.0076 59
219.9434 59
167.1745 59
197.2903 59
93.23344 60
76.97432 60
157.4011 61
141.0024 61
152.9076 62
149.6819 62
116.7811 63
132.6665 63
146.6237 64
171.3929 64
127.3526 65
118.0852 65
138.4164 66
139.7415 66
170.9567 67
112.2026 67
138.3381 68
108.8023 68
135.8964 69
125.6081 69
145.2026 70
161.8745 70
147.9853 71
134.0553 71
160.2183 72
97.26804 72
140.9006 73
153.9941 73
138.5616 74
144.148 75
125.9353 75
114.65 76
147.977 77
147.2276 77
138.3407 78
101.5593 78
131.3503 79
153.7454 79
118.977 80
90.72572 80
136.4552 81
124.9209 81
108.1644 82
119.8392 83
127.8981 83
132.9378 84
101.4141 84
182.7879 85
141.9869 85
123.463 86
120.3744 86
156.7953 87
112.2132 87
154.4323 88
141.666 88
159.5464 89
157.2942 89
94.22114 90
159.362 91
150.0929 91
98.3783 92
108.4087 92
163.8514 93
156.4929 93
171.3153 94
170.824 94
104.271 95
134.3056 95
116.9934 96
91.68343 97
94.39596 97
136.0065 98
113.0736 98
163.961 99
172.8853 99
201.6774 100
194.3161 100
140.6092 101
109.1015 101
118.734 102
133.9093 102
113.8732 103
156.7616 103
104.2414 104
93.36022 104
142.8574 105
79.77321 105
94.02607 106
151.3077 107
118.4421 107
118.3981 108
125.6862 108
154.198 109
130.5389 109
142.1838 110
159.0505 110
59.5875 111
94.15819 112
126.5163 113
85.36501 114
130.0049 115
83.06173 116
63.77745 117
94.1077 118
119.7145 119
118.6148 120
156.8145 121
148.7878 122
114.8309 123
76.41805 124
105.4786 125
139.8228 126
139.2701 127
125.68 128
138.0173 129
79.79907 130
131.6225 131
101.3121 132
151.147 133
140.0581 134
113.4313 135
69.42904 136
98.24855 137
182.5904 138
202.5303 138
168.2239 139
138.3418 139
97.13198 140
100.6004 140
149.2434 141
177.8869 141
119.4147 142
142.4966 142
81.94831 143
119.6998 143
177.6371 144
176.1337 144
153.6251 145
127.5864 145
135.2244 146
135.2065 146
166.6198 147
161.4528 147
153.1695 148
153.3763 148
87.18838 149
115.6576 150
98.80386 150
84.47472 151
117.8547 152
79.7199 152
70.90743 153
114.6721 154
108.473 154
154.7114 155
145.6601 155
147.4486 156
162.9326 156
108.4574 157
149.9348 158
126.5832 158
94.4205 159
116.749 160
127.884 160
177.4631 161
166.6854 161
116.3879 162
169.6898 163
171.3906 163
127.4958 164
108.6082 164
144.8362 165
131.5076 165
138.1815 165
130.1284 165
82.30373 166
119.2469 167
101.5677 167
103.5036 168
130.8462 169
142.1768 169
110.7016 170
84.69161 170
156.3293 171
157.6272 171
136.2866 172
112.9259 172
141.3185 173
155.93 173
174.5469 174
177.2795 174
97.74918 175
121.6329 176
124.576 176
123.4556 177
130.6642 177
152.5363 178
146.6514 178
75.14613 179
91.04273 179
124.6676 180
108.588 180
134.3916 181
104.712 181
102.7242 182
57.92833 182
115.742 183
149.0568 183
107.5048 184
144.4587 185
143.9965 185
103.6792 186
106.0211 187
129.9927 188
147.0513 188
135.3524 189
128.8889 189
65.1082 190
136.1417 191
126.3443 192
175.6092 192
123.1589 193
129.4428 193
161.7561 194
141.0416 194
177.9067 195
187.1228 195
107.9617 196
84.71151 197
86.61861 197
165.7754 198
149.0564 198
128.012 199
119.2732 199
132.7052 200
134.4248 200
76.97914 201
137.2521 202
123.3334 202
178.3193 203
148.4956 203
163.9657 204
163.6498 204
128.6632 205
158.4502 205
165.9841 206
165.0539 206
142.2139 207
156.5138 207
168.8693 208
158.7076 208
179.5051 209
143.748 209
144.1741 210
142.4718 210
126.4439 211
119.7712 211
153.6304 212
139.8838 212
142.3027 213
157.5569 213
153.6841 214
141.1413 214
150.2016 215
147.3926 215
174.1085 216
113.8411 216
124.9337 217
126.5262 217
165.2353 218
140.7656 218
139.5098 219
105.0241 219
167.4359 220
130.6971 220
124.6183 221
115.4572 221
134.3536 222
117.2398 222
135.0773 223
126.5687 223
141.8264 224
138.1824 224
138.2284 225
117.1005 225
150.4357 226
151.5768 226
123.151 227
64.71456 227
99.27623 228
83.57259 228
77.50692 229
111.7663 230
113.8101 230
114.3137 231
99.02619 231
128.0103 232
110.1388 233
97.41112 233
82.78644 234
71.63869 234
152.8501 235
131.5076 236
101.1657 236
126.1693 237
75.06801 237
80.47247 238
94.88726 238
90.56528 239
80.69901 239
104.0061 240
128.9003 240
94.09945 241
116.4365 242
62.08707 242
91.60453 243
153.47 244
106.7946 245
94.78399 246
119.1159 247
161.5592 248
156.2479 249
123.6604 250
143.7477 251
143.4577 252
159.2859 253
120.0593 254
174.8857 255
101.5327 256
134.244 257
90.7628 258
134.0729 259
131.8015 260
155.9791 261
183.2074 262
141.7594 263
73.50739 264
128.6268 265
82.28602 266
114.5705 267
113.9781 268
163.8024 269
140.3615 270
158.1919 271
161.8011 272
60.31385 273
83.5981 274
122.5372 275
127.4888 276
90.87467 277
93.95041 278
125.8424 279
69.72151 280
113.694 281
111.7153 282
109.789 283
122.8668 284
84.45964 285
162.2654 286
113.451 287
114.7657 288
109.0361 289
136.0007 290
144.212 291
134.2007 292
85.10103 293
102.234 294
149.6866 295
123.818 296
115.7304 297
119.2162 298
142.182 299
121.6825 300
71.80009 301
139.9532 302
164.4591 303
