0.422201 1.9176
0.424186 1.96364
0.428182 2.05423
0.426667 2.00966
0.426957 2.00966
0.429787 2.07445
0.428333 2.03191
0.423673 1.90615
0.424 1.90615
0.426667 1.96724
0.425385 1.92708
0.42566 1.92708
0.424444 1.888
0.424727 1.888
0.427143 1.9451
0.428772 1.98268
0.428276 1.96412
0.427119 1.92747
0.429333 1.98178
0.427541 1.92812
0.427742 1.92812
0.426032 1.8757
0.4275 1.91025
0.427077 1.89317
0.428485 1.92695
0.431045 1.99378
0.431176 1.99378
0.430145 1.96108
0.428 1.89634
0.428732 1.91236
0.43 1.94407
0.432329 2.00685
0.431351 1.97577
0.431467 1.97577
0.43 1.93005
0.431169 1.96024
0.432821 2.0051
0.431392 1.96065
0.4315 1.96065
0.432593 1.98975
0.432195 1.97533
