0.999801 0.000180078
0.999912
0.999926
0.999994
0.999981
0.999838 0.000107304 3.2648e-05
0.999544 8.31242e-05 0.000362363
0.999557
0.999382
0.999991
0.999936
0.99998
0.999891 0.000104744
0.999791
0.999975
0.999998
1
0.999999
1
0.999945
0.999999
0.99954 0.000442393
0.999991
0.999961
0.999996
0.999983
0.999862 4.41677e-05 9.19042e-05
0.999191
0.999102 0.000509922
1
0.999896
0.999902
0.999992
0.999982
1
0.999976
1
0.999999
1
1
1
1
1
1
1
0.999995
1
0.999824
1
0.999995
1
0.999727 0.000260256
0.999973
0.999972
0.999999
0.999979
0.999544 0.000305723
0.999055
0.999895
0.999975
0.99981 0.000190118
0.999978
0.999834
0.999999
0.999995
0.999953
0.999737
1
1
1
0.999979
1
0.999999
1
1
0.999997
1
0.999998
1
0.999728 0.000101301 0.000170486
0.999994
1
0.999989
0.999968
0.999835
0.999946
0.999899
0.999997
0.999999
1
1
1
0.999687 0.000310576
0.999495 0.000501105
1
1
1
0.999997
0.999809
1
0.999742
1
0.99996
1
1
0.999986
1
0.999769 0.000209303 2.12737e-05
0.99982
0.998671
0.999899
1
0.999997
0.999998
0.999991
1
0.999994
0.999425
0.999987
1
1
0.999999
0.999993
0.999967
0.999999
1
0.999995
0.999883
0.999822
0.999955
0.999841
0.999783
0.999908
0.999963
0.999592 0.000337887 4.28092e-05
0.999936
0.999816
0.999531 0.000378861 5.15793e-05
0.999887
0.999708 0.000204735
0.999696
1
0.999983
0.999125 0.000872654
0.999907
0.999972
0.999928
1
1
0.999993 6.9621e-06
1
1
0.999999
1
0.999249 0.000170075 0.000507605
0.999871
1
1
0.999105 0.000894578
0.999999
0.999592 0.000398381
0.999996
0.999888
0.999933
0.999914
0.999997
0.99929 0.000709593
0.999351 0.000643983
0.999955 4.54344e-05
1
1
0.999588
0.999993
1
1
1
1
1
0.999999
1
0.999971
1
0.999998
1
1
1
1
0.999583
0.999939
0.999901
0.99963 0.000332631
1
1
1
1
1
0.999878
0.99908 0.000845663 5.75311e-05
0.999992
0.999678
0.999847
0.999486
0.99956 0.000439996
0.999853
0.999978
0.999985
0.999944
0.999789
0.999929
0.998827 0.000981748
0.999906
0.999993
0.999922
0.99928
1
0.999989
0.999999
0.999981
0.999998
1
0.999999
0.999951
0.999973
1
1
1
0.999966
0.999883
0.999796
1
0.999993
1
1
0.999975
1
0.999987
1
0.999997
0.999759
0.999999
0.999978
0.999999
0.999879
0.999891 9.43701e-05 1.47244e-05
0.999998
1
1
1
0.999998
0.999789
1
1
1
0.999991
0.999974
0.999934
1
0.999993
0.999999
0.999992
0.999999
1
0.999989
1
1
0.999943
0.999997
0.99991
0.999834 0.000151091
0.999802
0.999967
0.999893 7.70238e-05 2.42828e-05
1
0.999998
0.999822 0.000110121
1
0.999898
1
1
1
1
1
0.999994
0.999996
0.999993
0.999864
1
0.999999
0.999999
1
1
0.999998
1
0.999997
1
0.999433 0.000567423
0.999999
1
1
0.999858
0.999846
1
0.999962
1
0.999999
0.999997
1
0.999734 0.000265941
0.999521 0.000479065
0.999986
0.999993
1
1
1
1
1
0.99999
1
1
1
0.999998
0.999977
1
0.999976
1
0.999999
0.99999
0.999988
0.999972
1
0.999176 0.000823842
0.99997
1
0.999999
0.99999
0.999964
0.999131 6.64732e-05 0.000603705
0.999944
0.999888
0.999861
1
1
0.999996
0.999552 0.000439581
0.999829 3.2509e-05 0.000131953
1
0.999999
1
1
0.999923
0.999998
1
0.999997
1
0.999574
1
1
1
0.999942
0.999918
1
1
1
1
1
1
0.999619
0.999446
0.999655
0.999995
1
0.999977
0.999982
0.999907
0.999992
0.99999
0.999904
0.999741
0.999987
0.999833
0.999675
0.999958
0.999635 0.000297684
1
1
1
0.999999
0.999945
1
0.999999
0.999999
0.999758 2.20424e-05 9.17966e-05
1
0.99997
0.999849 0.000150048
0.999949
0.999073 0.000925816
0.999743
1
0.999998
0.99987 5.70246e-05 3.78194e-05 3.55036e-05
0.999955 4.38825e-05
0.999904
1
0.999999
0.999998
0.999926
0.99997
0.999719 0.000155624
0.999978
0.999933
0.999807
0.999889 9.29563e-05
0.999259 0.000709083
0.999783 0.000139729 7.67684e-05
1
1
1
1
1
0.999988
0.999991
0.999999
0.999904
0.999988
0.999864
0.999984
0.999926
0.999989
1
0.999892
0.999996
0.999548 0.000341881 5.07961e-05 5.77911e-05
0.999957
0.999804 0.00015879
0.999943
0.999956
1
0.999329
0.999197 0.00058208 1.81023e-05 0.000140512
0.998085 0.000984167 0.00073284
0.999877 8.23386e-05
0.999988
0.99995
0.999893 7.26441e-05 2.84369e-06 1.84488e-05
0.999849 0.000137757
0.999206
0.999987
0.999974
0.99987
0.999997
0.999998
1
1
1
0.999994
1
0.999999
1
0.999996
1
0.999953
1
0.999986
0.999991
0.999914
0.999748 0.000252049
0.999927
0.99946 0.000401744
0.999994
1
0.999654
0.999999
0.999981
0.999991
0.999987
0.999965
0.999841
1
0.99862 0.00137631
0.999997
0.999989
0.999416 0.000551992
0.999735
0.999993
1
1
0.999842
0.999951
1
0.99972 0.000278297
1
0.999976
1
0.999998
0.99867
1
0.999875
0.999915
0.999964 3.59223e-05
0.999999
1
1
1
1
1
1
1
1
1
1
1
1
1
0.999907 8.65339e-05
0.999723
0.999998
0.999859 0.000139207
0.999974
0.999784
0.99999
0.999178
0.999997
0.999999
0.999976
0.999999
0.999985
1
0.9999
0.999999
0.999999
0.99879 0.00115714
0.999155
1
0.999853
0.998975
1
1
0.999999
0.999988
1
1
0.999936
0.999698
0.999918
0.999996
0.999999
1
1
0.999835 0.000130753
0.999919
1
1
1
0.999973
0.99998
0.999408
0.999999
0.99962
0.999654
0.999628 0.000371474
0.999994
0.999974 2.22644e-05 3.47805e-06
0.999942
0.999774
0.999992
0.999817
0.99994
0.999772
0.999997
1
0.999939
1
1
0.999991
0.999972
0.999773
0.999964
1
0.999989
1
0.999514
0.999963
0.999896
0.999995
0.999936
0.999657 0.000334263
0.99979
0.999995
0.998948
0.999752
0.999914
0.999998
0.999999
0.999965
0.999989
0.999928
1
1
0.999944
0.999948
0.999983
1
1
1
0.999999
1
1
0.999994
0.999896
1
0.999992
0.999854 0.000145769
0.999904
0.999997
0.999999
0.999998
0.999973
1
0.999541 0.000456773
0.999999
1
1
0.999999
0.999996
1
0.999983 1.57739e-05
0.999998
0.999962
1
0.999237 0.000698812
0.999987
0.997885 0.001394 0.000666907
0.999745 4.80813e-05 0.000207102
0.999627 0.000334543
0.999894
0.99986
0.999932 3.75408e-05
0.999783
0.999875
0.999896
0.999933
0.999835 0.0001495
0.999811
0.999723 4.46777e-05 0.000158127 4.26318e-05 1.88314e-05
0.999941
0.99967
0.999997
0.999941
0.999853
0.999983
0.999999
0.999847
0.999514 0.000359914 0.000126224
1
1
1
0.999997
1
0.999953
1
0.999982
1
1
1
0.999983
1
1
1
1
1
0.999943
1
1
1
0.999552 0.000418712
0.999985
0.999998
0.999898
1
0.999424 0.000459175
0.999996
0.999996
0.999884
0.999996
1
0.999998
0.999999
0.999998
1
1
1
0.999999
0.999921
0.999982
0.999985
1
1
1
1
1
0.999999
1
1
1
1
1
1
0.999998
0.999908
0.999993
0.999987
0.999981
0.999897
1
0.999876
1
0.999928
0.999767 0.000209134
1
0.997129 0.00286875
0.999401 0.000571879
0.999736
0.99996
0.99983
1
1
0.999997
0.999999
0.999622
0.999388 0.000382719
0.999592 0.000404605
1
1
0.998836 0.00106507
0.999027 0.000755561
1
1
1
1
0.999588 0.000410827
0.999725 0.000196139
0.999874 0.000113359
1
0.999958
0.999861
1
1
0.999994
1
0.999997
0.999985
0.999982
0.999996
0.999309 0.000631121
0.99979
0.999997
0.999995
0.999999
0.999993
0.999576 9.26518e-05 0.000199561 6.91419e-05
0.999384 4.31395e-05 0.000286866
0.999729 0.000271102
1
0.999879
1
0.999935 6.45929e-05
0.999999
0.999933
0.999862
1
1
0.999994
0.999969
0.99988
0.999738 0.000225229 4.13943e-06 3.0959e-05
0.99988 2.32803e-05 9.17945e-05 5.36011e-06
0.999918 7.92759e-05
1
0.999651
0.999073 0.000927156
0.999997
0.998929 0.00106265
0.999355 0.000645129
0.999992
0.999993
0.999892
0.999999
1
0.999568 0.000424705
0.999867
0.999786
0.999822
1
0.999941
1
0.999997
1
1
1
1
1
1
0.999986
0.99998
0.999966
0.999601 0.000159876
0.999588 0.000400496
0.999904
0.999998 1.69118e-06
0.999856
1
1
0.999881
0.999995
1
0.999994
0.999926
0.999911
0.999869 0.000131107
1
0.999929
1
0.999991
0.999794
0.999997
0.999952
1
0.999997
1
0.999882 0.000113179
0.999646 0.000350386
0.999845
0.999989
0.999997
0.999898
0.999731 0.00019752
0.999303 0.00069682
0.999989
0.999998
0.999979
0.999929
0.999999
0.999996
0.999967
0.999984
0.999789 0.000207979
0.999701
0.999968
1
1
0.999985
1
0.999957
1
1
1
0.999344 0.000656257
0.999936
0.999861 0.000139295
0.999959
0.999988
1
0.99949
0.999997
0.999986
1
1
0.999854
0.999 0.000665314 0.000334655
0.999908 9.13867e-05
0.999888
0.999813
0.999976
0.999987
0.999958
1
0.999907
1
1
0.999995
0.999991
0.99963
1
0.999821
0.999858
0.999761 0.000152635
1
0.999107 0.000869063
0.999964
1
1
1
0.999972
0.999994
0.999997
1
0.999765 0.000154839
1
0.999993
0.999833 0.000129195
0.999668
0.999924
1
0.999981
0.99998
0.999921
0.999998
0.999271 0.000520037
1
1
1
0.999991
0.999152
1
1
1
0.999997
0.999974 2.6062e-05
0.999758 0.000237327
0.999995
0.999998
0.997754 0.00126992 0.000837027
0.999601 0.000398339
0.999998
1
0.999981 1.92586e-05
0.999996
0.999963
1
1
1
1
0.999501
0.999926
0.999908
0.999882
0.99991
0.999883
0.99999
0.999953
0.999852
0.999993
1
1
1
0.999822
0.999961
1
0.99999
0.99967 0.000326445
0.999993
0.999995
1
0.999981
1
0.99882 0.00118001
0.999997
0.999997
0.999371
0.999866
1
0.999585 0.000413921
0.99993
1
0.999953
1
1
0.999974 2.56495e-05
0.999828
0.999876 0.000123651
1
0.99994
0.999998
0.999996
0.999999
1
1
0.999999
0.999898
0.999321 0.000670677
0.999992
0.99964 0.000331911
1
0.999999
0.999995
0.999331 0.000669324
1
0.999926
0.999998
0.999547
1
1
1
1
1
0.999869
1
1
0.999946
