0.421578 0.37839
0.425366 0.449853
0.420952 0.332784
0.419535 0.28674
0.420909 0.309386
0.423111 0.353953
0.425217 0.397822
0.426383 0.41942
0.423333 0.334327
0.425306 0.376247
0.4272 0.41756
0.425098 0.356469
0.423077 0.296229
0.421887 0.256618
0.422222 0.256618
0.426182 0.353028
0.428571 0.410125
0.430175 0.447704
0.429655 0.42915
0.431186 0.465801
0.434667 0.55632
0.431475 0.466881
0.431613 0.466881
0.429206 0.396988
0.428125 0.362439
0.432615 0.482004
0.433333 0.498895
0.433433 0.498895
0.430588 0.416252
0.431304 0.432606
0.433143 0.481155
0.433803 0.497172
0.434444 0.513026
0.435616 0.544416
0.433514 0.482256
0.432533 0.451479
0.432632 0.451479
0.431169 0.406194
0.430769 0.39124
0.432911 0.450499
0.432 0.421141
