0.637522
0.805829
0.666285
0.158147
0.271958
0.392785
0.440434
0.440434
0.202405
0.202405
0.202405
0.202405
0.25337
0.25337
0.25337
0.0954745
0.0954745
0.156561
0.20068
0.20068
0.20068
0.20068
0.149728
0.276762
0.407225
0.511291
0.511291
0.511291
0.371627
0.371627
0.312898
0.312898
0.312898
0.312898
0.115918
0.115918
0.0993762
0.0993762
0.0993762
0.0993762
0.0993762
0.100993
0.100993
0.100993
0.100993
0.100993
0.100993
0.100993
0.100993
0.100993
0.131388
0.41766
0.239749
0.232175
0.232175
0.232175
0.737934
0.737934
0.737934
0.737934
0.737934
0.737934
0.426195
0.426195
0.426195
0.25019
0.0878088
0.0878088
0.0878088
0.0878088
0.111935
0.111935
0.111935
0.111935
0.111935
0.111935
0.111935
0.12422
0.12422
0.316831
0.0834019
0.223893
0.20669
0.651506
0.331387
0.331387
0.21431
0.21431
0.21431
0.046512
0.046512
0.215132
0.215132
0.181877
0.181877
0.181877
0.181877
0.101495
0.101495
0.101495
0.147309
0.0718361
0.0898596
0.135005
0.158925
0.0794624
0.0794624
0.392539
0.392539
0.112167
0.268277
0.268277
0.147118
0.147118
0.147118
0.147118
0.127712
0.127712
0.127712
0.127712
0.127712
0.134078
0.134078
0.122671
0.122671
0.0753044
0.33076
0.33076
0.483596
0.483596
0.483596
0.546949
0.7988
0.7636
0.7636
0.7636
0.525343
0.621838
0.621838
0.106032
0.106032
0.106032
0.358183
0.358183
0.358183
0.370055
0.025227
0.025227
0.025227
0.125069
0.125069
0.267635
0.267635
0.267635
0.267635
0.254178
0.214071
0.214071
0.214071
0.0886006
0.307945
0.420462
0.420462
0.502737
0.0935271
0.262428
0.162878
0.0956869
0.0956869
0.0956869
0.0956869
0.0759325
0.0759325
0.0759325
0.0759325
0.0759325
0.0759325
0.0759325
0.0759325
0.0759325
0.0759325
0.0759325
0.0759325
0.0759325
0.0759325
0.0943673
0.230585
0.230585
0.464832
0.464832
0.293712
0.0298802
0.0298802
0.0298802
0.0298802
0.0298802
0.646034
0.646034
0.286109
0.286109
0.286109
0.278021
0.0786683
0.475272
0.475272
0.496465
0.456952
0.41228
0.41228
0.41228
0.25182
0.25182
0.25182
0.25182
0.25182
0.134565
0.134565
0.134565
0.134565
0.145457
0.0407708
0.288427
0.0976491
0.0541307
0.0541307
0.267507
0.13533
0.152077
0.152077
0.147687
0.0931476
0.0931476
0.0931476
0.0931476
0.0427339
0.0427339
0.0427339
0.0821006
0.109813
0.109813
0.109813
0.395074
0.208021
0.208021
0.208021
0.136186
0.136186
0.136186
0.386812
0.052048
0.052048
0.052048
0.052048
0.23406
0.23406
0.287987
0.287987
0.287987
0.308058
0.308058
0.0498717
0.0498717
0.0498717
0.0498717
0.197497
0.197497
0.276639
0.479401
0.479401
0.479401
0.357742
0.357742
0.357742
0.357742
0.357742
0.357742
0.129723
0.129723
0.129723
0.129723
0.159132
0.159132
0.159132
0.18642
0.345124
0.0611896
0.0611896
0.0611896
0.0611896
0.0611896
0.139633
0.139633
0.164979
0.164979
0.164979
0.164979
0.164979
0.164979
0.164979
0.201574
0.201574
0.201574
0.201574
0.178172
0.13326
0.13326
0.13326
0.132674
0.132674
0.072837
0.072837
0.072837
0.072837
0.072837
0.0735172
0.0735172
0.047197
0.0650757
0.0650757
0.0650757
0.0650757
0.0650757
0.0650757
0.129666
0.166551
0.089348
0.220121
0.220121
0.220121
0.220121
0.220121
0.0808434
0.160234
0.160234
0.160234
0.353943
0.353943
0.353943
0.18197
0.18197
0.18197
0.18197
0.288231
0.288231
0.210365
0.210365
0.210365
0.192058
0.197333
0.189839
0.0882129
0.179002
0.308924
0.36423
0.168342
0.075411
0.075411
0.075411
0.294025
0.184468
0.184468
0.0451372
0.0451372
0.0451372
0.0451372
0.0870225
0.142576
0.147795
0.400973
0.400973
0.400973
0.33347
0.363313
0.575437
0.575437
0.34097
0.34097
0.344409
0.344409
0.371788
0.152848
0.217045
0.217045
0.0308755
0.0308755
0.0308755
0.352108
0.0905338
0.0905338
0.0905338
0.152049
0.413233
0.231905
0.231905
0.296613
0.296613
0.296613
0.296613
0.298465
0.185947
0.131497
0.131497
0.239637
0.239637
0.336255
0.336255
0.379551
0.379551
0.574847
0.574847
0.574847
0.574847
0.574847
0.419716
0.189391
0.292299
0.259332
0.0602996
0.0586968
0.0586968
0.0586968
0.295451
0.193268
0.193268
0.193268
0.193268
0.193268
0.0553696
0.0553696
0.0553696
0.377474
0.377474
0.377474
0.377474
0.43681
0.43681
0.43681
0.517826
0.507736
0.507736
0.507736
0.507736
0.676654
0.730287
0.730287
0.482964
0.29811
0.29811
0.29811
0.258473
0.319503
0.170134
0.170134
0.0508616
0.152554
0.152554
0.152554
0.165139
0.157709
0.0909307
0.173632
0.173632
0.173632
0.173632
0.207341
0.207341
0.207341
0.304962
0.304962
0.304962
0.290613
0.262943
0.262943
0.262943
0.385388
0.394099
0.394099
0.600315
0.313992
0.492503
0.492503
0.492503
0.18002
0.393805
0.224943
0.224943
0.224943
0.407144
0.407144
0.407144
0.247935
0.247935
0.236393
0.236393
0.286973
0.134483
0.0927001
0.360578
0.295996
0.0336597
0.0336597
0.0336597
0.0336597
0.0336597
0.0336597
0.0336597
0.0336597
0.0336597
0.0336597
0.0336597
0.0336597
0.0336597
0.0336597
0.0336597
0.358764
0.325301
0.325301
0.55654
0.55654
0.357023
0.461046
0.194089
0.194089
0.194089
0.194089
0.194089
0.194089
0.194089
0.194089
0.194089
0.194089
0.272446
0.272446
0.386267
0.270858
0.237294
0.144157
0.144157
0.144157
0.144157
0.144157
0.144157
0.144157
0.324942
0.398088
0.341003
0.341003
0.137247
0.138815
0.218651
0.218651
0.108893
0.108893
0.108893
0.216241
0.216241
0.216241
0.216241
0.216241
0.216241
0.216241
0.216241
0.216241
0.216241
0.216241
0.33088
0.186544
0.186544
0.0848173
0.0562694
0.178277
0.178277
0.178277
0.178277
0.178277
0.178277
0.178277
0.133886
0.133886
0.43966
0.43966
0.43966
0.43966
0.43966
0.43966
0.556843
0.556843
0.556843
0.556843
0.416157
0.416157
0.312899
0.312899
0.312899
0.312899
0.312899
0.22778
0.356903
0.336425
0.31818
0.31818
0.153333
0.084321
0.084321
0.117748
0.117748
0.207472
0.206906
0.28105
0.124274
0.124274
0.108235
0.0783368
0.258818
0.139455
0.139455
0.152904
0.130496
0.130496
0.130376
0.109168
0.145114
0.145114
0.345994
0.061162
0.061162
0.368194
0.368194
0.399151
0.399151
0.399151
0.586429
0.586429
0.586429
0.602852
0.79789
0.702618
0.702618
0.702618
0.456314
0.456314
0.0864639
0.280926
0.280926
0.287942
0.287942
0.229536
0.229536
0.229536
0.320122
0.325426
0.338252
0.338252
0.338252
0.125017
0.125017
0.125017
0.125017
0.125017
0.125017
0.125017
0.0523531
0.0529837
0.0529837
0.0529837
0.0529837
0.0403162
0.173497
0.138142
0.143191
0.143191
0.143191
0.214347
0.135279
0.135279
0.180617
0.180617
0.180617
0.180617
0.178024
0.178024
0.176625
0.149633
0.145911
0.145911
0.145911
0.145911
0.145911
0.145911
0.145911
0.145911
0.145911
0.145911
0.145911
0.031827
0.031827
0.031827
0.031827
0.031827
0.031827
0.031827
0.031827
0.031827
0.031827
0.154255
0.154255
0.154255
0.265645
0.119433
0.119433
0.119433
0.350599
0.15745
0.253466
0.4021
0.502074
0.502074
0.502074
0.707308
0.707308
0.4397
0.4397
0.26476
0.26476
0.12483
0.154588
0.133461
0.133461
0.258913
0.405849
0.405849
0.164106
0.164106
0.164106
0.268748
0.306614
0.164769
0.164769
0.164769
0.164769
0.164769
0.367697
0.0658078
0.0658078
0.169139
0.103605
0.103605
0.103605
0.0448104
0.246897
0.246897
0.246897
0.328587
0.32927
0.32927
0.32927
0.32927
0.32927
0.39496
0.630897
0.630897
0.589734
0.170222
0.170222
0.170222
0.182886
0.182886
0.410922
0.348546
0.348546
0.119478
0.117983
0.117983
0.611977
0.611977
0.561421
0.661704
0.244348
0.430489
0.0597018
0.0597018
0.318286
0.33457
0.240672
0.240672
0.240672
0.240672
0.240672
0.240672
0.153878
0.153878
0.165356
0.173231
0.173231
0.173231
0.173231
0.0995173
0.0995173
0.0995173
0.0995173
0.0995173
0.138003
0.138003
0.138003
0.259531
0.368628
0.802291
0.422068
0.0630372
0.0630372
0.173912
0.0848765
0.0848765
0.0848765
0.0848765
0.0848765
0.0848765
0.384112
0.241298
0.302976
0.302976
0.302976
0.25598
0.25598
0.478074
0.478074
0.0756905
0.0756905
0.0756905
0.0756905
0.161479
0.248427
0.248427
0.248427
0.248427
0.0988144
0.377476
0.377476
0.377476
0.377476
0.377476
0.377476
0.377476
0.377476
0.377476
0.377476
0.523585
0.523585
0.0902843
0.0902843
0.0902843
0.065832
0.065832
0.065832
0.065832
0.185008
0.185008
0.185008
0.334243
0.402701
0.364164
0.364164
0.364164
0.409005
0.409005
0.0414415
0.0414415
0.0414415
0.283606
0.283606
0.283606
0.310836
0.310836
0.310836
0.310836
0.108983
0.107048
0.107048
0.107048
0.107048
0.123497
0.123497
0.320527
0.252785
0.329261
0.329261
0.329261
0.313712
0.313712
0.0950644
0.0950644
0.0950644
0.0950644
0.0619799
0.122907
0.122907
0.122907
0.122907
0.122907
0.239151
0.239151
0.057458
0.111492
0.111492
0.274985
0.274985
0.139579
0.139579
0.139579
0.139579
0.139579
0.139579
0.194218
0.194218
0.194218
0.124228
0.124228
0.184263
0.184263
0.184263
0.184263
0.184263
0.178175
0.178175
0.178175
0.178175
0.178175
0.123599
0.200372
0.0386077
0.0386077
0.0386077
0.221633
0.554395
0.554395
0.536622
0.536622
0.536622
0.536622
0.536622
0.536622
0.343318
0.343318
0.343318
0.307451
0.307451
0.300369
0.281622
0.281622
0.281622
0.26956
0.277188
0.290509
0.0347425
0.284673
0.284673
0.258024
0.258024
0.258024
0.443094
0.220308
0.14058
0.14058
0.14058
0.14058
0.0584384
0.0584384
0.0584384
0.0903101
0.40392
0.209634
0.209634
0.40109
0.102379
0.102379
0.102379
0.337847
0.363924
0.363924
0.363924
0.403625
0.403625
0.403625
0.28594
0.399813
0.399813
0.168665
0.28057
0.28057
0.28057
0.0324698
0.0324698
0.0324698
0.0324698
0.0324698
0.0324698
0.0324698
0.0324698
0.0994044
0.0994044
