160.554 -0.0198015
160.097
160.097
160.289
159.35
159.35 1.53281 4.2783
159.35 -0.533848 1.2619
159.35
159.621
158.874
158.874
158.821
158.821 -0.250704
158.821
160.029
160.029
160.723
157.81
159.284
159.284
159.672
159.672 -0.164417
159.85
159.85
159.85
159.85
159.85 -0.510054 -5.60454
159.623
159.623 -2.55744
159.623
160.08
159.4
159.945
160.169
160.744
159.538
158.93
158.93
160.368
160.368
160.368
160.15
160.15
159.295
160.312
159.327
159.841
159.841
159.841
159.25
159.25
159.25 -2.02764
159.25
159.25
158.561
158.561
159.965 -3.66731
157.734
157.734
157.734
157.734 -5.27561
159.591
159.591
159.122
159.122
159.208
159.208
159.208
159.11
159.11
159.11
158.974
158.974
158.974
159.764
159.764
159.764
159.764
160.122
158.988 2.72979 -7.32624
160.064
160.064
158.643
158.643
160.099
160.099
160.099
160.099
158.239
160.256
159.326
159.326
159.142 2.20661
159.142 -0.175782
159.142
160.224
160.224
160.224
158.362
157.844
157.844
156.35
156.35
156.35
156.35
156.215
156.35
157.921 -3.76189 -0.903035
157.921
157.729
159.894
159.894
160.757
160.757
160.757
161.942
161.135
161.364
161.007
161.007
160.353
160.353
158.849
158.849
158.849
158.849
158.849
158.849
158.849
158.849
159.151
159.068
159.068
159.068
159.068 1.4827 0.498196
158.249
158.022
158.022 -1.14599 1.40331
158.022
158.022 1.15377
158.209
157.892
157.892
157.892 -1.20743
157.892
157.892
159.652
159.652
159.652
158.035 2.25647
159.9
159.9
159.9
159.9
159.329 -4.06088 2.1905
159.329
159.329
159.329
159.329 0.208741
159.329
159.329 -3.92285
159.329
159.329
159.329
159.329
159.329
159.329 2.53894
159.329 2.12444
159.329 -3.02755
159.329
158.435
159.514
159.514
159.514
159.514
159.514
159.514
159.514
159.514
158.395
158.395
159.812
159.812
159.561
159.561
159.555
160.893
160.207
160.15
160.15
158.311 2.78037
158.311
158.311
158.311
159.625
159.113
159.269
158.302 -0.0859525 3.21905
160.835
158.505
158.417
158.72
158.72 4.28452
158.72
159.071
159.071
159.071
159.071
159.071
159.071 -1.92877
159.071
159.071
159.825
159.825
160.652
160.652
161.33
160.788
158.977
160.075
160.048
160.734
160.734
158.489
159.189
159.189
159.189
159.189
160.119
160.058
160.058
160.058
159.507
160.333
159.584
159.584
159.584
157.635
157.635
157.635
157.635
157.237
157.237
157.237 0.067219 -2.81169
157.237
157.237
157.237
157.237
160.235
158.127
158.127
158.662
158.662
158.662
158.662
158.327
158.327
157.732
157.732
157.482
157.757
158.121
157.364
157.364
157.364
157.364
157.796
159.775
159.775 0.189716
159.775
159.775
159.775 7.62028 0.533946
159.775
159.102
158.907 4.87087
159.68
159.68
159.68
159.68
159.68
159.68
159.68
159.68
159.68
159.68
159.586
159.586
159.586
159.065
159.56
159.56
159.56
159.949
160.259
158.927
158.927 -1.69275
158.927
158.927
158.927
159.353
159.271
157.968
159.796
159.796
159.097
159.097
159.097
159.041 0.137687
159.041 -0.24528
159.041
158.94
159.638
160.591
160.591
159.632
158.921
158.921
158.921
158.921
158.921
158.921
158.921
158.921
158.921
160.236
160.236
159.948
158.323
157.787
161.463
160.988 4.16934
160.988
160.614
159.696
159.696
159.696
159.696 1.92315 0.260958
160.358
158.486
158.486
159.887
159.887
159.231
160.297 -2.62256
160.297 1.67173 -2.60261
160.543
160.543
159.455
159.455
158.696
158.696
158.311
158.787
158.787
158.787
158.787
161.135
161.007
161.007
158.544
158.544
160.091
158.436
158.436
158.28
158.28
158.252
158.725
158.725
158.725
159.956
159.956
158.574
158.876
158.876
158.671
158.671
158.882
160.257
160.257
160.257
160.257
160.257 0.442677
160.257
160.546
160.546
160.013
159.528
159.528
159.528
159.528
159.528 1.1605 1.3878
159.528
159.528
159.249 -0.0117422
159.249
159.676 -3.38812
160.073
160.676
160.676
160.003 0.207423 -2.18328 -3.21541
160.003 -3.9209
160.003
160.003
160.003
160.003
160.003
160.003
160.003 2.08543
160.003
160.187
160.374
160.374 -0.0151969
160.374 1.11091
158.598 -1.40328 -0.855813
158.712
158.712
158.712
160.663
161.696
161.696
161.696
161.083
161.069
158.781
158.667
158.667
160.729
161.209
158.177
158.177
159.637
159.637 1.35075 0.83926 -1.21436
159.637
159.637 5.80533
159.637
158.503
158.503
159.298
159.852 -4.48712 0.291195 2.10154
159.281 0.00781963 -0.402628
159.281 4.87814
159.281
159.281
159.281 2.49624 -3.56983 3.84028
159.24 -7.8703
158.876
158.876
159.582
159.582
159.582
159.582
159.582
160.185
160.185
160.185
160.185
159.272
159.272
159.272
159.014
159.014
158.163
158.163
158.163
158.163
159.259 2.06637
159.259
159.259 0.716801
159.484
159.484
159.002
159.092
159.213
159.201
158.087
158.087
158.087
158.087
158.087 0.180318
158.087
158.087
158.087 0.269777
158.087
157.723
158.158
158.158
158.158
158.258
159.51
159.51 2.53514
159.595
159.595
159.51
159.51
159.51
160.34
159.685
159.685
159.685 -1.68616
159.685
159.685
159.685
160.466
160.466
159.184
159.184
159.54
158.843
158.843
158.843
160.121
160.121
160.121
160.121 -2.13333
160.121
160.121
160.121 3.0575
158.446
158.446
158.446
161.393
160.656
160.656
160.656
159.619
159.619
158.98
158.98
159.828
159.159
159.563 1.50502
159.563
159.563
159.505
159.505
160.802
160.802
159.723
160.402
160.402
160.326
161.148
161.148
161.148
159.992
159.992
158.937
158.937
160.194 4.00146
160.194
160.194
160.194
159.376
159.376
159.376
159.376
160.633
159.677
159.677
159.677 7.91494
159.773
159.773 -1.08008 0.342096
159.773
159.773
159.773
159.773
158.855
160.653
160.653
160.778
160.701
160.701
160.701
160.466
160.466
160.413
160.172
160.172
159.872
159.267
158.936
158.936
158.936
158.936
158.936
158.855 2.31549
158.855
159.624
159.624
159.624
160.032
161.187
161.462
160.434
160.434
160.555
158.864
159.485
159.485
159.485
159.472
158.812
160.067
159.622
159.392
159.542
160.83
159.951
159.951
159.951
158.431
158.431 1.46643
157.898
157.715
161.051
160.365
160.365
160.365
160.365 -7.65245
160.365
160.365
160.365
160.155
160.155
159.731
159.695 -0.755891
159.695
159.695
159.825
159.825 -0.130755
159.825
159.825 -4.58713 1.73706
161.184 -3.05191 -0.166059
160.953 1.70679
160.953
160.953
161.877 -0.220502
161.877
161.877
161.877
162.328
160.538 2.61674
160.538
159.009 4.95349 1.45181 -3.46575 -0.525792
159.009
158.786
160.583
160.455
160.455
160.455
160.455
160.455
160.455 -0.996971 1.59785
158.799
158.799
158.799
159.964
157.892
157.892
159.35
159.141
159.141
159.512
159.512
159.512
159.512
160.692
160.692
160.692
160.692
160.692
160.692
160.692
160.692
160.883 -1.56122
157.71
158.493
160
160
160 -1.17035
160
158.92
158.92
159.784
159.299
159.299
159.299
159.299
159.299
159.299
159.299
159.299
159.299
159.299
159.299
159.299
159.299
159.299
159.608
159.608
160.413
160.413
160.413
160.413
160.413
160.221
158.573
160.585
160.585
159.768
160.33
160.265
160.265
160.265
159.726
160.816
160.816
160.106 0.117936
158.807
158.807 -0.893133
158.807 -6.06119
158.807
159.129
159.143
158.774
158.774
158.774
158.774
158.774
158.774 -0.944743
158.004 -1.27452
158.817
158.817
158.817 3.26266
158.817 1.92551
158.817
158.696
160.272
159.881
160.62 2.97076
160.62 -0.48302
160.973 3.40805
159.052
159.052
159.413
159.534
159.534
159.301
160.237
160.237
160.237
160.237
159.045
159.929 3.96476
159.929
160.087
159.219
159.229
159.229
159.321 3.27628 -0.136869 5.90157
159.321 3.48987 0.290353
159.321 0.617593
159.321
158.174
160.13
158.738 -0.128814
160.679
160.743
158.632
158.272
158.272
158.272
158.272
158.272
158.272 -1.69833 -0.952678 4.19797
158.272 -0.174289 -2.11288 2.8478
158.728 -1.3572
160.544
159.378
159.439 -2.85013
159.439
159.439 -0.361505
159.439 1.41934
159.802
159.802
159.802
159.802
158.762
158.542 0.727319
158.542
158.542
158.173
159.278
159.278
159.278
159.278
159.278
159.278
160.124
159.399
159.399
158.683
160.062
158.827
158.827
160.636 -0.626255
159.919 0.473995
160.792
160.792 -1.2575
161.618
161.058
159.629
159.629
159.629
159.629
159.629
159.629
159.629
159.629 -1.82834
159.629
159.629
159.629
159.629
159.952
159.952
159.772
159.772
159.772
159.772
159.772 0.383417
159.772 2.04025
159.772
159.772
159.772
159.772
159.772 3.22219
160.813 4.0295
161.205
158.063
160.674
158.696
158.696
158.696
158.696
158.696
159.4 0.68405
160.526
160.534
160.534
160.534
160.534
160.534
160.534
159.179
159.179
160.048
160.695 -2.66275
158.69
158.69 -2.70629
158.69
159.6
159.765
159.765
159.765
159.765
159.292
160.287
159.966
160.817 -5.39093 0.682119
159.84 0.476607
159.84
159.84
158.306
158.621
158.37
158.476
158.592
158.592
158.736
158.687
159.619
159.619
159.479
159.479
160.086
159.538 -6.09936
159.538
159.538 -0.883773
159.418
159.132
159.739
159.739
159.739
159.739
159.739
159.739
159.739 -2.08364
159.739
159.739
159.739 4.1115
159.739
159.739
160
160
160
160
159.611
159.49 1.55114
160.735
159.387
159.387
159.387
159.387
159.387
159.387
159.387
159.387
161.214 -1.60596
160.428 4.22759
160.428
160.335
158.294 2.9654 -1.78257
158.117 0.245578
158.527
158.527
158.527 -2.08441
158.896
158.896
158.896
158.896
158.896
158.896
159.423
162.424
159.591
159.591
158.364
158.364
158.364
158.674
158.674
158.674
158.674
158.674
159.697
159.017
159.382
159.053
158.857
159.65 0.340887
160.092
159.091
159.091
160.531
160.531
160.531 -4.80902
160.531
160.531
160.311
160.311
160.311
160.311 1.16952
158.304
158.422
158.597
159.602
159.588
159.588 1.95228
159.588
159.588 -5.25237
159.588
159.588
159.588
159.588
159.588
160.73
160.73
160.73
160.73
160.73 -3.34759
159.02
159.245 -0.392073
159.245
160.401
160.401
160.401 -0.449914
160.401
160.401
160.719
160.223
158.548
159.324
159.324
159.324
158.597
158.597
158.597
159.759
160.145
