1425.57
1388.27
1428.15
1365.82
1419.1
1369.05
1295.17
1284
1343.65
1400.77
1440.6
1349.64
1395.78
1308.19
1383.1
1349.89
1306.4
1350.79
1332.32
1356.62
1437.39
1388
1362.75
1411.81
1471.87
1390.21
1372.35
1420.34
1377.35
1423.63
1387.84
1330.41
1390.22
1414.44
1363.51
1375.93
1422.48
1317.07
1376.04
1343.85
1308.25
1309.76
1433.62
1386.78
1385.57
1397.77
1352.98
1324.01
1347.9
1343.27
1360.03
1368.22
1458.64
1373.81
1394.24
1418.12
1421.31
1404.47
1422.06
1394.7
1326.92
1318.07
1358.69
1405.81
1304.47
1351.66
1343.38
1396
1399.52
1458.28
1349.86
1345.62
1294.54
1397.96
1400.89
1417.38
1459.33
1367.34
1373.49
1350.6
1327.39
1299.75
1357.6
1365.7
1360.08
1326.75
1294.51
1418.74
1379.09
1383.28
1415
1433.68
1372.15
1407.17
1316.53
1362.34
1326.23
1345.1
1322.8
1362
1349.2
1430.03
1379.6
1409.53
1407.93
1353.52
1345.89
1321.01
1424.28
1374.53
1297.19
1367.5
1418.74
1413.51
1448.12
1361.13
1361.13
1442.52
1394.22
1371.14
1387.16
1387.15
1346.45
1398.94
1344.3
1408.83
1397.4
1367.93
1384.7
1367.71
1292.48
1334.46
1317.71
1362.66
1374.77
1340.11
1454.21
1391.51
1412.07
1407.16
1368.09
1351.19
1461.31
1306.06
1365.39
1339.11
1384.64
1353.28
1456.16
1325.15
1346.26
1371.43
1383.94
1350.94
1354.64
1283.83
1291.13
1422.8
1405.08
1420.63
1391.51
1356.84
1319.82
1344.22
1417.34
1324.9
1394.29
1340.8
1381.94
1366.49
1332.37
1361.1
1497.76
1312.16
1432
1379.68
1379.09
1315.23
1354
1395.22
1389.28
1270.33
1403.43
1344.9
1372.3
1379.52
1381.74
1383.76
1344.33
1378.75
1428.06
1351.32
1315.9
1345.58
1280.79
1358.15
1446.61
1362.62
1417.1
1403.51
1423.45
1357.42
1399.92
1418
1392.44
1382.69
1402.75
1317.62
1439.44
1370.52
1368.19
1442.72
1465.81
1447.94
1331.05
1359.52
1448.99
1300.55
1368.97
1363.14
1336.64
1463.11
1409.23
1351.39
1432.95
1323.5
1359.75
1369.28
1390.84
1323.45
1466.26
1399.32
1378.07
1436.74
1418.54
1467.93
1391.54
1397.38
1341.68
1366
1332.19
1324.79
1347.53
1406.91
1369.61
1406.82
1434.1
1427.06
1405.85
1386.01
1408.63
1385.86
1383.07
1345.33
1324.44
1360.47
1462.62
1419.42
1355.1
1417.52
1335.87
1337.75
1333.2
1440.09
1400.78
1353.45
1381.9
1395.04
1404.07
1364.52
1331.43
1306.28
1427.8
1372.75
1421.58
1358.98
1457.19
1371.87
1337.08
1337.04
1393.4
1402.07
1409.33
1375.73
1401.19
1285.3
1468.01
1279.42
1303.39
1358
1384.62
1440.55
1322.44
1346.32
1385.89
1287.84
1384.58
1329.02
1402.7
1416.22
1488.39
1366.25
1357.38
1399.16
1307.54
1404.08
1442.73
1416.81
1383.01
1353.01
1475.16
1410.29
1382.14
1322.72
1368.38
1332.3
1310.78
1397.81
1337.21
1403.37
1390.88
1332.59
1375.72
1386.48
1290.56
1364.27
1425.54
1337.84
1345.83
1394.64
1367.62
1360.32
1394.46
1367.35
1367.11
1407.01
1380.55
1409.02
1350.5
1370.34
1314.93
1534.75
1369.85
1378.03
1396.57
1431.3
1409.31
1385.22
1385.22
1411.32
1399.73
1352.31
1428.56
1402.73
1368.71
1322.94
1360.49
1466.35
1407.49
1375.01
1290.82
1445.68
1338.51
1404.21
1439.25
1316.21
1385.55
1397.44
1396.03
1353.29
1436.72
1394.12
1450.24
1488.72
1395.67
1388.38
1447.61
1368.65
1378.77
1411.74
1439.81
1365.39
1322.29
1484.37
1402.92
1379.49
1355.86
1369.49
1371.61
1352.63
1421.29
1335.57
1309.82
1375.32
1407.46
1346.36
1375.5
1424.16
1352.37
1368.67
1402.97
1448.66
1296.18
1401.42
1383.96
1419.1
1404.95
1329.58
1395.72
1357.22
1283.13
1435.91
1463.02
1371.42
1438.62
1331.35
1296.74
1294.92
1357.62
1378.18
1381.33
1386.36
1306.96
1358.35
1307.28
1418.68
1368.6
1338.26
1328.14
1334.8
1408.61
1398.47
1405.19
1374.06
1322.84
1435.81
1406.52
1378.17
1277.54
1409.73
1327.04
1380.85
1358.54
1370.98
1337.6
1394.63
1455.99
1404.23
1414.53
1340.47
1392.85
1395.11
1378.99
1373.5
1391.05
1375.88
1301.08
1379.48
1484.01
1408.21
1410.7
1346.15
1336.74
1388.92
1470.46
1347.19
1308.76
1386.64
1513.99
1418.41
1415.97
1334.33
1301.48
1289.63
1396.56
1351.71
1414.18
1375.45
1363.38
1352.78
1312.32
1404.98
1359.86
1377.78
1455.12
1432.73
1380.29
1321.27
1438.03
1366.8
1369.68
1428.78
1367.62
1337.25
1284.66
1350.58
1399.6
1411.44
1300.22
1456.32
1429.66
1324
1311.41
1331.51
1322.46
1432.28
1444.74
1398.85
1353.46
1418.8
1398.03
1357.77
1406.92
1342.99
1335.6
1323.33
1272.73
1371.07
1333.3
1385.46
1359.86
1345.55
1333.72
1304.7
1374.59
1391.31
1381.99
1325.06
1426.34
1432.27
1403.99
1312.86
1323.76
1420.25
1408.49
1319.88
1358.45
1371.89
1443.02
1392.68
1339.24
1313.12
1349.22
1405.15
1415.01
1408.39
1336.38
1339.7
1397.11
1322.95
1407.25
1376.87
1426.1
1312.68
1342.49
1347.31
1356.39
1347.52
1364.8
1370.85
1335.96
1469.25
1320.94
1432.15
1362.58
1422.24
1383.2
1431.77
1271.35
1354.73
1357.67
1437.89
1436.57
1354.85
1345.93
1417.67
1430.12
1402.13
1403.45
1309.78
1420.21
1389.33
1408.21
1421.1
1393.03
1397.89
1435.92
1390.36
1326.59
1417.04
1385.72
1391.73
1417.7
1325.79
1354.9
1450.94
1463.93
1391.16
1335.98
1360.04
1388.59
1384.38
1364.1
1393.47
1371.71
1356.74
1412.35
1400.79
1366.99
1334.34
1361.62
1328.9
1404
1454.77
1404.24
1361.33
1332.39
1399.35
1393.78
1411.74
1387.02
1398.54
1333.16
1455.09
1315.25
1397.98
1351.48
1320.9
1405.87
1419.47
1310.78
1338.06
1364.71
1356.55
1350.72
1395.14
1434.75
1359.64
1382.15
1385.83
1434.46
1432.46
1341.07
1362.21
1334.91
1410.33
1343.28
1340.33
1319.91
1372.76
1410.67
1325.66
1376.79
1369.96
1415.7
1347.38
1368.03
1451.05
1495.9
1365.29
1376.06
1430.1
1375.91
1312.71
1360.99
1370.57
1373.56
1328.27
1347.24
1404.25
1351.34
1443.72
1330.41
1332.68
1372.59
1392.92
1432.43
1430.02
1372.78
1366.97
1364.39
1370.05
1357.63
1303.85
1424.06
1455.49
1365.76
1317.77
1420.78
1450.79
1392.77
1353.41
1368.81
1339.54
1300.65
1392.2
1360.46
1322.11
1335.11
1337.85
1430.14
1384.69
1399.29
1361.33
1436.32
1345.57
1435.1
1430.69
1329.28
1371.16
1376.56
1359.95
1384.58
1398.18
1353
1328.18
1373.25
1358.16
1398.3
1474.77
1406.83
1432.55
1410.54
1354.25
1438.59
1406.9
1399.84
1280.75
1376.8
1311.88
1417.42
1393.29
1391.47
1438.61
1437.68
1304.78
1395.6
1401.98
1303.65
1466.05
1365.9
1356.66
1355.8
1320.64
1364.98
1370.41
1327.91
1366.78
1472.69
1418.31
1331.89
1373.24
1434.66
1387.51
1275.21
1332.48
1333.81
1396.08
1339.12
1321.79
1379.01
1379.33
1483.03
1404.62
1437.7
1405.59
1436.95
1381.82
1356.82
1405.67
1388.95
1458.61
1309.28
1431.89
1403.65
1329.24
1377.27
1392.69
1378.64
1397.16
1397.33
1379.3
1338.12
1388.42
1445.84
1300.41
1337.45
1375.71
1475.11
1415.01
1348.21
1353.5
1375.81
1475.4
1380.66
1452.41
1275.21
1443.43
1401.13
1347.99
1377.71
1322.17
1426.31
1370.87
1347.97
1382.75
1414.76
1365.91
1388.35
1405.23
1363.73
1348.15
1412.78
1398.91
1382.61
1393.82
1484.03
1347.32
1408.65
1365.39
1363.17
1425.42
1261.11
1415.06
1347.62
1389.93
1493.74
1336.95
1322.72
1397.12
1316.81
1384.55
1411.81
1366.73
1349.93
1418.1
1307.78
1313.78
1402.08
1410.19
1375.07
1394.87
1332.65
1358.79
1351.17
1377.55
1426.77
1312.12
1345.83
1386.13
1297.75
1345.95
1372.62
1402.28
1427.49
1341.82
1399.97
1321.15
1436.32
1275.95
1399.79
1412.35
1360.83
1353.84
1400.77
1383.43
1398.4
1394.27
1411.42
1306.07
1345.39
1491.8
1425.04
1414.87
1388.97
1418.4
1444.87
1395.74
1353.95
1336.8
1338.83
1331.87
1453.76
1325.64
1312.45
1397.58
1344.59
1323.09
1307.91
1408.35
1324.31
1375.48
1371.03
1378.75
1350.98
1373.7
1320.46
1319.95
1429.95
1395.43
1363.62
1330.25
1351.74
1242.02
1324.91
1438.39
1381.02
1291.46
1344.51
1339.61
1355.23
1359.06
1392.11
1378.47
1478.84
1332.32
1349.13
1440.22
1337.49
1421.72
1375.61
1365.91
1344.29
1303.76
1380.46
1370.6
1344.11
1347.28
1428.42
1331.59
1410.47
1358.12
1362.45
1388.87
1355.19
1326.03
1346.51
1414.05
1363.77
1477.33
1342.23
1382.11
1342.88
1350.09
1385.08
1340.62
1369.18
1347.32
1401.79
1352.56
1419.35
1414.29
1420.75
1409.3
1401.75
1446.93
1392.88
1418.81
1317.74
1414.56
1334.71
1378.14
1414.15
1442.47
1346.8
1365.84
1439.55
1362.54
1398.92
1389.41
1348.98
1376.49
1342.27
1380.17
1311.9
1440.18
1361.14
1346.75
1347.15
1441.95
1397.91
1413.07
1401.1
1409.62
1323.93
1389.75
1351.25
1340.22
1371.41
1346.9
1422.4
1360.72
1366.95
1402.25
1372.95
1263.31
1349.31
1312.67
1383.54
1346.04
