-3.79014e+27 -3.77687e+27 -1.3273e+25
-4.03079e+26 -4.01667e+26 -1.41156e+24
-1.42844e+27 -1.42344e+27 -5.00227e+24
-4.66349e+28 -4.64716e+28 -1.63307e+26
-4.17752e+28 -4.16289e+28 -1.46295e+26
-4.3906e+27 -4.37522e+27 -1.53748e+25
-5.15478e+27 -5.13673e+27 -1.80516e+25
-6.53618e+30 -6.51329e+30 -2.2889e+28
-3.86883e+30 -7.79737e+26 -3.86805e+30
-3.67844e+27 -1.99636e+27 -1.68208e+27
-2.04977e+30 -3.27578e+28 -2.01701e+30
-6.98268e+27 -1.04792e+27 -5.93476e+27
-9.08038e+30 -2.46796e+27 -9.07791e+30
-8.92838e+30 -1.08696e+27 -8.92729e+30
-3.08152e+28 -3.07073e+28 -1.07912e+26
-7.34667e+27 -7.32094e+27 -2.57267e+25
-1.20802e+27 -1.20379e+27 -4.2304e+24
-1.86407e+27 -1.85754e+27 -6.5279e+24
-3.21384e+27 -3.2005e+27 -1.33462e+25
-5.61082e+27 -5.59117e+27 -1.96488e+25
-1.15784e+28 -1.15379e+28 -4.05462e+25
-3.56737e+28 -3.55488e+28 -1.24922e+26
-7.31516e+26 -7.28954e+26 -2.56168e+24
-2.93392e+27 -2.92364e+27 -1.0274e+25
-1.34397e+29 -1.33926e+29 -4.70631e+26
-8.00777e+27 -7.97973e+27 -2.8042e+25
-1.04752e+29 -1.04385e+29 -3.66819e+26
-2.28591e+29 -2.27791e+29 -8.00495e+26
-5.86082e+27 -5.84029e+27 -2.05236e+25
-2.19089e+27 -2.18322e+27 -7.6723e+24
-2.83234e+27 -2.82242e+27 -9.91865e+24
-9.94061e+30 -9.9058e+30 -3.48114e+28
-5.59665e+28 -5.57705e+28 -1.96012e+26
-3.77299e+28 -3.75978e+28 -1.32127e+26
-2.79136e+27 -2.78158e+27 -9.77514e+24
-3.91105e+27 -3.89735e+27 -1.36962e+25
-1.21009e+27 -1.20586e+27 -4.23757e+24
-7.29056e+27 -7.26466e+27 -2.5907e+25
-1.1469e+28 -1.14288e+28 -4.01632e+25
-7.93571e+27 -7.90792e+27 -2.77897e+25
-7.7261e+26 -7.69904e+26 -2.70573e+24
-3.06593e+27 -3.0552e+27 -1.07366e+25
inf -6.36552e+27 inf
-1.42572e+27 -1.42073e+27 -4.99275e+24
-1.74503e+28 -1.73892e+28 -6.11105e+25
-9.53698e+26 -9.50358e+26 -3.33973e+24
inf -2.19755e+27 inf
-2.57605e+27 -2.56691e+27 -9.13821e+24
inf -1.31737e+28 inf
-4.50586e+29 -1.49684e+29 -3.00902e+29
-6.96124e+26 -6.93687e+26 -2.43773e+24
-5.91642e+27 -5.8957e+27 -2.0719e+25
-1.40199e+27 -1.39708e+27 -4.90965e+24
-1.04379e+30 -1.04014e+30 -3.6552e+27
-2.69441e+27 -2.68498e+27 -9.43561e+24
-1.12873e+27 -1.12477e+27 -3.95264e+24
-1.32321e+28 -1.31857e+28 -4.63369e+25
-4.38277e+26 -4.36743e+26 -1.5348e+24
-2.41838e+27 -2.40991e+27 -8.46882e+24
-1.72943e+27 -1.72337e+27 -6.05625e+24
-3.12981e+27 -3.11885e+27 -1.096e+25
-3.43557e+27 -3.42354e+27 -1.20309e+25
-1.21904e+29 -1.21477e+29 -4.269e+26
-9.38272e+26 -9.34986e+26 -3.28573e+24
-2.99734e+27 -2.98684e+27 -1.04965e+25
-9.78125e+27 -9.747e+27 -3.4252e+25
-1.40261e+27 -1.3977e+27 -4.91198e+24
-1.27745e+27 -1.27297e+27 -4.4738e+24
-2.71532e+27 -2.70581e+27 -9.50877e+24
-1.69416e+28 -1.68793e+28 -6.22581e+25
-2.15468e+27 -2.14713e+27 -7.54551e+24
-2.50586e+27 -2.49708e+27 -8.77529e+24
-2.52435e+27 -2.51551e+27 -8.8405e+24
-3.50246e+27 -3.4902e+27 -1.22652e+25
-4.07016e+27 -3.99296e+27 -7.72016e+25
-7.67976e+29 -7.65218e+29 -2.75816e+27
-3.70847e+29 -3.31733e+29 -3.91147e+28
-8.67327e+27 -8.6429e+27 -3.03719e+25
-2.95467e+27 -2.94432e+27 -1.03469e+25
-1.14536e+30 -1.14135e+30 -4.01099e+27
-2.29985e+27 -2.2918e+27 -8.05404e+24
-4.66063e+27 -4.64431e+27 -1.63206e+25
-8.59961e+27 -8.56949e+27 -3.01153e+25
-1.37867e+27 -1.37384e+27 -4.828e+24
-7.91849e+28 -7.89076e+28 -2.77299e+26
-8.22393e+29 -8.19513e+29 -2.87993e+27
-6.00877e+27 -5.98773e+27 -2.10418e+25
-1.03864e+27 -1.035e+27 -3.63716e+24
-2.00922e+30 -2.00218e+30 -7.03603e+27
-8.52744e+27 -8.49757e+27 -2.98622e+25
inf -2.05908e+27 inf
-9.38859e+26 -9.35571e+26 -3.28825e+24
-4.1448e+27 -4.13028e+27 -1.45145e+25
-1.02609e+28 -1.0225e+28 -3.59335e+25
-1.51772e+27 -1.2768e+27 -2.40924e+26
-2.43628e+29 -2.42774e+29 -8.53166e+26
inf -7.7809e+27 inf
-1.34533e+28 -7.3284e+27 -6.12486e+27
-2.51441e+29 -1.29205e+27 -2.50149e+29
-2.52508e+27 -2.51624e+27 -8.84257e+24
-6.79415e+27 -6.77036e+27 -2.37915e+25
-6.48088e+27 -6.45819e+27 -2.26958e+25
-1.07185e+28 -1.0681e+28 -3.75361e+25
-1.42023e+27 -1.41526e+27 -4.9734e+24
-7.03444e+27 -7.0098e+27 -2.46341e+25
-7.23147e+26 -7.20615e+26 -2.53246e+24
inf -6.25039e+28 inf
-1.58219e+28 -1.57622e+28 -5.97562e+25
-5.01823e+27 -5.00065e+27 -1.75729e+25
-8.78436e+27 -8.7536e+27 -3.0761e+25
-3.2497e+28 -3.23832e+28 -1.13808e+26
-2.37054e+29 -2.36224e+29 -8.30141e+26
-9.91278e+29 -9.87807e+29 -3.47148e+27
-3.50888e+29 -3.4966e+29 -1.22879e+27
-4.1866e+26 -4.17194e+26 -1.46614e+24
-1.24924e+27 -1.24487e+27 -4.37463e+24
-9.9021e+26 -9.86742e+26 -3.4676e+24
-7.88808e+26 -7.86046e+26 -2.76247e+24
-5.902e+27 -5.87965e+27 -2.23521e+25
inf -1.06587e+28 inf
-1.32048e+27 -1.31585e+27 -4.62437e+24
-3.27468e+27 -3.26321e+27 -1.14681e+25
-1.79745e+27 -1.79116e+27 -6.2946e+24
-2.33673e+27 -2.32855e+27 -8.18315e+24
-2.21931e+26 -2.21154e+26 -7.77187e+23
-1.00639e+27 -1.00287e+27 -3.52428e+24
-5.32425e+28 -5.30561e+28 -1.86445e+26
-5.7756e+28 -5.75538e+28 -2.02253e+26
-2.81318e+26 -2.80333e+26 -9.85177e+23
-1.78069e+27 -1.77445e+27 -6.23587e+24
-4.41766e+27 -4.06365e+27 -3.54011e+26
-9.27768e+28 -9.16627e+28 -1.11403e+27
-1.58322e+29 -1.57768e+29 -5.54433e+26
-3.28031e+27 -3.26883e+27 -1.14879e+25
-1.34248e+27 -1.33778e+27 -4.7012e+24
-5.40562e+26 -5.38669e+26 -1.89298e+24
-7.12052e+27 -7.09559e+27 -2.49347e+25
-2.40597e+28 -2.39755e+28 -8.42558e+25
-8.78975e+27 -8.75897e+27 -3.0781e+25
-1.43752e+30 -1.43249e+30 -5.03433e+27
-1.60633e+27 -1.6007e+27 -5.62543e+24
-1.89438e+27 -1.88774e+27 -6.63376e+24
-6.57216e+27 -6.54915e+27 -2.30154e+25
-1.62381e+27 -1.61812e+27 -5.68648e+24
-1.81804e+28 -1.81167e+28 -6.36644e+25
-1.40185e+29 -1.39694e+29 -4.90914e+26
-4.19343e+28 -4.17875e+28 -1.46846e+26
inf -5.89929e+27 inf
inf -3.56495e+27 inf
-1.85691e+27 -1.85041e+27 -6.50271e+24
-1.03724e+28 -1.03361e+28 -3.63313e+25
-9.24146e+27 -9.20905e+27 -3.24119e+25
-3.14187e+29 -3.13087e+29 -1.10025e+27
-1.44102e+29 -1.22786e+27 -1.42874e+29
-5.35633e+28 -5.33757e+28 -1.8758e+26
-6.96452e+27 -6.94013e+27 -2.43893e+25
-3.82671e+27 -3.81331e+27 -1.34012e+25
-5.37288e+27 -5.35407e+27 -1.88156e+25
-1.62518e+29 -1.61949e+29 -5.6911e+26
-1.58626e+29 -1.58071e+29 -5.55496e+26
-3.68329e+27 -3.67039e+27 -1.2898e+25
-4.12612e+27 -4.11167e+27 -1.44489e+25
-4.0014e+27 -3.98739e+27 -1.40124e+25
-3.57273e+27 -3.56022e+27 -1.2511e+25
-2.47963e+28 -2.47095e+28 -8.68351e+25
-5.03007e+32 -5.01234e+32 -1.77283e+30
-1.66203e+39 -8.40136e+27 -1.66203e+39
-7.42849e+28 -7.40248e+28 -2.60129e+26
-3.92302e+26 -3.90928e+26 -1.37379e+24
inf -2.91405e+27 inf
-1.80082e+28 -1.79451e+28 -6.30617e+25
-1.70713e+28 -1.70116e+28 -5.97818e+25
-1.06631e+28 -1.06258e+28 -3.73411e+25
-1.47362e+27 -1.46846e+27 -5.16039e+24
-1.8683e+27 -1.86176e+27 -6.54277e+24
-8.28309e+27 -8.25409e+27 -2.90072e+25
-4.7165e+28 -4.69998e+28 -1.65167e+26
-2.85665e+28 -1.8205e+27 -2.6746e+28
-5.7728e+30 -2.91047e+27 -5.76989e+30
-9.20924e+26 -9.13988e+26 -6.93576e+24
-1.16682e+28 -1.16253e+28 -4.28996e+25
inf -3.94167e+27 inf
-3.5034e+31 -3.46668e+31 -3.67272e+29
inf -7.31237e+27 inf
inf -3.57582e+27 inf
-9.28105e+26 -9.24855e+26 -3.25013e+24
-4.6965e+31 -4.68005e+31 -1.64468e+29
-4.46618e+37 -4.4983e+27 -4.46618e+37
-1.72441e+27 -1.71837e+27 -6.03868e+24
-2.94329e+27 -2.93298e+27 -1.03072e+25
-4.39965e+26 -4.38424e+26 -1.54075e+24
-3.76351e+27 -3.75033e+27 -1.31802e+25
-3.6939e+31 -4.00498e+27 -3.6935e+31
-5.89653e+32 -1.43074e+29 -5.89509e+32
inf -2.32937e+28 inf
-2.07595e+28 -2.06868e+28 -7.26964e+25
-1.33661e+27 -1.33192e+27 -4.68069e+24
-3.54767e+27 -3.53524e+27 -1.24235e+25
-1.34231e+28 -1.33761e+28 -4.70068e+25
-4.25208e+26 -4.23719e+26 -1.48905e+24
-5.09136e+26 -5.07353e+26 -1.78293e+24
-5.52007e+27 -5.50074e+27 -1.93309e+25
-9.34279e+26 -9.31007e+26 -3.27179e+24
-1.22177e+28 -1.21749e+28 -4.27847e+25
-9.9808e+28 -9.94585e+28 -3.4952e+26
-4.66551e+28 -4.64917e+28 -1.63375e+26
-2.0661e+27 -2.05886e+27 -7.23529e+24
-3.39309e+28 -3.38121e+28 -1.18824e+26
-1.02087e+27 -1.01729e+27 -3.57494e+24
-1.54901e+27 -1.54359e+27 -5.42442e+24
-7.65513e+27 -7.62833e+27 -2.68078e+25
-2.06626e+27 -2.05903e+27 -7.23582e+24
-6.40483e+28 -6.3824e+28 -2.24281e+26
-1.98752e+27 -1.98056e+27 -6.96013e+24
-2.17888e+27 -2.17125e+27 -7.63056e+24
-9.71641e+27 -9.68238e+27 -3.40263e+25
-2.44565e+27 -2.43709e+27 -8.56433e+24
-3.54905e+27 -3.53662e+27 -1.24283e+25
-3.92801e+27 -3.91426e+27 -1.37555e+25
-1.79916e+28 -1.79286e+28 -6.30021e+25
-5.77635e+26 -5.75612e+26 -2.02285e+24
-5.86363e+26 -5.8431e+26 -2.05331e+24
-5.7503e+28 -5.73016e+28 -2.01367e+26
-2.20441e+28 -2.19669e+28 -7.72011e+25
inf -4.57174e+28 inf
-3.08478e+27 -3.07398e+27 -1.08027e+25
-3.04576e+28 -3.03509e+28 -1.06656e+26
-1.85043e+28 -1.84395e+28 -6.48028e+25
-2.49881e+27 -2.49006e+27 -8.75067e+24
-2.53112e+30 -2.52226e+30 -8.86343e+27
-8.43673e+27 -8.40719e+27 -2.95449e+25
-6.47771e+26 -6.45418e+26 -2.35315e+24
-5.53338e+27 -1.92352e+27 -3.60986e+27
-5.16551e+29 -1.85472e+29 -3.31079e+29
-1.96988e+38 -1.21945e+28 -1.96988e+38
-1.4811e+30 -1.47591e+30 -5.18648e+27
inf -3.33625e+27 inf
-2.45022e+27 -2.44164e+27 -8.58026e+24
-4.17092e+30 -4.15631e+30 -1.46057e+28
-7.94644e+28 -7.91861e+28 -2.78275e+26
-6.19968e+29 -6.17797e+29 -2.17116e+27
-2.04395e+30 -2.0368e+30 -7.15805e+27
-2.00775e+27 -2.00072e+27 -7.03105e+24
-6.37356e+26 -6.35124e+26 -2.23196e+24
-6.40206e+28 -6.37964e+28 -2.24191e+26
-3.81745e+28 -3.80408e+28 -1.33685e+26
-6.65864e+35 -8.08804e+26 -6.65864e+35
-8.15343e+26 -8.12488e+26 -2.85523e+24
-6.01142e+28 -5.99037e+28 -2.10506e+26
-1.04554e+28 -1.04188e+28 -3.66138e+25
inf -5.58608e+29 inf
-3.66306e+27 -3.65023e+27 -1.28281e+25
inf -2.5425e+28 inf
-6.72703e+27 -6.70347e+27 -2.35575e+25
-1.25276e+28 -1.24838e+28 -4.38709e+25
-6.02947e+28 -6.00835e+28 -2.11142e+26
-7.22185e+29 -7.19656e+29 -2.52899e+27
-1.75234e+29 -1.74621e+29 -6.13642e+26
-6.1393e+26 -6.1178e+26 -2.14994e+24
-3.46056e+27 -3.44844e+27 -1.21183e+25
-2.15464e+27 -2.1471e+27 -7.54522e+24
inf -1.67437e+27 inf
-1.11933e+27 -1.11541e+27 -3.91981e+24
inf -6.0356e+26 inf
-2.35643e+27 -2.34818e+27 -8.25197e+24
-5.1236e+26 -5.10566e+26 -1.79426e+24
-3.21692e+29 -3.20565e+29 -1.12652e+27
-1.52235e+27 -1.51702e+27 -5.33121e+24
-1.88564e+28 -1.87904e+28 -6.60318e+25
-2.50201e+27 -2.49325e+27 -8.76191e+24
-4.0155e+28 -3.2479e+28 -7.67598e+27
-2.07021e+28 -3.93175e+27 -1.67704e+28
-3.2497e+27 -2.5949e+27 -6.54801e+26
-1.55492e+28 -1.54948e+28 -5.44521e+25
-2.17413e+27 -2.16652e+27 -7.61391e+24
-9.05605e+26 -9.02434e+26 -3.17128e+24
-6.6853e+27 -6.66189e+27 -2.34113e+25
-6.18406e+27 -6.16241e+27 -2.16554e+25
-1.54351e+27 -1.5381e+27 -5.40538e+24
-5.21811e+26 -5.19931e+26 -1.8801e+24
-1.51065e+28 -1.50536e+28 -5.29544e+25
-7.70058e+26 -7.67362e+26 -2.69678e+24
-2.63891e+27 -2.62967e+27 -9.24099e+24
-1.49539e+30 -1.49015e+30 -5.23692e+27
-1.74734e+27 -1.74122e+27 -6.11892e+24
-1.29941e+27 -1.29486e+27 -4.55039e+24
-3.34612e+30 -3.3344e+30 -1.17175e+28
-1.39428e+29 -1.3894e+29 -4.88265e+26
-2.08812e+28 -2.08081e+28 -7.31239e+25
inf -3.06882e+28 inf
-2.71364e+30 -2.70413e+30 -9.50308e+27
-7.07635e+27 -7.05157e+27 -2.47813e+25
-1.04345e+27 -1.0398e+27 -3.65409e+24
-4.19444e+28 -4.16039e+28 -3.40539e+26
-1.75645e+27 -1.36575e+27 -3.90704e+26
-1.29117e+27 -1.28665e+27 -4.52139e+24
-7.21712e+26 -7.19184e+26 -2.5274e+24
-6.20614e+26 -6.1844e+26 -2.17332e+24
-3.52472e+27 -3.51237e+27 -1.23431e+25
-1.49189e+27 -1.48667e+27 -5.22442e+24
-3.81636e+27 -3.80299e+27 -1.33645e+25
-3.67533e+27 -3.66246e+27 -1.28708e+25
-4.00509e+27 -3.99107e+27 -1.40251e+25
-2.04258e+27 -2.03543e+27 -7.15295e+24
-5.0895e+26 -5.07168e+26 -1.78226e+24
-1.02395e+29 -1.02037e+29 -3.58574e+26
-3.7868e+27 -3.77354e+27 -1.32607e+25
-1.7415e+27 -1.7354e+27 -6.09846e+24
-8.6719e+27 -8.64153e+27 -3.0369e+25
-4.26762e+27 -4.25267e+27 -1.49452e+25
-3.37959e+27 -3.36775e+27 -1.18347e+25
-2.84158e+28 -2.83163e+28 -9.95078e+25
inf -1.35772e+27 inf
-1.5208e+30 -1.51548e+30 -5.32576e+27
-8.84854e+26 -8.81755e+26 -3.09862e+24
-3.60508e+27 -3.59246e+27 -1.26247e+25
-8.53641e+26 -8.50652e+26 -2.98944e+24
-4.88817e+27 -4.87106e+27 -1.71176e+25
-4.87528e+27 -2.69119e+27 -2.1841e+27
-1.31675e+28 -1.31213e+28 -4.61628e+25
-1.49681e+28 -1.49157e+28 -5.24173e+25
-2.30494e+29 -2.29687e+29 -8.07196e+26
inf -6.06801e+28 inf
-2.75887e+27 -2.74376e+27 -1.51093e+25
-8.26959e+27 -2.4603e+27 -5.80929e+27
-1.32716e+28 -9.41877e+26 -1.23297e+28
-1.50754e+31 -7.75744e+26 -1.50747e+31
-1.09291e+31 -1.08909e+31 -3.82735e+28
-1.4593e+27 -1.45419e+27 -5.11048e+24
-5.39425e+27 -5.37536e+27 -1.88896e+25
-3.19681e+26 -3.18562e+26 -1.11951e+24
-1.56083e+28 -1.55537e+28 -5.46594e+25
-1.33724e+27 -1.33256e+27 -4.68309e+24
-3.66645e+28 -3.65361e+28 -1.284e+26
-8.96222e+27 -8.93083e+27 -3.13847e+25
-1.03367e+27 -1.03005e+27 -3.61986e+24
-1.13111e+28 -1.12715e+28 -3.96136e+25
-8.74681e+26 -8.71618e+26 -3.06302e+24
-1.15393e+28 -1.14988e+28 -4.04088e+25
-2.05583e+29 -2.04863e+29 -7.19917e+26
-2.70766e+27 -2.69818e+27 -9.4819e+24
-2.16125e+27 -2.15357e+27 -7.67447e+24
-1.16528e+27 -1.1612e+27 -4.08072e+24
-2.41e+27 -2.36682e+27 -4.31754e+25
-8.74538e+27 -8.71476e+27 -3.06258e+25
-3.82952e+28 -3.81611e+28 -1.34108e+26
-1.56441e+28 -1.55893e+28 -5.47844e+25
-1.50868e+27 -1.5034e+27 -5.28323e+24
-4.78689e+27 -4.77012e+27 -1.67632e+25
-1.21173e+27 -1.20749e+27 -4.24335e+24
-6.62153e+26 -6.59835e+26 -2.31886e+24
-2.1489e+28 -2.14138e+28 -7.52509e+25
-5.20597e+27 -5.18774e+27 -1.82304e+25
-7.78482e+26 -7.75756e+26 -2.72614e+24
-3.34069e+27 -3.32899e+27 -1.16986e+25
-2.18187e+27 -2.17423e+27 -7.64062e+24
-7.54659e+27 -7.52015e+27 -2.64335e+25
inf -1.13292e+27 inf
-8.94825e+26 -7.63585e+26 -1.3124e+26
-2.32258e+27 -2.31445e+27 -8.13335e+24
-1.0237e+28 -1.02012e+28 -3.58507e+25
-1.07825e+28 -1.07448e+28 -3.77598e+25
-3.98691e+27 -3.97294e+27 -1.39617e+25
-9.55745e+28 -9.52398e+28 -3.34703e+26
-4.389e+27 -4.34902e+27 -3.9976e+25
-2.64356e+28 -2.38682e+28 -2.56738e+27
-1.66708e+27 -1.66124e+27 -5.83807e+24
-4.58752e+26 -4.57146e+26 -1.60649e+24
-2.93743e+27 -2.92715e+27 -1.02866e+25
-3.81952e+26 -3.80614e+26 -1.33758e+24
-3.62978e+27 -3.61707e+27 -1.27116e+25
-7.39833e+27 -7.37243e+27 -2.59077e+25
-6.78628e+28 -6.76252e+28 -2.37657e+26
-2.00538e+28 -1.99835e+28 -7.02274e+25
-1.00569e+28 -1.00216e+28 -3.52175e+25
-3.68762e+26 -3.6747e+26 -1.2914e+24
-2.74931e+27 -2.73969e+27 -9.62791e+24
-3.4437e+27 -3.43165e+27 -1.20595e+25
-1.64766e+29 -1.64189e+29 -5.77022e+26
-1.49296e+28 -1.48773e+28 -5.22827e+25
-5.09571e+27 -5.07786e+27 -1.78447e+25
-8.33872e+26 -8.30952e+26 -2.92013e+24
-2.80174e+28 -2.79193e+28 -9.81157e+25
-1.2993e+29 -1.29475e+29 -4.54987e+26
inf -4.14975e+26 inf
inf -2.88156e+28 inf
-1.05967e+29 -1.05596e+29 -3.71102e+26
-1.18868e+29 -3.38547e+27 -1.15482e+29
-8.568e+28 -5.99144e+26 -8.50809e+28
-2.387e+29 -2.22588e+29 -1.61116e+28
-8.23735e+39 -1.26118e+28 -8.23735e+39
-2.61893e+27 -2.60976e+27 -9.17105e+24
-4.94977e+28 -4.93243e+28 -1.73337e+26
-1.82288e+27 -1.8165e+27 -6.38361e+24
-1.4697e+27 -1.46455e+27 -5.14657e+24
-3.66772e+28 -3.65488e+28 -1.28438e+26
-7.67955e+27 -7.65266e+27 -2.68924e+25
-1.74725e+27 -1.74113e+27 -6.11886e+24
-6.15843e+27 -6.13686e+27 -2.15655e+25
-2.16289e+28 -2.15531e+28 -7.57426e+25
-3.49776e+27 -3.48552e+27 -1.22489e+25
-2.48767e+28 -2.47896e+28 -8.71144e+25
-1.54297e+27 -1.53756e+27 -5.40334e+24
-2.28194e+28 -2.27395e+28 -7.99107e+25
-1.0949e+27 -1.09107e+27 -3.83415e+24
-8.32775e+27 -8.29858e+27 -2.9162e+25
-1.42793e+28 -1.42293e+28 -5.00031e+25
-9.41795e+29 -9.38497e+29 -3.29809e+27
-6.46549e+27 -6.44285e+27 -2.26416e+25
-3.80021e+29 -3.7869e+29 -1.33081e+27
-2.07068e+28 -2.06343e+28 -7.25145e+25
-9.27476e+26 -9.24228e+26 -3.24796e+24
-3.16249e+27 -3.15142e+27 -1.10749e+25
-3.262e+27 -3.25058e+27 -1.14233e+25
-3.91925e+26 -3.90552e+26 -1.37245e+24
-7.7408e+26 -7.71369e+26 -2.71134e+24
-1.00201e+28 -9.98452e+27 -3.56036e+25
-6.98504e+28 -6.94138e+28 -4.36593e+26
-1.36738e+28 -1.36168e+28 -5.70085e+25
-4.47504e+26 -4.26276e+26 -2.12282e+25
-6.10122e+27 -4.83205e+27 -1.26917e+27
-4.92535e+28 -3.67049e+28 -1.25485e+28
-5.5898e+27 -5.2129e+27 -3.76907e+26
-3.28717e+30 -3.27473e+30 -1.24443e+28
-1.23234e+30 -8.8867e+27 -1.22345e+30
-1.43183e+30 -8.26273e+29 -6.05561e+29
-1.92995e+31 -1.90899e+27 -1.92975e+31
-2.40149e+31 -2.3885e+31 -1.29885e+29
-4.56666e+31 -1.99608e+27 -4.56646e+31
-6.71794e+27 -6.69441e+27 -2.35255e+25
-4.13555e+30 -4.12107e+30 -1.44817e+28
-7.92888e+26 -7.90112e+26 -2.77662e+24
-1.06681e+27 -1.06308e+27 -3.73587e+24
-2.57749e+29 -2.56846e+29 -9.02618e+26
-1.25887e+27 -1.25446e+27 -4.40828e+24
-6.43246e+28 -6.40994e+28 -2.25253e+26
-2.02307e+29 -2.01598e+29 -7.08473e+26
-2.01529e+27 -2.00812e+27 -7.17357e+24
-5.65932e+30 -1.23816e+28 -5.64694e+30
-3.77601e+34 -6.20461e+27 -3.77601e+34
-4.2911e+29 -1.05846e+28 -4.18525e+29
-7.31976e+28 -2.9004e+27 -7.02972e+28
-3.10217e+27 -2.77532e+27 -3.26846e+26
-3.80505e+27 -1.55897e+27 -2.24608e+27
-6.63266e+27 -2.64725e+27 -3.98541e+27
-5.80219e+27 -2.15606e+27 -3.64613e+27
-6.69539e+30 -6.67171e+30 -2.3674e+28
-2.93523e+28 -6.39425e+27 -2.29581e+28
-8.35767e+34 -8.45189e+26 -8.35767e+34
-1.6372e+31 -1.63147e+31 -5.73347e+28
-7.67866e+26 -7.65177e+26 -2.68892e+24
-7.45854e+27 -7.43242e+27 -2.61181e+25
-3.38695e+27 -3.37509e+27 -1.18609e+25
-8.27916e+26 -8.25017e+26 -2.89944e+24
-1.2342e+31 -1.22988e+31 -4.32211e+28
-5.71278e+26 -5.69277e+26 -2.00051e+24
-1.09619e+27 -1.09235e+27 -3.8388e+24
-7.43051e+27 -7.40449e+27 -2.6021e+25
-9.89024e+27 -9.85561e+27 -3.4635e+25
-3.79492e+27 -3.78163e+27 -1.32893e+25
-3.3336e+27 -3.32193e+27 -1.16736e+25
-1.05785e+28 -1.05414e+28 -3.7046e+25
-2.84538e+27 -2.83542e+27 -9.96445e+24
-1.01442e+29 -1.01086e+29 -3.55264e+26
-3.30276e+27 -3.29119e+27 -1.15677e+25
-4.56969e+28 -4.55369e+28 -1.60028e+26
-8.95287e+26 -8.92152e+26 -3.13536e+24
-5.13354e+27 -5.11556e+27 -1.79767e+25
-8.16053e+27 -8.13195e+27 -2.85776e+25
-9.18854e+27 -9.15636e+27 -3.21776e+25
-9.11356e+28 -9.08164e+28 -3.19138e+26
-3.03217e+31 -3.02155e+31 -1.06182e+29
-8.66734e+26 -8.57512e+26 -9.2214e+24
-2.04294e+27 -1.43737e+27 -6.05563e+26
-1.31468e+30 -1.30124e+30 -1.34383e+28
-3.66771e+28 -6.96207e+27 -2.9715e+28
-1.20027e+28 -1.19607e+28 -4.20324e+25
-5.8276e+26 -5.8072e+26 -2.0407e+24
-2.08905e+27 -2.08173e+27 -7.3157e+24
-8.0344e+29 -8.00627e+29 -2.81356e+27
-1.72285e+27 -1.71679e+27 -6.05112e+24
-3.3111e+27 -3.2995e+27 -1.15961e+25
-2.91506e+27 -2.90486e+27 -1.02084e+25
-5.79514e+27 -5.77485e+27 -2.02938e+25
-1.02443e+28 -1.02084e+28 -3.58738e+25
-1.50435e+27 -1.49908e+27 -5.26805e+24
-5.03135e+27 -5.01373e+27 -1.76187e+25
-3.09519e+27 -3.08435e+27 -1.08391e+25
-2.80899e+27 -2.79915e+27 -9.83715e+24
-5.16978e+27 -5.15168e+27 -1.81042e+25
-4.77774e+27 -4.76101e+27 -1.67312e+25
-2.44622e+28 -2.43765e+28 -8.56607e+25
-2.84683e+27 -2.83686e+27 -9.96929e+24
-6.41785e+27 -6.39537e+27 -2.24748e+25
-2.12327e+29 -2.11583e+29 -7.43554e+26
-5.3587e+27 -5.33993e+27 -1.87653e+25
-1.62967e+27 -1.62396e+27 -5.70715e+24
-5.03662e+29 -5.01898e+29 -1.76378e+27
-9.33262e+27 -9.29994e+27 -3.26822e+25
-1.89843e+27 -1.89178e+27 -6.64802e+24
-1.6475e+28 -1.64173e+28 -5.76916e+25
-3.23682e+27 -3.22541e+27 -1.14179e+25
inf -6.85898e+27 inf
-3.69675e+27 -3.6838e+27 -1.29464e+25
-4.59047e+26 -4.5744e+26 -1.60753e+24
-3.26332e+27 -3.25189e+27 -1.14318e+25
-1.07801e+29 -1.07417e+29 -3.8393e+26
inf -4.67601e+27 inf
-2.02608e+28 -2.01898e+28 -7.09486e+25
-1.10881e+28 -1.10493e+28 -3.88288e+25
-1.046e+28 -1.04233e+28 -3.66284e+25
inf -1.29422e+27 inf
inf -4.50841e+26 inf
-6.9015e+28 -6.87733e+28 -2.41684e+26
-8.31879e+27 -8.28966e+27 -2.91307e+25
-1.79938e+28 -1.79307e+28 -6.30111e+25
-1.32039e+27 -1.31577e+27 -4.62376e+24
-8.03536e+27 -8.00722e+27 -2.81385e+25
-2.14091e+27 -2.13341e+27 -7.49707e+24
-8.98965e+28 -8.93039e+28 -5.92651e+26
-1.91558e+29 -1.90502e+29 -1.05608e+27
-7.51831e+29 -1.23099e+27 -7.506e+29
-1.91423e+29 -9.95716e+27 -1.81465e+29
-2.51337e+27 -1.76953e+27 -7.43845e+26
-4.82275e+29 -1.59272e+28 -4.66348e+29
-3.11585e+29 -2.82507e+27 -3.0876e+29
-2.78098e+31 -7.41673e+27 -2.78024e+31
-2.48876e+30 -5.21835e+27 -2.48354e+30
-2.52301e+27 -2.51418e+27 -8.83591e+24
-5.04122e+26 -5.02357e+26 -1.76537e+24
-2.03433e+27 -2.02721e+27 -7.12384e+24
-1.34856e+27 -1.34384e+27 -4.72249e+24
-1.31676e+27 -1.31215e+27 -4.61113e+24
-2.36012e+27 -2.35185e+27 -8.26505e+24
-3.05802e+27 -3.04731e+27 -1.0709e+25
-5.88821e+27 -5.86759e+27 -2.06203e+25
-2.19141e+27 -2.18373e+27 -7.67409e+24
-4.10629e+26 -4.09191e+26 -1.43801e+24
-2.7349e+27 -2.72532e+27 -9.57716e+24
-2.21732e+27 -2.20955e+27 -7.76499e+24
-3.60693e+27 -3.59429e+27 -1.26314e+25
-3.39813e+27 -3.38623e+27 -1.18999e+25
-4.12901e+27 -4.11455e+27 -1.44595e+25
-3.73753e+28 -3.72445e+28 -1.30884e+26
-6.37992e+28 -6.35758e+28 -2.23416e+26
-1.73255e+26 -1.72648e+26 -6.06741e+23
-1.81412e+27 -9.65382e+26 -8.48739e+26
-1.82286e+34 -1.12495e+30 -1.82275e+34
-3.05287e+27 -3.04218e+27 -1.06909e+25
-1.8149e+29 -1.80854e+29 -6.35535e+26
-3.52159e+27 -3.50926e+27 -1.23328e+25
-2.60449e+26 -2.59537e+26 -9.12057e+23
-1.09762e+28 -1.09378e+28 -3.84377e+25
-2.31777e+28 -2.30965e+28 -8.11655e+25
-1.17259e+28 -1.16848e+28 -4.10647e+25
-2.92455e+27 -2.91431e+27 -1.02412e+25
-4.77417e+27 -4.75745e+27 -1.67183e+25
-3.22962e+28 -3.21832e+28 -1.13099e+26
-7.3953e+27 -7.3694e+27 -2.58973e+25
-1.92764e+27 -1.92089e+27 -6.75035e+24
-2.28169e+30 -2.2737e+30 -7.9901e+27
-1.47121e+28 -1.46606e+28 -5.15191e+25
-5.69347e+27 -5.67354e+27 -1.99372e+25
-5.52061e+27 -5.50128e+27 -1.93323e+25
-4.01387e+26 -3.99981e+26 -1.40559e+24
-5.43576e+27 -5.41672e+27 -1.90462e+25
-5.67678e+27 -5.6569e+27 -1.98797e+25
-2.86399e+27 -2.85396e+27 -1.00296e+25
-7.91685e+26 -7.88912e+26 -2.77234e+24
-7.80947e+27 -7.78212e+27 -2.73476e+25
-2.42717e+26 -2.41867e+26 -8.49984e+23
-4.48588e+27 -4.47018e+27 -1.57093e+25
-2.25189e+27 -2.24401e+27 -7.88606e+24
-2.83999e+28 -2.83005e+28 -9.94549e+25
-1.38375e+27 -1.3789e+27 -4.84563e+24
-3.85984e+27 -3.84632e+27 -1.35168e+25
-8.78424e+27 -8.75348e+27 -3.07617e+25
-2.98442e+27 -2.97397e+27 -1.04511e+25
-1.07833e+29 -1.07455e+29 -3.77607e+26
-1.27565e+27 -1.27118e+27 -4.46704e+24
-2.3739e+28 -2.36559e+28 -8.31359e+25
-6.5875e+27 -6.56443e+27 -2.30694e+25
-9.48971e+26 -9.45647e+26 -3.32334e+24
-3.2956e+30 -3.28406e+30 -1.15409e+28
-1.72179e+27 -1.71576e+27 -6.02957e+24
-2.55942e+28 -2.55046e+28 -8.96318e+25
-3.99176e+28 -3.97778e+28 -1.39786e+26
-4.5136e+27 -4.49779e+27 -1.58056e+25
-5.77231e+27 -5.7521e+27 -2.02138e+25
-5.91224e+27 -5.89154e+27 -2.07048e+25
-1.6807e+28 -1.67481e+28 -5.88562e+25
-3.04572e+27 -3.03506e+27 -1.06663e+25
-6.92035e+27 -6.89611e+27 -2.42345e+25
-1.17177e+27 -1.16766e+27 -4.10328e+24
-4.51825e+27 -4.50243e+27 -1.58226e+25
-4.04406e+28 -4.0299e+28 -1.41616e+26
-3.41535e+29 -3.40339e+29 -1.19602e+27
-1.17911e+27 -1.17498e+27 -4.1291e+24
-6.57559e+27 -6.55256e+27 -2.30271e+25
-1.39098e+27 -1.38611e+27 -4.87123e+24
-1.25968e+29 -7.7522e+27 -1.18216e+29
-1.36001e+27 -1.35525e+27 -4.76266e+24
-5.90572e+27 -5.88504e+27 -2.06814e+25
-5.33315e+28 -5.31447e+28 -1.86755e+26
-1.74502e+28 -1.73891e+28 -6.11068e+25
-1.4363e+27 -1.43127e+27 -5.02991e+24
-2.22368e+27 -2.21589e+27 -7.78714e+24
-1.66613e+27 -1.6603e+27 -5.83461e+24
-1.38043e+29 -1.37559e+29 -4.83406e+26
-4.58609e+27 -4.57003e+27 -1.60602e+25
inf -4.90985e+27 inf
-1.15204e+28 -1.148e+28 -4.03422e+25
-1.66768e+27 -1.66184e+27 -5.83986e+24
-2.09828e+27 -2.09093e+27 -7.34772e+24
-3.68509e+31 -3.67219e+31 -1.29045e+29
-7.33637e+27 -7.31068e+27 -2.56923e+25
-7.24209e+28 -7.21673e+28 -2.53605e+26
-8.97851e+28 -8.94706e+28 -3.14434e+26
-3.07326e+27 -3.0625e+27 -1.07621e+25
-1.57197e+27 -1.56647e+27 -5.5054e+24
-3.21384e+27 -3.20258e+27 -1.12552e+25
-6.02672e+27 -6.00561e+27 -2.11051e+25
-5.7583e+26 -5.73814e+26 -2.01646e+24
-5.50357e+27 -5.4843e+27 -1.92733e+25
-1.47814e+29 -1.47297e+29 -5.1763e+26
-3.94637e+29 -3.93255e+29 -1.38196e+27
-7.88325e+26 -7.85564e+26 -2.7606e+24
-2.80503e+30 -2.79521e+30 -9.82315e+27
-1.27388e+27 -1.26942e+27 -4.46099e+24
-5.84177e+28 -5.82132e+28 -2.04568e+26
-1.7037e+27 -1.69774e+27 -5.96606e+24
-3.85087e+27 -3.83739e+27 -1.34852e+25
-1.10137e+27 -1.09751e+27 -3.85689e+24
-5.39333e+28 -5.37445e+28 -1.88878e+26
-4.57414e+27 -4.55812e+27 -1.60184e+25
-2.98209e+27 -2.97164e+27 -1.04431e+25
-4.19283e+27 -4.17815e+27 -1.46829e+25
-2.44244e+28 -2.43389e+28 -8.55288e+25
-2.67502e+29 -2.66565e+29 -9.36752e+26
-7.91468e+27 -7.88696e+27 -2.7716e+25
-3.10388e+27 -3.09301e+27 -1.08694e+25
-3.83479e+27 -3.82136e+27 -1.34294e+25
-1.46394e+33 -1.2172e+27 -1.46394e+33
-3.72962e+28 -3.71656e+28 -1.30607e+26
-1.83583e+27 -1.8294e+27 -6.42879e+24
-nan inf -inf
-1.23375e+27 -1.22943e+27 -4.32042e+24
-2.537e+27 -2.52812e+27 -8.8844e+24
-8.1812e+26 -8.15255e+26 -2.86494e+24
-1.65296e+27 -1.64717e+27 -5.78857e+24
-1.18607e+27 -1.18192e+27 -4.15355e+24
-1.56117e+28 -1.55571e+28 -5.46714e+25
-8.42832e+26 -8.3988e+26 -2.9515e+24
-2.36978e+28 -2.36148e+28 -8.29882e+25
-4.53551e+26 -4.51962e+26 -1.58826e+24
-3.38126e+28 -3.36942e+28 -1.1841e+26
-3.10606e+27 -3.09518e+27 -1.08767e+25
-8.0295e+26 -8.00138e+26 -2.81186e+24
-6.17967e+28 -6.15803e+28 -2.16401e+26
-7.62013e+27 -7.59345e+27 -2.66854e+25
-5.02499e+27 -5.00739e+27 -1.75974e+25
-1.29393e+28 -1.2894e+28 -4.53123e+25
-4.90119e+26 -4.88403e+26 -1.71633e+24
inf -6.1246e+27 inf
-6.64582e+28 -6.62254e+28 -2.32731e+26
-5.35921e+28 -3.0169e+27 -5.05752e+28
-8.95741e+27 -8.2696e+27 -6.8781e+26
-1.52434e+27 -1.519e+27 -5.33797e+24
-2.21614e+27 -2.20838e+27 -7.76042e+24
-1.95488e+27 -1.94803e+27 -6.84571e+24
inf -8.48162e+28 inf
-1.03213e+27 -1.02852e+27 -3.61431e+24
-9.7875e+27 -9.75322e+27 -3.42767e+25
-1.5875e+28 -1.58194e+28 -5.55918e+25
-1.18065e+28 -5.58623e+27 -6.22025e+27
-6.11905e+31 -1.57605e+28 -6.11748e+31
-1.05223e+31 -4.34903e+28 -1.04788e+31
-5.79786e+29 -1.56857e+27 -5.78217e+29
-3.16428e+35 -8.90977e+28 -3.16428e+35
-4.10002e+27 -4.08566e+27 -1.43583e+25
-2.06806e+27 -2.06081e+27 -7.24195e+24
-1.40083e+28 -1.39593e+28 -4.90553e+25
-1.64094e+28 -1.6352e+28 -5.74651e+25
-2.20657e+28 -2.19885e+28 -7.72711e+25
-9.07219e+28 -9.04042e+28 -3.17695e+26
-7.52355e+27 -7.4972e+27 -2.6346e+25
-7.07155e+26 -7.04679e+26 -2.47636e+24
-6.75811e+27 -6.73445e+27 -2.36665e+25
-1.09884e+28 -1.09499e+28 -3.84793e+25
-1.07924e+28 -1.07546e+28 -3.77931e+25
-1.06893e+30 -1.06518e+30 -3.74334e+27
-1.30584e+27 -1.30127e+27 -4.57295e+24
-1.0803e+28 -1.07651e+28 -3.7833e+25
-5.08428e+27 -5.06647e+27 -1.78042e+25
-1.93128e+29 -1.92452e+29 -6.76312e+26
-5.6573e+26 -5.63749e+26 -1.98107e+24
-1.77117e+28 -1.76496e+28 -6.20241e+25
-1.68705e+29 -1.68114e+29 -5.90773e+26
inf -8.98539e+26 inf
inf -4.91088e+27 inf
inf -4.66063e+29 inf
-5.79042e+26 -5.77014e+26 -2.02774e+24
inf -5.46011e+27 inf
inf -6.28378e+27 inf
-1.84693e+27 -1.84046e+27 -6.46781e+24
-1.2953e+27 -1.29076e+27 -4.53605e+24
-6.20634e+27 -6.1846e+27 -2.1735e+25
-8.10244e+31 -8.07407e+31 -2.83734e+29
-4.3769e+26 -4.36158e+26 -1.53275e+24
-5.03888e+27 -5.02123e+27 -1.7646e+25
-9.14285e+29 -9.11083e+29 -3.20175e+27
-1.5829e+28 -1.57736e+28 -5.54307e+25
-8.8459e+27 -8.81492e+27 -3.09778e+25
-8.00017e+27 -7.97215e+27 -2.80174e+25
-7.33373e+28 -7.30804e+28 -2.56815e+26
-5.6607e+27 -5.64088e+27 -1.98233e+25
-5.6394e+26 -5.61965e+26 -1.97489e+24
-2.95007e+29 -2.93974e+29 -1.03305e+27
-3.35501e+27 -3.34326e+27 -1.17487e+25
-1.29322e+28 -1.2887e+28 -4.52868e+25
-3.9612e+27 -3.94732e+27 -1.38713e+25
-7.59542e+28 -7.56882e+28 -2.65987e+26
-1.5318e+28 -1.52196e+28 -9.84631e+25
-5.51324e+28 -5.49368e+28 -1.95561e+26
-2.57195e+31 -5.83416e+28 -2.56612e+31
-7.98841e+26 -3.00522e+26 -4.9832e+26
-2.24724e+28 -1.38238e+28 -8.64862e+27
-9.21066e+29 -7.53815e+26 -9.20312e+29
-1.44699e+28 -7.64297e+27 -6.82694e+27
-3.66049e+28 -1.34885e+27 -3.5256e+28
-2.52547e+27 -2.51662e+27 -8.84373e+24
-2.21064e+28 -2.2029e+28 -7.74154e+25
-5.69175e+27 -5.67182e+27 -1.99321e+25
-4.46887e+29 -4.45322e+29 -1.56497e+27
-3.75397e+27 -3.74082e+27 -1.31462e+25
-1.25801e+27 -1.25361e+27 -4.40532e+24
-6.07574e+28 -6.05446e+28 -2.1277e+26
-6.05026e+26 -6.02907e+26 -2.11878e+24
-1.27529e+28 -1.27083e+28 -4.46603e+25
-1.12614e+28 -1.07853e+28 -4.76147e+26
-1.33863e+27 -1.25369e+27 -8.49364e+25
-2.17605e+29 -2.16842e+29 -7.63e+26
-9.87561e+27 -8.69315e+27 -1.18246e+27
inf -1.06292e+29 inf
-2.26354e+29 -2.2556e+29 -7.93485e+26
-3.80014e+27 -3.78084e+27 -1.92961e+25
-2.5601e+27 -2.55114e+27 -8.96534e+24
-2.99426e+27 -2.98377e+27 -1.04859e+25
-1.8211e+27 -1.81473e+27 -6.37719e+24
-1.34774e+27 -1.34302e+27 -4.71955e+24
-1.79811e+28 -1.79181e+28 -6.29675e+25
-3.99399e+27 -3.98e+27 -1.39868e+25
-1.91994e+28 -1.91322e+28 -6.72355e+25
-7.1887e+27 -7.16353e+27 -2.5174e+25
-9.21194e+27 -9.17968e+27 -3.22592e+25
-1.26626e+27 -1.26183e+27 -4.43427e+24
-9.61645e+28 -9.58277e+28 -3.36758e+26
-5.53878e+27 -5.51939e+27 -1.93964e+25
-1.20667e+27 -1.20245e+27 -4.22573e+24
-3.84079e+27 -3.82734e+27 -1.345e+25
-3.64351e+27 -3.63075e+27 -1.27593e+25
-4.32342e+26 -4.30828e+26 -1.51417e+24
-4.97534e+27 -4.95791e+27 -1.7423e+25
-5.75496e+27 -5.73481e+27 -2.01534e+25
-5.05299e+28 -5.0353e+28 -1.7695e+26
-1.35773e+29 -1.35297e+29 -4.75445e+26
-4.59621e+27 -4.58012e+27 -1.60953e+25
-4.70684e+27 -4.69036e+27 -1.64826e+25
-7.36894e+27 -7.34314e+27 -2.58049e+25
-1.79302e+27 -1.78674e+27 -6.27883e+24
-1.19484e+29 -1.19065e+29 -4.18425e+26
-3.37856e+27 -3.36673e+27 -1.18312e+25
-4.98908e+27 -4.97161e+27 -1.74713e+25
-4.93105e+27 -4.91376e+27 -1.72859e+25
-3.43358e+27 -3.42124e+27 -1.23438e+25
-1.821e+29 -5.40047e+28 -1.28095e+29
-6.1868e+28 -6.16511e+28 -2.16895e+26
-6.22812e+27 -6.20631e+27 -2.18104e+25
-9.48529e+27 -9.45208e+27 -3.32161e+25
-2.29593e+27 -2.28789e+27 -8.04026e+24
-1.45731e+27 -1.45221e+27 -5.10348e+24
-1.61389e+27 -1.60823e+27 -5.65168e+24
-4.53301e+27 -4.51714e+27 -1.58738e+25
-1.52466e+27 -1.51923e+27 -5.43534e+24
-1.38723e+27 -1.36836e+27 -1.88719e+25
-5.25809e+26 -4.06343e+26 -1.19466e+26
-3.83731e+29 -2.04534e+29 -1.79197e+29
-1.4348e+29 -1.42092e+29 -1.38839e+27
-1.26899e+27 -1.20955e+27 -5.94368e+25
-2.187e+28 -2.17926e+28 -7.74686e+25
-3.23928e+27 -3.22794e+27 -1.13437e+25
-2.52183e+27 -2.513e+27 -8.83112e+24
-2.47534e+28 -2.46667e+28 -8.66808e+25
-8.11709e+28 -8.08867e+28 -2.84251e+26
-1.38932e+28 -1.38445e+28 -4.8653e+25
-5.546e+27 -5.52658e+27 -1.94214e+25
-1.12442e+29 -1.12048e+29 -3.93756e+26
-7.24056e+27 -7.21521e+27 -2.53556e+25
-5.28572e+29 -2.20288e+28 -5.06543e+29
-4.04709e+29 -2.48122e+27 -4.02228e+29
-1.14545e+27 -1.11559e+27 -2.98534e+25
-8.10199e+28 -8.07318e+28 -2.88089e+26
-2.98065e+28 -2.95833e+28 -2.23265e+26
-9.51405e+29 -5.38087e+27 -9.46025e+29
-8.37545e+26 -8.34612e+26 -2.93304e+24
-4.1646e+29 -4.15002e+29 -1.45837e+27
-5.78845e+27 -5.76818e+27 -2.02713e+25
-1.35802e+27 -1.35326e+27 -4.75627e+24
-2.66508e+27 -2.65575e+27 -9.3328e+24
-1.38304e+27 -1.3782e+27 -4.84318e+24
-8.91797e+26 -8.88674e+26 -3.1229e+24
-9.36853e+29 -4.30571e+29 -5.06282e+29
inf -1.29565e+27 inf
-2.32164e+30 -2.31351e+30 -8.1306e+27
-4.81108e+27 -4.79423e+27 -1.68486e+25
-4.85875e+27 -4.84173e+27 -1.70153e+25
-2.18727e+27 -2.17961e+27 -7.65964e+24
-1.50826e+30 -1.50298e+30 -5.28181e+27
-3.34027e+27 -3.32858e+27 -1.16974e+25
-5.08866e+26 -5.07084e+26 -1.78202e+24
-1.83064e+27 -1.82423e+27 -6.4106e+24
-7.06842e+29 -7.04366e+29 -2.4752e+27
-2.24397e+27 -2.23611e+27 -7.85844e+24
-2.91448e+29 -2.90427e+29 -1.02061e+27
-1.91084e+27 -1.90415e+27 -6.69145e+24
-4.22058e+26 -4.2058e+26 -1.47801e+24
-1.00522e+27 -1.0017e+27 -3.52021e+24
-2.50903e+27 -2.50024e+27 -8.78616e+24
-1.52024e+27 -1.51492e+27 -5.32361e+24
inf -1.10247e+28 inf
-9.38927e+27 -7.65388e+26 -8.62389e+27
-3.43872e+30 -1.92439e+28 -3.41947e+30
-2.24053e+27 -2.23269e+27 -7.84614e+24
-3.962e+28 -3.94812e+28 -1.38747e+26
-7.82248e+27 -7.79509e+27 -2.73938e+25
-3.14189e+28 -3.13089e+28 -1.10024e+26
-1.1689e+27 -1.16481e+27 -4.09342e+24
-1.2499e+29 -1.24552e+29 -4.37707e+26
-4.19007e+27 -4.17539e+27 -1.46734e+25
-3.82648e+27 -3.81297e+27 -1.35019e+25
-1.43399e+31 -2.60438e+30 -1.17355e+31
-2.52117e+28 -2.51234e+28 -8.82875e+25
-2.76407e+27 -2.75439e+27 -9.67979e+24
-3.70949e+27 -3.6965e+27 -1.29914e+25
-8.2231e+28 -8.1943e+28 -2.87969e+26
-7.50396e+27 -7.47769e+27 -2.62777e+25
-2.25955e+27 -2.25164e+27 -7.91273e+24
-6.86567e+27 -6.84163e+27 -2.40445e+25
-1.63556e+27 -1.62984e+27 -5.72759e+24
-5.55632e+27 -5.53686e+27 -1.94577e+25
-5.93757e+26 -5.91678e+26 -2.07931e+24
-1.3726e+27 -1.36779e+27 -4.80676e+24
-1.30749e+28 -1.30291e+28 -4.57864e+25
-2.30424e+28 -2.29617e+28 -8.06907e+25
-2.01678e+27 -2.00972e+27 -7.06263e+24
-1.00728e+27 -1.00375e+27 -3.52729e+24
-1.81379e+31 -1.80744e+31 -6.35167e+28
-3.65502e+28 -3.64223e+28 -1.27994e+26
-1.26186e+28 -1.25744e+28 -4.41898e+25
-5.51368e+27 -5.46399e+27 -4.96946e+25
-1.35673e+28 -1.35185e+28 -4.87986e+25
-3.8891e+28 -3.87491e+28 -1.41897e+26
-1.85438e+27 -1.83735e+27 -1.70297e+25
-2.89797e+28 -1.71465e+28 -1.18332e+28
-1.34442e+28 -1.30715e+28 -3.72675e+26
-1.35803e+28 -8.43783e+27 -5.14251e+27
-1.53914e+27 -1.53375e+27 -5.39003e+24
-2.27134e+28 -2.26339e+28 -7.95433e+25
-6.17336e+26 -6.15174e+26 -2.16186e+24
-3.50659e+28 -3.49431e+28 -1.22798e+26
-4.36597e+27 -4.35068e+27 -1.52889e+25
-1.32702e+27 -1.32237e+27 -4.64723e+24
-5.43775e+30 -5.41871e+30 -1.90437e+28
-3.00152e+26 -2.99101e+26 -1.0511e+24
-8.54383e+27 -8.51391e+27 -2.99202e+25
-1.11803e+28 -1.11411e+28 -3.91526e+25
-2.2589e+28 -2.25099e+28 -7.91035e+25
-3.6538e+27 -3.64101e+27 -1.27953e+25
-2.51948e+27 -2.51065e+27 -8.82299e+24
inf -4.73069e+29 inf
-6.23549e+27 -6.21365e+27 -2.18361e+25
-4.83375e+27 -4.81683e+27 -1.69274e+25
-1.79498e+28 -1.78869e+28 -6.28768e+25
-1.21335e+27 -1.20908e+27 -4.26682e+24
-5.32889e+26 -4.81378e+26 -5.1511e+25
-2.69408e+26 -2.58239e+26 -1.11693e+25
-7.82746e+31 -7.80005e+31 -2.74102e+29
-5.15781e+27 -5.13975e+27 -1.80618e+25
-2.88902e+28 -2.8789e+28 -1.01172e+26
-2.19878e+27 -2.19108e+27 -7.70019e+24
-2.84688e+28 -2.83691e+28 -9.96915e+25
inf -4.36123e+27 inf
-3.66132e+28 -3.6485e+28 -1.28212e+26
-5.75605e+28 -5.7359e+28 -2.01574e+26
-3.50424e+27 -3.49197e+27 -1.22716e+25
-1.74322e+29 -1.73712e+29 -6.10459e+26
-6.09589e+27 -6.07454e+27 -2.13471e+25
-6.1497e+27 -6.12817e+27 -2.15355e+25
-2.79733e+28 -2.78753e+28 -9.79603e+25
-6.94041e+29 -6.91611e+29 -2.43052e+27
-7.80886e+26 -7.78152e+26 -2.73458e+24
-7.2735e+26 -7.24803e+26 -2.54709e+24
-4.81111e+27 -4.79426e+27 -1.68482e+25
-1.34482e+27 -1.34011e+27 -4.70944e+24
-3.4772e+27 -3.46502e+27 -1.21769e+25
-2.2608e+29 -2.25288e+29 -7.91693e+26
-4.76274e+35 -5.94585e+27 -4.76274e+35
-4.17255e+28 -4.15793e+28 -1.46116e+26
-1.61103e+29 -1.60538e+29 -5.64154e+26
-3.19539e+28 -3.1842e+28 -1.11897e+26
-1.66891e+28 -1.66307e+28 -5.84417e+25
-3.96843e+28 -3.95453e+28 -1.38965e+26
-1.43539e+28 -1.43036e+28 -5.02662e+25
-9.90783e+27 -9.87313e+27 -3.46973e+25
-4.45748e+28 -3.13944e+28 -1.31804e+28
-1.56612e+29 -1.56064e+29 -5.48445e+26
-1.03741e+28 -1.03378e+28 -3.63285e+25
-1.52278e+30 -1.51745e+30 -5.33273e+27
-7.20476e+27 -7.17953e+27 -2.52294e+25
-1.77767e+27 -1.77144e+27 -6.22523e+24
-7.64603e+27 -7.61926e+27 -2.67752e+25
-4.55945e+27 -4.54349e+27 -1.59664e+25
-3.61749e+27 -3.60482e+27 -1.26683e+25
-6.6772e+26 -6.65381e+26 -2.33827e+24
-4.76369e+28 -4.74701e+28 -1.66814e+26
-1.30825e+27 -1.30366e+27 -4.58997e+24
-2.73581e+28 -2.60953e+28 -1.26282e+27
-4.63296e+28 -4.55305e+28 -7.99108e+26
-6.99116e+26 -5.92008e+26 -1.07108e+26
-6.17647e+32 -2.47353e+27 -6.17644e+32
inf -2.04325e+27 inf
inf -1.25627e+27 inf
-6.4214e+26 -6.39392e+26 -2.74814e+24
-3.98457e+27 -6.16073e+26 -3.36849e+27
-3.68875e+27 -3.67583e+27 -1.29188e+25
-5.23702e+27 -5.21867e+27 -1.83439e+25
-1.73057e+27 -1.72451e+27 -6.06013e+24
-5.85325e+27 -5.83272e+27 -2.05264e+25
-1.26772e+27 -9.78233e+26 -2.89492e+26
-6.22159e+28 -1.32198e+27 -6.08939e+28
-5.33421e+26 -5.31553e+26 -1.86804e+24
-4.1438e+27 -4.12929e+27 -1.45113e+25
-5.74419e+27 -5.72407e+27 -2.01161e+25
-5.93562e+27 -5.91483e+27 -2.07862e+25
-4.37709e+27 -4.36176e+27 -1.53283e+25
-2.22786e+29 -2.22005e+29 -7.80211e+26
-7.18727e+27 -7.1621e+27 -2.51683e+25
-2.14265e+28 -2.13515e+28 -7.50339e+25
-1.74627e+28 -1.74015e+28 -6.1155e+25
-7.33751e+27 -7.31182e+27 -2.56958e+25
-1.16944e+30 -1.96622e+27 -1.16748e+30
-3.18511e+31 -1.33326e+28 -3.18378e+31
-8.80107e+28 -6.52336e+26 -8.73583e+28
-8.52507e+28 -3.31393e+28 -5.21114e+28
-1.57465e+31 -5.51202e+27 -1.5741e+31
-1.31998e+27 -1.31536e+27 -4.62242e+24
-2.4314e+28 -2.42288e+28 -8.51439e+25
-2.12375e+29 -2.11632e+29 -7.43718e+26
-2.31953e+27 -2.3114e+27 -8.12295e+24
-2.35561e+29 -2.34736e+29 -8.24892e+26
-5.08472e+27 -5.06691e+27 -1.78065e+25
-7.66351e+27 -7.63667e+27 -2.68371e+25
-1.22056e+28 -1.21629e+28 -4.27433e+25
-2.81004e+28 -2.8002e+28 -9.84025e+25
-3.42403e+27 -3.41204e+27 -1.19909e+25
-1.88622e+30 -2.08e+29 -1.67822e+30
-1.87696e+32 -7.63986e+27 -1.87689e+32
-1.03322e+27 -1.0296e+27 -3.61823e+24
-3.95262e+27 -3.93878e+27 -1.38418e+25
-3.75022e+28 -3.73709e+28 -1.31329e+26
-1.16376e+28 -1.15968e+28 -4.07538e+25
-5.2393e+27 -5.22096e+27 -1.83478e+25
-2.16916e+27 -2.16157e+27 -7.59626e+24
-1.97393e+27 -1.96701e+27 -6.91247e+24
-6.90593e+27 -6.88175e+27 -2.41831e+25
-1.70265e+28 -1.69669e+28 -5.96241e+25
-3.8783e+28 -4.38728e+27 -3.43957e+28
-9.05676e+29 -1.00951e+27 -9.04666e+29
-1.22478e+36 -2.55906e+27 -1.22478e+36
-7.33058e+28 -7.30491e+28 -2.56718e+26
-5.86339e+27 -5.84285e+27 -2.05332e+25
-4.40076e+27 -4.38535e+27 -1.5411e+25
-1.59003e+26 -1.58446e+26 -5.5681e+23
-1.63088e+27 -1.62517e+27 -5.71123e+24
-1.81195e+27 -1.8056e+27 -6.34522e+24
-1.30826e+27 -1.30368e+27 -4.5814e+24
-1.45572e+29 -1.45062e+29 -5.09785e+26
-9.69288e+26 -9.65894e+26 -3.39423e+24
-1.38002e+28 -1.37518e+28 -4.83263e+25
-1.30494e+30 -6.11382e+26 -1.30432e+30
-2.81433e+30 -3.11982e+27 -2.81121e+30
inf -8.74076e+27 inf
-8.02644e+28 -7.99833e+28 -2.81076e+26
-7.63785e+27 -7.61111e+27 -2.67472e+25
-2.62506e+28 -2.61587e+28 -9.19256e+25
-2.5129e+28 -2.5041e+28 -8.79976e+25
-4.55339e+27 -4.53745e+27 -1.59455e+25
inf -9.1712e+26 inf
-1.84374e+27 -1.83728e+27 -6.45647e+24
-6.96464e+28 -6.94025e+28 -2.43897e+26
