#TIME             POWER            
1518729240                         
1518729250                         
1518729260                         
1518729271                         
1518729281                         
1518729291                         
1518729301                         
1518729311                         
1518729321                         
1518729331                         
1518729341                         
1518729352                         
1518729362                         
1518729372                         
1518729382                         
1518729392                         
1518729402                         
1518729412                         
1518729423                         
1518729433                         
1518729443                         
1518729453                         
1518729463                         
1518729473                         
1518729484                         
1518729494                         
1518729504                         
1518729514                         
1518729524                         
1518729534                         
1518729545                         
1518729555                         
1518729565                         
1518729575                         
1518729585                         
1518729595                         
1518729605                         
1518729616                         
1518729626                         
1518729636                         
1518729646                         
1518729656                         
1518729666                         
1518729677                         
1518729687                         
1518729697                         
1518729707                         
1518729717                         
1518729727                         
1518729737                         
1518729748                         
1518729758                         
1518729768                         
1518729778                         
1518729788                         
1518729798                         
1518729808                         
1518729819                         
1518729829                         
1518729839                         
1518729849                         
1518729859                         
1518729869                         
1518729880                         
1518729890                         
1518729900                         
1518729910                         
1518729920                         
1518729930                         
1518729940                         
1518729951                         
1518729961                         
1518729971                         
1518729981                         
1518729991                         
1518730001                         
1518730011                         
1518730022                         
1518730032                         
1518730042                         
1518730052                         
1518730062                         
1518730072                         
1518730082                         
1518730093                         
1518730103                         
1518730113                         
1518730123                         
1518730133                         
1518730143                         
1518730153                         
1518730164                         
1518730174                         
1518730184                         
1518730194                         
1518730204                         
1518730214                         
1518730224                         
1518730235                         
1518730245                         
1518730255                         
1518730265                         
1518730275                         
1518730285                         
1518730295                         
1518730306                         
1518730316                         
1518730326                         
1518730336                         
1518730346                         
1518730356                         
1518730366                         
1518730377                         
1518730387                         
1518730397                         
1518730407                         
1518730417                         
1518730427                         
1518730437                         
1518730448                         
1518730458                         
1518730468                         
1518730478                         
1518730488                         
1518730498                         
1518730508                         
1518730519                         
1518730529                         
1518730539                         
1518730549                         
1518730559                         
1518730569                         
1518730580                         
1518730590                         
1518730600                         
1518730610                         
1518730620                         
1518730630                         
1518730640                         
1518730651                         
1518730661                         
1518730671                         
1518730681                         
1518730691                         
1518730701                         
1518730711                         
1518730722                         
1518730732                         
1518730742                         
1518730752                         
1518730762                         
1518730772                         
1518730782                         
1518730793                         
1518730803                         
1518730813                         
1518730823                         
1518730833                         
1518730843                         
1518730853                         
1518730864                         
1518730874                         
1518730884                         
1518730894                         
1518730904                         
1518730914                         
1518730924                         
1518730935                         
1518730945                         
1518730955                         
1518730965                         
1518730975                         
1518730985                         
1518730996                         
1518731006                         
1518731016                         
1518731026                         
1518731036                         
1518731046                         
1518731056                         
1518731067                         
1518731077                         
1518731087                         
1518731097                         
1518731107                         
1518731117                         
1518731127                         
1518731138                         
1518731148                         
1518731158                         
1518731168                         
1518731178                         
1518731189                         
1518731199                         
1518731209                         
1518731219                         
1518731229                         
1518731239                         
1518731250                         
1518731260                         
1518731271                         
1518731281                         
1518731291                         
1518731301                         
1518731311                         
1518731321                         
1518731332                         
1518731342                         
1518731352                         
1518731362                         
1518731372                         
1518731383                         
1518731393                         
1518731403                         
1518731413                         
1518731423                         
1518731434                         
1518731444                         
1518731454                         
1518731464                         
1518731474                         
1518731484                         
1518731495                         
1518731505                         
1518731515                         
1518731525                         
1518731535                         
1518731545                         
1518731556                         
1518731566                         
1518731576                         
1518731586                         
1518731596                         
1518731607                         
1518731617                         
1518731627                         
1518731637                         
1518731648                         
1518731658                         
1518731668                         
1518731678                         
1518731688                         
1518731698                         
1518731709                         
1518731719                         
1518731729                         
1518731739                         
1518731750                         
1518731760                         
1518731770                         
1518731780                         
1518731790                         
1518731801                         
1518731811                         
1518731821                         
1518731831                         
1518731841                         
1518731852                         
1518731862                         
1518731872                         
1518731882                         
1518731892                         
1518731903                         
1518731913                         
1518731923                         
1518731933                         
1518731943                         
1518731953                         
1518731964                         
1518731974                         
1518731984                         
1518731994                         
1518732004                         
1518732015                         
1518732025                         
1518732035                         
1518732045                         
1518732055                         
1518732065                         
1518732075                         
1518732086                         
1518732096                         
1518732106                         
1518732116                         
1518732126                         
1518732136                         
1518732147                         
1518732157                         
1518732167                         
1518732177                         
1518732187                         
1518732197                         
1518732208                         
1518732218                         
1518732228                         
1518732238                         
1518732248                         
1518732259                         
1518732269                         
1518732279                         
1518732289                         
1518732299                         
1518732309                         
1518732319                         
1518732330                         
1518732340                         
1518732350                         
1518732360                         
1518732371                         
1518732381                         
1518732391                         
1518732401                         
1518732411                         
1518732421                         
1518732431                         
1518732442                         
1518732452                         
1518732462                         
1518732472                         
1518732482                         
1518732492                         
1518732502                         
1518732513                         
1518732523                         
1518732533                         
1518732543                         
1518732553                         
1518732563                         
1518732574                         
1518732584                         
1518732594                         
1518732604                         
1518732614                         
1518732624                         
1518732634                         
1518732645                         
1518732655                         
1518732665                         
1518732675                         
1518732685                         
1518732695                         
1518732706                         
1518732717                         
1518732727                         
1518732737                         
1518732747                         
1518732757                         
1518732767                         
1518732777                         
1518732788                         
1518732798                         
1518732808                         
1518732818                         
1518732828                         
1518732838                         
1518732849                         
1518732860                         
1518732870                         
1518732880                         
1518732890                         
1518732900                         
1518732910                         
1518732920                         
1518732931                         
1518732941                         
1518732951                         
1518732961                         
1518732971                         
1518732982                         
1518732992                         
1518733002                         
1518733012                         
1518733022                         
1518733032                         
1518733042                         
1518733053                         
1518733063                         
1518733073                         
1518733083                         
1518733093                         
1518733103                         
1518733114                         
1518733124                         
1518733134                         
1518733144                         
1518733154                         
1518733164                         
1518733174                         
1518733185                         
1518733195                         
1518733205                         
1518733215                         
1518733225                         
1518733235                         
1518733245                         
1518733256                         
1518733266                         
1518733276                         
1518733286                         
1518733296                         
1518733306                         
1518733316                         
1518733327                         
1518733337                         
1518733347                         
1518733357                         
1518733367                         
1518733377                         
1518733388                         
1518733398                         
1518733408                         
1518733418                         
1518733428                         
1518733438                         
1518733448                         
1518733459                         
1518733469                         
1518733479                         
1518733489                         
1518733499                         
1518733509                         
1518733519                         
1518733530                         
1518733540                         
1518733550                         
1518733560                         
1518733570                         
1518733580                         
1518733590                         
1518733601                         
1518733611                         
1518733621                         
1518733631                         
1518733641                         
1518733652                         
1518733662                         
1518733672                         
1518733682                         
1518733692                         
1518733703                         
1518733713                         
1518733723                         
1518733733                         
1518733743                         
1518733754                         
1518733764                         
1518733774                         
1518733784                         
1518733795                         
1518733805                         
1518733815                         
1518733825                         
1518733835                         
1518733845                         
1518733855                         
1518733866                         
1518733876                         
1518733886                         
1518733896                         
1518733906                         
1518733916                         
1518733927                         
1518733937                         
1518733947                         
1518733957                         
1518733967                         
1518733977                         
1518733988                         
1518733998                         
1518734008                         
1518734018                         
1518734028                         
1518734038                         
1518734049                         
1518734059                         
1518734069                         
1518734079                         
1518734089                         
1518734099                         
1518734109                         
1518734120                         
1518734130                         
1518734140                         
1518734150                         
1518734160                         
1518734170                         
1518734181                         
1518734191                         
1518734201                         
1518734211                         
1518734221                         
1518734231                         
1518734242                         
1518734252                         
1518734262                         
1518734272                         
1518734282                         
1518734292                         
1518734302                         
1518734313                         
1518734323                         
1518734333                         
1518734343                         
1518734353                         
1518734363                         
1518734374                         
1518734384                         
1518734394                         
1518734404                         
1518734414                         
1518734424                         
1518734435                         
1518734445                         
1518734455                         
1518734465                         
1518734475                         
1518734485                         
1518734496                         
1518734506                         
1518734517                         
1518734528                         
1518734539                         
1518734549                         
1518734561                         
1518734571                         
1518734582                         
1518734592                         
1518734604                         
1518734614                         
1518734624                         
1518734634                         
1518734644                         
1518734655                         
1518734665                         
1518734675                         
1518734685                         
1518734696                         
1518734706                         
1518734716                         
1518734726                         
1518734738                         
1518734748                         
1518734758                         
1518734769                         
1518734780                         
1518734790                         
1518734800                         
1518734810                         
1518734823                         
1518734833                         
1518734843                         
1518734853                         
1518734864                         
1518734874                         
1518734886                         
1518734896                         
1518734906                         
1518734916                         
1518734928                         
1518734939                         
1518734950                         
1518734960                         
1518734970                         
1518734980                         
1518734992                         
1518735002                         
1518735012                         
1518735022                         
1518735032                         
1518735042                         
1518735053                         
1518735063                         
1518735073                         
1518735084                         
1518735094                         
1518735104                         
1518735115                         
1518735125                         
1518735135                         
1518735145                         
1518735155                         
1518735166                         
1518735176                         
1518735186                         
1518735196                         
1518735206                         
1518735216                         
1518735228                         
1518735238                         
1518735248                         
1518735259                         
1518735269                         
1518735281                         
1518735291                         
1518735301                         
1518735312                         
1518735324                         
1518735334                         
1518735344                         
1518735356                         
1518735368                         
1518735378                         
1518735389                         
1518735400                         
1518735410                         
1518735421                         
1518735431                         
1518735441                         
1518735453                         
1518735463                         
1518735473                         
1518735483                         
1518735495                         
1518735505                         
1518735515                         
1518735526                         
1518735536                         
1518735546                         
1518735556                         
1518735566                         
1518735576                         
1518735587                         
1518735597                         
1518735607                         
1518735618                         
1518735628                         
1518735638                         
1518735649                         
1518735659                         
1518735670                         
1518735682                         
1518735693                         
1518735703                         
1518735713                         
1518735723                         
1518735733                         
1518735744                         
1518735754                         
1518735764                         
1518735774                         
1518735784                         
1518735795                         
1518735805                         
1518735815                         
1518735826                         
1518735836                         
1518735846                         
1518735856                         
1518735867                         
1518735878                         
1518735889                         
1518735899                         
1518735911                         
1518735921                         
1518735931                         
1518735941                         
1518735951                         
1518735961                         
1518735972                         
1518735982                         
1518735995                         
1518736005                         
1518736017                         
1518736027                         
1518736037                         
1518736047                         
1518736057                         
1518736069                         
1518736079                         
1518736090                         
1518736100                         
1518736110                         
1518736120                         
1518736132                         
1518736142                         
1518736152                         
1518736163                         
1518736173                         
1518736183                         
1518736195                         
1518736206                         
1518736216                         
1518736226                         
1518736236                         
1518736246                         
1518736256                         
1518736267                         
1518736277                         
1518736287                         
1518736297                         
1518736307                         
1518736317                         
1518736328                         
1518736338                         
1518736348                         
1518736358                         
1518736369                         
1518736379                         
1518736390                         
1518736400                         
1518736410                         
1518736421                         
1518736431                         
1518736441                         
1518736451                         
1518736461                         
1518736471                         
1518736481                         
1518736492                         
1518736502                         
1518736512                         
1518736522                         
1518736532                         
1518736543                         
1518736553                         
1518736563                         
1518736574                         
1518736584                         
1518736594                         
1518736604                         
1518736615                         
1518736626                         
1518736636                         
1518736646                         
1518736656                         
1518736666                         
1518736677                         
1518736687                         
1518736697                         
1518736707                         
1518736717                         
1518736727                         
1518736737                         
1518736748                         
1518736758                         
1518736768                         
1518736779                         
1518736789                         
1518736799                         
1518736809                         
1518736819                         
1518736829                         
1518736839                         
1518736850                         
1518736860                         
1518736870                         
1518736881                         
1518736891                         
1518736901                         
1518736911                         
1518736921                         
1518736932                         
1518736942                         
1518736952                         
1518736962                         
1518736972                         
1518736982                         
1518736992                         
1518737003                         
1518737013                         
1518737023                         
1518737033                         
1518737043                         
1518737053                         
1518737063                         
1518737074                         
1518737084                         
1518737094                         
1518737104                         
1518737114                         
1518737124                         
1518737135                         
1518737145                         
1518737155                         
1518737165                         
1518737175                         
1518737185                         
1518737195                         
1518737206                         
1518737216                         
1518737226                         
1518737236                         
1518737246                         
1518737256                         
1518737266                         
1518737277                         
1518737287                         
1518737297                         
1518737307                         
1518737317                         
1518737327                         
1518737337                         
1518737348                         
1518737358                         
1518737368                         
1518737378                         
1518737388                         
1518737398                         
1518737409                         
1518737419                         
1518737429                         
1518737439                         
1518737449                         
1518737459                         
1518737469                         
1518737480                         
1518737490                         
1518737500                         
1518737510                         
1518737520                         
1518737530                         
1518737540                         
1518737551                         
1518737561                         
1518737571                         
1518737581                         
1518737591                         
1518737601                         
1518737612                         
1518737622                         
1518737632                         
1518737642                         
1518737652                         
1518737662                         
1518737672                         
1518737683                         
1518737693                         
1518737703                         
1518737713                         
1518737723                         
1518737733                         
1518737744                         
1518737754                         
1518737764                         
1518737774                         
1518737784                         
1518737794                         
1518737804                         
1518737815                         
1518737825                         
1518737835                         
1518737845                         
1518737855                         
1518737865                         
1518737876                         
1518737886                         
1518737896                         
1518737906                         
1518737916                         
1518737926                         
1518737936                         
1518737947                         
1518737957                         
1518737967                         
1518737977                         
1518737987                         
1518737997                         
1518738008                         
1518738018                         
1518738028                         
1518738038                         
1518738048                         
1518738058                         
1518738068                         
1518738079                         
1518738089                         
1518738099                         
1518738109                         
1518738119                         
1518738129                         
1518738139                         
1518738150                         
1518738160                         
1518738170                         
1518738180                         
1518738190                         
1518738200                         
1518738211                         
1518738221                         
1518738231                         
1518738241                         
1518738251                         
1518738261                         
1518738271                         
1518738282                         
1518738292                         
1518738302                         
1518738312                         
1518738322                         
1518738332                         
1518738342                         
1518738353                         
1518738363                         
1518738373                         
1518738383                         
1518738393                         
1518738403                         
1518738414                         
1518738424                         
1518738434                         
1518738444                         
1518738454                         
1518738464                         
1518738474                         
1518738485                         
1518738495                         
1518738505                         
1518738515                         
1518738525                         
1518738535                         
1518738545                         
1518738556                         
1518738566                         
1518738576                         
1518738586                         
1518738596                         
1518738606                         
1518738617                         
1518738627                         
1518738637                         
1518738647                         
1518738657                         
1518738667                         
1518738677                         
1518738688                         
1518738698                         
1518738708                         
1518738718                         
1518738729                         
1518738739                         
1518738749                         
1518738759                         
1518738769                         
1518738779                         
1518738789                         
1518738800                         
1518738810                         
1518738820                         
1518738830                         
1518738840                         
1518738850                         
1518738861                         
1518738871                         
1518738881                         
1518738891                         
1518738901                         
1518738911                         
1518738922                         
1518738932                         
1518738942                         
1518738952                         
1518738962                         
1518738972                         
1518738982                         
1518738993                         
1518739003                         
1518739013                         
1518739023                         
1518739033                         
1518739043                         
1518739054                         
1518739064                         
1518739074                         
1518739084                         
1518739094                         
1518739104                         
1518739114                         
1518739125                         
1518739135                         
1518739145                         
1518739155                         
1518739165                         
1518739175                         
1518739185                         
1518739196                         
1518739206                         
1518739216                         
1518739226                         
1518739236                         
1518739246                         
1518739257                         
1518739267                         
1518739277                         
1518739287                         
1518739297                         
1518739307                         
1518739317                         
1518739328                         
1518739338                         
1518739348                         
1518739358                         
1518739368                         
1518739378                         
1518739389                         
1518739399                         
1518739409                         
1518739419                         
1518739429                         
1518739439                         
1518739449                         
1518739460                         
1518739470                         
1518739480                         
1518739490                         
1518739500                         
1518739510                         
1518739520                         
1518739531                         
1518739541                         
1518739551                         
1518739561                         
1518739571                         
1518739581                         
1518739592                         
1518739602                         
1518739612                         
1518739622                         
1518739632                         
1518739642                         
1518739652                         
1518739663                         
1518739673                         
1518739683                         
1518739693                         
1518739703                         
1518739713                         
1518739724                         
1518739734                         
1518739744                         
1518739754                         
1518739764                         
1518739774                         
1518739784                         
1518739795                         
1518739805                         
1518739815                         
1518739825                         
1518739835                         
1518739845                         
1518739856                         
1518739866                         
1518739876                         
1518739886                         
1518739896                         
1518739906                         
1518739916                         
1518739927                         
1518739937                         
1518739947                         
1518739957                         
1518739967                         
1518739977                         
1518739988                         
1518739998                         
1518740008                         
1518740018                         
1518740028                         
1518740038                         
1518740048                         
1518740059                         
1518740069                         
1518740079                         
1518740089                         
1518740100                         
1518740110                         
1518740120                         
1518740130                         
1518740140                         
1518740150                         
1518740161                         
1518740171                         
1518740181                         
1518740191                         
1518740201                         
1518740211                         
1518740221                         
1518740232                         
1518740242                         
1518740252                         
1518740262                         
1518740272                         
1518740282                         
1518740293                         
1518740303                         
1518740313                         
1518740323                         
1518740333                         
1518740343                         
1518740353                         
1518740364                         
1518740374                         
1518740384                         
1518740394                         
1518740404                         
1518740414                         
1518740425                         
1518740435                         
1518740445                         
1518740455                         
1518740465                         
1518740475                         
1518740485                         
1518740496                         
1518740506                         
1518740516                         
1518740526                         
1518740536                         
1518740547                         
1518740557                         
1518740567                         
1518740577                         
1518740587                         
1518740597                         
1518740608                         
1518740618                         
1518740628                         
1518740638                         
1518740648                         
1518740658                         
1518740668                         
1518740679                         
1518740689                         
1518740699                         
1518740709                         
1518740719                         
1518740729                         
1518740742                         
1518740752                         
1518740762                         
1518740772                         
1518740782                         
1518740793                         
1518740803                         
1518740813                         
1518740823                         
1518740833                         
1518740843                         
1518740854                         
1518740864                         
1518740874                         
1518740884                         
1518740894                         
1518740904                         
1518740914                         
1518740925                         
1518740935                         
1518740945                         
1518740955                         
1518740965                         
1518740975                         
1518740986                         
1518740996                         
1518741006                         
1518741016                         
1518741026                         
1518741036                         
1518741046                         
1518741057                         
1518741067                         
1518741077                         
1518741087                         
1518741097                         
1518741107                         
1518741118                         
1518741128                         
1518741138                         
1518741148                         
1518741158                         
1518741168                         
1518741178                         
1518741189                         
1518741199                         
1518741209                         
1518741219                         
1518741229                         
1518741239                         
1518741250                         
1518741260                         
1518741270                         
1518741280                         
1518741290                         
1518741300                         
1518741310                         
1518741321                         
1518741331                         
1518741341                         
1518741351                         
1518741361                         
1518741371                         
1518741382                         
1518741392                         
1518741402                         
1518741412                         
1518741422                         
1518741432                         
1518741442                         
1518741453                         
1518741463                         
1518741473                         
1518741483                         
1518741493                         
1518741503                         
1518741514                         
1518741524                         
1518741534                         
1518741544                         
1518741554                         
1518741564                         
1518741575                         
1518741585                         
1518741595                         
1518741605                         
1518741615                         
1518741625                         
1518741636                         
1518741646                         
1518741656                         
1518741666                         
1518741676                         
1518741686                         
1518741697                         
1518741707                         
1518741717                         
1518741727                         
1518741738                         
1518741748                         
1518741758                         
1518741768                         
1518741778                         
1518741788                         
1518741799                         
1518741809                         
1518741819                         
1518741829                         
1518741839                         
1518741849                         
1518741859                         
1518741870                         
1518741880                         
1518741890                         
1518741900                         
1518741910                         
1518741920                         
1518741931                         
1518741941                         
1518741951                         
1518741961                         
1518741971                         
1518741981                         
1518741991                         
1518742002                         
1518742012                         
1518742022                         
1518742032                         
1518742042                         
1518742052                         
1518742063                         
1518742073                         
1518742083                         
1518742093                         
1518742103                         
1518742113                         
1518742123                         
1518742134                         
1518742144                         
1518742154                         
1518742164                         
1518742174                         
1518742184                         
1518742195                         
1518742205                         
1518742215                         
1518742225                         
1518742235                         
1518742245                         
1518742256                         
1518742266                         
1518742276                         
1518742286                         
1518742296                         
1518742306                         
1518742316                         
1518742327                         
1518742337                         
1518742347                         
1518742357                         
1518742367                         
1518742377                         
1518742388                         
1518742398                         
1518742408                         
1518742418                         
1518742428                         
1518742438                         
1518742448                         
1518742459                         
1518742469                         
1518742479                         
1518742489                         
1518742499                         
1518742509                         
1518742520                         
1518742530                         
1518742540                         
1518742550                         
1518742560                         
1518742570                         
1518742580                         
1518742591                         
1518742601                         
1518742611                         
1518742621                         
1518742631                         
1518742641                         
1518742652                         
1518742662                         
1518742672                         
1518742682                         
1518742692                         
1518742702                         
1518742713                         
1518742723                         
1518742733                         
1518742743                         
1518742753                         
1518742763                         
1518742773                         
1518742784                         
1518742794                         
1518742804                         
1518742814                         
1518742825                         
1518742835                         
1518742845                         
1518742855                         
1518742865                         
1518742875                         
1518742886                         
1518742896                         
1518742906                         
1518742916                         
1518742926                         
1518742936                         
1518742947                         
1518742957                         
1518742967                         
1518742977                         
1518742987                         
1518742997                         
1518743007                         
1518743018                         
1518743028                         
1518743038                         
1518743048                         
1518743058                         
1518743068                         
1518743079                         
1518743089                         
1518743099                         
1518743109                         
1518743119                         
1518743129                         
1518743140                         
1518743150                         
1518743160                         
1518743170                         
1518743180                         
1518743190                         
1518743200                         
1518743211                         
1518743221                         
1518743231                         
1518743241                         
1518743251                         
1518743261                         
1518743272                         
1518743282                         
1518743292                         
1518743302                         
1518743312                         
1518743322                         
1518743332                         
1518743343                         
1518743353                         
1518743363                         
1518743373                         
1518743383                         
1518743393                         
1518743404                         
1518743414                         
1518743424                         
1518743434                         
1518743444                         
1518743454                         
1518743464                         
1518743475                         
1518743485                         
1518743495                         
1518743505                         
1518743515                         
1518743525                         
1518743536                         
1518743546                         
1518743556                         
1518743566                         
1518743576                         
1518743586                         
1518743597                         
1518743607                         
1518743617                         
1518743627                         
1518743637                         
1518743648                         
1518743658                         
1518743668                         
1518743678                         
1518743688                         
1518743698                         
1518743709                         
1518743719                         
1518743729                         
1518743739                         
1518743749                         
1518743759                         
1518743769                         
1518743780                         
1518743790                         
1518743800                         
1518743810                         
1518743820                         
1518743830                         
1518743841                         
1518743851                         
1518743861                         
1518743871                         
1518743881                         
1518743891                         
1518743902                         
1518743912                         
1518743922                         
1518743932                         
1518743942                         
1518743952                         
1518743963                         
1518743973                         
1518743983                         
1518743993                         
1518744003                         
1518744013                         
1518744024                         
1518744034                         
1518744044                         
1518744054                         
1518744064                         
1518744075                         
1518744085                         
1518744095                         
1518744105                         
1518744115                         
1518744126                         
1518744136                         
1518744146                         
1518744156                         
1518744166                         
1518744177                         
1518744187                         
1518744197                         
1518744207                         
1518744218                         
1518744228                         
1518744238                         
1518744248                         
1518744258                         
1518744269                         
1518744279                         
1518744289                         
1518744299                         
1518744309                         
1518744319                         
1518744330                         
1518744340                         
1518744350                         
1518744360                         
1518744371                         
1518744381                         
1518744391                         
1518744401                         
1518744412                         
1518744422                         
1518744432                         
1518744442                         
1518744452                         
1518744462                         
1518744473                         
1518744483                         
1518744493                         
1518744503                         
1518744513                         
1518744523                         
1518744534                         
1518744544                         
1518744554                         
1518744564                         
1518744574                         
1518744584                         
1518744594                         
1518744605                         
1518744615                         
1518744625                         
1518744635                         
1518744645                         
1518744655                         
1518744665                         
1518744676                         
1518744686                         
1518744696                         
1518744706                         
1518744716                         
1518744726                         
1518744737                         
1518744747                         
1518744757                         
1518744767                         
1518744777                         
1518744787                         
1518744798                         
1518744808                         
1518744818                         
1518744828                         
1518744838                         
1518744848                         
1518744858                         
1518744869                         
1518744879                         
1518744889                         
1518744899                         
1518744909                         
1518744919                         
1518744930                         
1518744940                         
1518744950                         
1518744960                         
1518744970                         
1518744980                         
1518744990                         
1518745001                         
1518745011                         
1518745021                         
1518745031                         
1518745042                         
1518745052                         
1518745062                         
1518745072                         
1518745082                         
1518745092                         
1518745103                         
1518745113                         
1518745123                         
1518745133                         
1518745143                         
1518745153                         
1518745163                         
1518745174                         
1518745184                         
1518745194                         
1518745204                         
1518745214                         
1518745224                         
1518745235                         
1518745245                         
1518745255                         
1518745265                         
1518745275                         
1518745285                         
1518745296                         
1518745306                         
1518745316                         
1518745326                         
1518745336                         
1518745346                         
1518745356                         
1518745367                         
1518745377                         
1518745387                         
1518745397                         
1518745407                         
1518745417                         
1518745428                         
1518745438                         
1518745448                         
1518745458                         
1518745468                         
1518745478                         
1518745488                         
1518745499                         
1518745509                         
1518745519                         
1518745529                         
1518745539                         
1518745549                         
1518745560                         
1518745570                         
1518745580                         
1518745590                         
1518745600                         
1518745610                         
1518745621                         
1518745631                         
1518745641                         
1518745651                         
1518745661                         
1518745671                         
1518745681                         
1518745692                         
1518745702                         
1518745712                         
1518745722                         
1518745732                         
1518745742                         
1518745753                         
1518745763                         
1518745773                         
1518745783                         
1518745793                         
1518745803                         
1518745814                         
1518745824                         
1518745834                         
1518745844                         
1518745854                         
1518745864                         
1518745874                         
1518745885                         
1518745895                         
1518745905                         
1518745915                         
1518745925                         
1518745935                         
1518745946                         
1518745956                         
1518745966                         
1518745976                         
1518745986                         
1518745996                         
1518746007                         
1518746017                         
1518746027                         
1518746037                         
1518746047                         
1518746057                         
1518746067                         
1518746078                         
1518746088                         
1518746098                         
1518746108                         
1518746118                         
1518746128                         
1518746139                         
1518746149                         
1518746159                         
1518746169                         
1518746179                         
1518746189                         
1518746200                         
1518746210                         
1518746220                         
1518746230                         
1518746240                         
1518746250                         
1518746260                         
1518746271                         
1518746281                         
1518746291                         
1518746301                         
1518746311                         
1518746321                         
1518746332                         
1518746342                         
1518746352                         
1518746362                         
1518746372                         
1518746382                         
1518746393                         
1518746403                         
1518746413                         
1518746423                         
1518746433                         
1518746443                         
1518746454                         
1518746464                         
1518746474                         
1518746484                         
1518746494                         
1518746504                         
1518746515                         
1518746525                         
1518746535                         
1518746545                         
1518746555                         
1518746565                         
1518746576                         
1518746586                         
1518746596                         
1518746606                         
1518746616                         
1518746626                         
1518746636                         
1518746647                         
1518746657                         
1518746667                         
1518746677                         
1518746687                         
1518746697                         
1518746708                         
1518746718                         
1518746728                         
1518746738                         
1518746748                         
1518746758                         
1518746769                         
1518746779                         
1518746789                         
1518746799                         
1518746809                         
1518746819                         
1518746830                         
1518746840                         
1518746850                         
1518746860                         
1518746870                         
1518746880                         
1518746890                         
1518746901                         
1518746911                         
1518746921                         
1518746931                         
1518746941                         
1518746951                         
