160.363
160.363
160.363
160.363
157.985
158.746 3.89189
158.746
158.746
158.746
158.746
160.632
160.632
160.632
159.815
159.815
158.745
158.741
158.741
158.741
159.9
159.587
159.356
160.217
160.217 -5.38204 -1.747
159.974
160.428
160.428
158.241 2.54245
157.988 2.31537 6.96558 -1.19369
159.296
159.296
158.997
158.997
158.997
158.997
158.997
158.997
160.655
160.655
160.24
160.24
159.247
159.247 1.70148 -2.75955 -1.31935
159.651 2.07372 -3.37878
159.651
159.651
160.441
160.441
160.441
158.567
159.707
159.707
159.567
159.567
159.567
159.567
159.567 7.12357
159.625
159.224
159.224
158.65
158.922
158.922
158.888
158.888
159.585
159.479
159.479 3.133
159.479 3.02044
159.003
159.003
159.271 -6.44103 1.26939 -4.97156
159.659 2.90544
158.959
158.917
158.917
160.138
160.138
160.138
159.949
159.949
159.969
158.513
159.433
159.433
160.068
160.295
159.575
159.575
159.575
159.558 2.14905
159.055
161.101
161.101
161.031 -2.71073
158.374
158.374
158.374
158.374
158.374
158.482
159.706
159.706
159.706
159.706
159.706
160.289 5.03898
160.566
160.566
160.178
160.178
160.178
159.678
158.739
158.739 -2.68525
158.739 -3.22111
158.775
160.081
160.081
159.662
159.662
158.842
158.842
159.005
160.115
160.115
159.544
158.972
158.972
158.972
159.993
159.713
159.713
159.713
159.713 -0.702207
159.713
160.989
160.989
160.195
159.948
159.948
159.948
159.948
159.948
160.552
160.202
159.355
158.429 -7.02324 2.91781
158.952 -8.02218
159.275 -6.93668
159.275 -6.02659
159.275 -4.75376
159.275 -4.75376
159.275 -4.64835
159.71 -4.64835
160.034 -0.668647
160.321 1.3337
160.321 2.9091
160.321 2.9091
158.805 1.95658
160.932 5.01211 1.57759
157.509 5.26372
157.751 5.44691
157.751 5.86772
157.751 5.86772
158.01 5.86772
159.926 6.40534
159.926 8.04481
159.926 7.54765
159.926 6.92818
159.158 6.01784
159.158 7.26018
159.158 5.67523
160.317 5.71972
160.317 5.38688
160.317 5.42422
160.317 9.32802 -0.77373
160.317 9.63089 1.83266 1.01685
160.603 12.7336 -1.86296 -0.483964 4.50732 6.16517 0.740213 5.8226 0.372296 4.38787 -4.20803 -0.534152
160.603 12.7336
160.319 12.4967 -2.1431
160.319 12.9719 -2.83398 -2.16507
159.887 13.5072 0.123923 -3.54837 -0.400387 -0.789641
159.887 13.5072 0.40476 1.06564
159.887 13.5072
159.887 13.8286 3.25748 -0.929152 -1.08739 1.65024
159.887 13.8286
159.887 13.8286 -0.871203
159.887 15.3855
159.887 15.3855
159.584 15.3855
161.338 15.3855 1.37589 -0.941233
161.338 15.3855
158.365 15.3855
161.392 19.4148 -7.12975
160.529 19.3848
160.939 23.9344
161.092 26.8236
160.351 27.5395
160.351 27.5395
160.351 27.5395
163.671 28.5253 2.49255
29.6041 163.459
163.929 30.9427
162.47 30.9427
165.844 30.9427 0.276521 -0.623387 -0.750119
165.844
165.844
165.844 2.05812
162.39
161.033 -3.05829
160.613
159.92
160.074
160.074 -0.642244
160.734 -0.818888 -4.76943
159.866
159.252
158.526
158.526
160.051
160.051
160.746
160.746
159.716
159.716
159.716
159.716
158.077
160.489
160.489
160.489
160.489 2.38455
160.867
160.867
160.867
160.867
160.867
158.691
158.691
157.892 2.89356
161.284
160.642
160.642
160.642
160.642
158.894
158.796
158.796
158.796 -3.33433
158.796 1.06121
158.796
158.796
158.796
158.796
160.06
159.357
159.725
159.725
160.159 -3.20265 -2.9979
160.159 -10.5185
160.159 -0.392333
159.827
159.827
159.024
159.024
159.024
159.024 -3.48169 1.32067
158.554
158.402
158.402
159.659 0.18139
159.659
159.997
159.997
159.997
162.297
161.269
158.464
158.584
158.584
159.702
159.702 4.50687
159.702
159.702
159.702
159.702
159.702 -1.52365
159.702
160.877
158.765
158.765
159.782
159.782
159.782
158.731
158.731 -5.61101 -4.36691
158.731
158.731
158.731
160.937
161.134
160.17
159.917
159.057
159.057
159.057
159.057 -1.01772
159.057
159.057
161.113
161.113
158.273
158.273
160.305
159.9
159.9
159.9
159.9
159.9
159.9
157.907
157.907
160.853
161.249
161.249
161.249
161.249
161.249
161.249
161.249 -0.740792 0.739124
159.618
159.618
159.618
160.075
160.075
158.423
160.098
160.098
160.098
159.012
159.012
159.198
159.198
159.155
159.155
159.563
159.563
159.459
159.459 0.835002
159.459
159.238
159.238
159.238
159.238
159.238
159.238 -3.14314 -3.13578
160.98
160.98
160.98
160.98
160.98
160.639
161.516
158.118
158.569
158.569
158.569
159.326
159.326
160.641 1.60669
159.865 0.675162
159.865 0.485506 1.30672
159.865 -0.702667
160.535 0.688187
158.183 2.48079 -0.2679
158.748 3.03145
160.395 1.52687 1.55393
159.511 -0.0947503
160.751
160.751
160.751
160.751
160.751
160.751
160.751
160.751
160.751
160.751
159.303
159.303
159.303
159.799
159.37
159.37
160.264 -1.07475 4.71986 0.949468
160.264
162.302
160.346 0.0810733 -1.53487 -0.865373
159.746
159.746
159.746
159.746
159.746
159.746
159.746
160.106
160.106
160.106
159.593
159.593
159.593
159.593
159.593
159.593
159.842
159.842
159.6
158.448
159.498
159.498
159.307
159.307
159.307 -0.365842
159.307 3.43108
159.307
159.307 -3.784
159.307 0.696351
159.855
159.855
159.855
159.855
159.855
159.855
159.855
159.855
159.703
159.703
159.703
159.703
159.703
159.263
159.263
158.618
158.618
158.858 -1.24279
158.858
159.413
159.413
158.509
159.161
161.561
160.144
160.144 -0.430044
160.144
160.144
160.144
160.144
160.144
159.892
159.892
159.892
159.892
159.892
159.892 -2.73031
159.413
159.089
158.586
158.586
160.592
159.333
159.333
159.333
159.333
160.137
160.225
158.714
159.674
159.674
159.674
159.674
160.225
159.53
159.53 1.16018 -0.657081 -5.13684
159.53 -0.86675
160.086
160.086
160.87
160.87 -1.12978 2.99439
160.87
161.497
160.019
160.335
160.335
160.434
160.434
159.35
159.35 1.25426
159.766 1.55099
159.766
159.766
159.766
160.592
158.552 3.7381
158.552
158.552
159.237
158.457
158.44
158.44
158.584 -1.98143
159.783
159.783
159.783
159.306
159.306
160.186
160.186
160.186
160.186
160.244 -0.831569
160.244
159.388 2.12877 -4.73039
159.388
159.388
159.388
159.388
158.902 0.178796
160.454
160.454
160.454
159.425
159.425
159.425
159.425
158.872
158.872
158.872
160.343
160.712
160.712 1.79948 0.518303
160.73 0.518303 1.79948 0.0365994
160.73 0.518303 0.862352
160.299 2.2958 0.69975
160.299 0.69975 -1.51997 -2.01839 1.47085 -1.41417 -4.8396 2.70216 -1.07378 0.0309703
160.299 1.64207 -0.393077 -7.32179 0.687636 2.43708
160.299 1.54126 1.90883
160.345 1.54126 2.0784 2.81419 -0.428297 6.97666
158.622 2.50705 1.47946
158.622 2.50705 1.06127
158.622 1.59011 1.06127 -2.7344 2.38295
158.921 0.667401 1.06127
158.921 4.33694 1.06127 -0.322129
159.421 6.52006 -0.576771
161.19 5.67603 -0.0322556 2.68085
158.712 -0.115736 -0.18399 4.83686 2.55549
158.712 1.1147
158.712 1.1147
158.712 1.1147
158.712 -0.388539
158.712 1.40463
158.686 1.40463
158.686 4.54191
158.76 10.0376
158.76 12.2359
159.567 12.2714
159.567 12.2714
159.567 3.13376
159.567 0.516079
159.567 -4.06818
159.567 2.34757
161.037
160.421 3.47597
160.421
160.421 -7.14364 -0.976053 0.379667 2.5112
160.421 -1.00049
160.421 -0.369964
160.299
159.258 -0.0824472
159.258 -0.726766 2.41893
159.258
159.258 -1.85183
159.258
160.972
159.666
159.407
159.407 -2.28934
159.344
159.344
159.344 4.51827
159.344
159.344
159.344
159.344
159.344
159.344
159.344
159.344
159.192
159.192
157.988
157.988
158.594 1.68483
158.594 4.05445
158.594
158.594
160.015
159.205 1.28319
158.618
158.618 -0.140265
158.618 -0.492822 1.69293
159.71
159.71
159.558
159.558
159.558
160.474 2.97076
160.474 -0.48302
160.912 3.40805
158.531
158.531
158.979
159.129
159.129
158.844
159.985
159.985
159.985
159.985
158.532
159.61
159.131
160.033
160.033
160.033
160.56
158.172
158.108
158.108
159.321
159.799
159.799
159.799
159.799
158.162
158.162
158.162
158.566
158.566 0.812526
158.566
158.566
158.566
158.566
158.566 -1.69833 -0.952678 4.19797
158.566 2.3532 0.774378
159.613
159.613
159.613
159.613
159.613
159.853
159.853
159.853 2.99732 2.0549
159.853 2.17612
159.853 2.17612
159.853 0.466803
159.853 1.02175 5.1832
159.199 1.02175
159.199 1.8698
158.596 2.31255 -2.69869
158.596 7.02569 -2.20397
159.569 6.10794 -2.10392
159.303 6.68836
159.303 7.21291
159.303 6.56182 0.736374 -1.82275 -0.119737
158.488 2.69613
160.136 3.8581
160.136 3.8581 -1.4504 -1.87417
159.37 -0.161921
159.37
159.37
159.953
160.587
160.587
159.683
158.607
159.191
159.191
159.191
159.191
160.512
160.512
160.512
160.512
160.512
160.512
160.512
160.512
159.082
159.082 -5.53389
158.925
159.33
159.33
159.33
159.33
159.33 -4.24262
160.211
160.211 1.49038
160.211
159.576
158.552
159.055 2.27496
159.055 4.39577 2.08473
159.055 4.39577
159.055 -0.590618
159.055 0.263219
159.514 2.30579
159.514 3.65063
158.328 3.59654
158.705 2.3306
160.183 2.3306
160.16 2.67629
160.16 4.56165
158.56 5.51358
160.457 5.42684
160.457 5.42684
160.457 5.42684
159.469 5.60409
159.846 6.39898 -3.49387 -0.753353
158.628 6.39898 0.835631 -0.865018
158.921 6.39898 1.4685
160.672 6.39898
161.677 7.33634
160.736 9.0846
159.47 9.0846
159.47 9.0846 -1.10636
159.47 9.0846
158.801 9.0846
158.801 9.0846 -8.59834
160.876 10.9302 10.4199 -2.07694
161.32 10.9302
159.432 12.1386 -3.10487 -2.82427
159.432 14.1795 0.688087
160.37 14.5795 -3.06284 -2.47949 1.68224
161.037 15.2544
161.307 15.2445 0.441402 -1.62044 -2.49393 2.08243
160.742 15.3813 3.07403
160.683 15.6789 -4.4348 1.49659 -3.47504
158.951 15.6789
162.174 19.2165
163.439 19.2165 -2.11678
163.439 19.2165
161.805 19.2165
159.609 20.1794
159.609
159.875
159.875
159.875 1.21884
159.035
159.035
159.035
159.035
159.586
159.586
159.586
160.68
160.463
160.463
160.463
160.463
160.463
161.101
161.101
161.101
161.101
158.597
160.151
160.151
160.151
160.151
161.385
157.947
157.947
160.571
159.965
159.965
159.613
160.044
159.47
159.47
159.47
159.47
158.502
158.502
158.609
158.609
159.581
159.581
159.581
159.581
159.581
159.581
159.581
159.581
160.339
160.339
160.339
159.869
159.705
159.705
159.906
159.906
159.906
159.906
160.277
158.676
160.067
160.067
160.067
160.275
159.617
159.617
160.443
158.601
158.601
158.601
158.601 -6.80338
158.601
160.999
160.999
160.999
160.707
160.707
160.707
160.707
160.707
160.245
158.825
159.816
159.816 -1.72502 -0.499872
159.816
159.816
159.816 4.34301
159.267 1.06093
158.622
158.622
158.622
159.775
159.775 -0.606213
160.745 -1.5082 -4.37119 -1.21783 -2.07301 -0.502121
160.745 3.71377 -0.161012
159.942
159.59 -3.79409
159.59 6.50668
159.59
159.59
159.763
159.763
159.763
159.763 2.2108
159.127 -0.399084
159.127
159.127
159.754
159.754
159.754 3.912
158.438
158.438 -2.77226
161.303
158.677
158.677
158.677
159.433
159.008 0.544946 1.52063
158.626
158.626
158.626
158.781 -2.66204
159.135
160.602
158.406
158.406
158.406
158.406
158.406
158.406
158.406
160.219
160.416
160.416
160.416
160.416
158.016
157.915
158.673
158.673
158.673
158.673
158.673
158.673
158.673
159.513
159.513
159.073
160.016
160.016 -1.89408
159.093
159.875
159.875
159.875
160.128
160.128
159.616
158.953
159.924
159.924
159.924
159.924
159.924
159.924
160.003
160.177
159.861
159.861
159.558
159.558
159.558
159.558
159.07
159.07
158.674
158.674
158.674
158.55
158.55
159.459 1.01384
160.06 0.886326
160.06
160.06
160.06
160.316 0.848782
160.316 -1.72142 -2.16778 -1.81783 3.32737 -9.86053
160.316 2.91684
158.567
158.567
160.318
160.768
160.768
160.768
159.595
159.595
159.595
159.595
159.595
159.595
159.595 3.09301
159.595
159.595 -6.49998
159.595
159.595 -2.08228
159.595 -1.56345
159.595
159.595
161.521 1.36358
162.084
162.084
158.952
158.952
158.194
158.421
158.421
158.421 -0.657083 3.61244 1.39374
160.695 3.07894
159.679 0.72956
159.679 1.12883
159.679
159.679
159.679
160.298
160.298 -2.22993
158.248
158.248
158.248
158.248
157.818
159.753
159.753
159.753
160.384
160.384
161.126
161.126
160.581
161.494
161.217
161.217
161.216
161.216
160.465
160.465
