1341.43
1348.23
1330.41
1374.07
1374.73
1408.3
1439.34
1386.42
1401.09
1383.84
1320.44
1398.25
1336.16
1298.64
1449.68
1412.15
1462.55
1374.3
1369.63
1389.46
1494.33
1372.2
1333.18
1291.58
1429.68
1326.86
1426.58
1386.33
1427.97
1451.04
1389.15
1331.44
1396.32
1322.93
1314.8
1358.37
1429.97
1424.46
1434.18
1404.46
1419.89
1357.99
1375.11
1337.78
1359.57
1375.86
1368.43
1447.59
1309.8
1361.68
1375.63
1352.82
1431.14
1378.46
1366.9
1368.63
1398.12
1355.76
1329
1415.71
1423.03
1367.72
1401.09
1408.44
1397.11
1322.59
1306.56
1357.22
1303.22
1396.15
1271.83
1376.78
1425.33
1412.96
1449.84
1344.05
1330.05
1367.17
1387.62
1301.36
1350.96
1341.71
1346.18
1384.06
1326.6
1385.27
1409.8
1298.93
1436.37
1300.31
1391.52
1342.06
1375.16
1365.01
1425.06
1420.23
1351.3
1410.14
1338.48
1360.68
1361.88
1349.15
1324.06
1345.06
1336.99
1354.34
1363.55
1384.46
1393.03
1397.08
1406.07
1377.09
1373.26
1329.22
1471.97
1311.45
1331.92
1365.73
1386.52
1310.26
1292.22
1391.48
1389.43
1287.97
1369.31
1430.41
1345.72
1378.91
1328.77
1347.77
1391.39
1360.55
1431.47
1375.67
1378.77
1361.89
1324.7
1357.48
1334.23
1398.06
1348.59
1401.58
1353.47
1472.32
1354.87
1352.16
1382.08
1318.59
1376.89
1389.96
1360.2
1459.09
1428.15
1409.66
1398.63
1404.15
1380.28
1317.41
1372.89
1354.72
1388.4
1440.11
1382.28
1367.46
1381.83
1364.98
1434.61
1363
1403.32
1439.3
1549.46
1385.32
1423.84
1444.12
1536.61
1444.7
1395.56
1549.01
1537.84
1503.68
1598.91
1587.93
1582.34
1594.05
1766.62
1790.14
1791.88
1963.49
2240.65
2325.36
2401
2562.63
2972.26
3202.67
3393.12
4146.34
4209.73
4388.42
4667.79
4954.72
4939.51
5270.04
5308.1
5127.92
4927.4
5196.99
1415.59
1451.28
1409.84
1393.09
1343.71
1377.3
1397.67
1331.16
1389.98
1387.2
1369.81
1385.53
1361.22
1326.61
1336.7
1373.89
1354.35
1360.7
1372.63
1443.94
1314.84
1400.86
1384.97
1388.95
1441.07
1434.06
1366.84
1427.15
1322.65
1429.48
1444.48
1387.08
1382.86
1372.48
1432.77
1368.53
1425.56
1383.89
1346.94
1378.78
1318.14
1331.28
1384.57
1374.32
1405.68
1324.77
1464.2
1382.29
1404.45
1386.19
1378.8
1392.88
1441.2
1363.11
1372.03
1411.22
1472.06
1456.45
1447.37
1390.63
1394.73
1364.87
1392.72
1457.96
1371.74
1506.39
1325.62
1338.62
1424.16
1341.88
1439.36
1381.1
1413.1
1323.72
1307.49
1384.82
1345.95
1365.24
1342.41
1316.95
1335.14
1328.12
1424.88
1367.5
1448.44
1311.41
1336.77
1403.41
1354.58
1281.62
1341.31
1362.61
1392.39
1377.56
1389.68
1376.64
1353.95
1396.75
1370.73
1350.01
1395.93
1408.66
1365.28
1333.79
1443.78
1412.92
1356.07
1445.46
1333.37
1363.77
1375.66
1380.45
1438.82
1305.68
1340.97
1285.37
1333.89
1404.31
1353.38
1382.89
1333.32
1346.55
1409.6
1401.37
1368.01
1353.81
1395.21
1415.97
1380.38
1380.77
1405.91
1401.63
1335.47
1358.35
1384.32
1451.71
1375.03
1396.11
1320.83
1446.5
1410.18
1400.25
1366.95
1345.24
1408.03
1364.7
1411.32
1348.25
1400.48
1443.77
1293.14
1351.4
1320.94
1390.2
1382.5
1308.03
1433.28
1411.26
1399.91
1428.46
1373.82
1401.23
1337.95
1324.18
1370.31
1398.79
1484.75
1334.58
1390.31
1456.08
1465.83
1414.4
1359
1429.39
1373.31
1340.61
1371.77
1359.07
1317.63
1409.54
1376.5
1424.34
1380.86
1395.57
1431.84
1436.36
1395.6
1341.14
1374.23
1414.08
1420.13
1318.9
1418.24
1267.46
1369.16
1359.16
1346.74
1388.32
1401.67
1392.79
1356.84
1340.57
1432.74
1385.69
1474.22
1382.57
1375.13
1381.43
1351.11
1325.19
1395.5
1422.67
1331.72
1373.47
1310.22
1460.43
1384.62
1404.76
1359.69
1316.15
1313.83
1376.77
1320.75
1385.36
1410.22
1361.25
1368.12
1310.48
1419.01
1359.47
1367.22
1407.11
1356.23
1366.57
1435.6
1338.03
1428.2
1309.04
1375.03
1377.5
1327.43
1350.64
1273.05
1348.96
1374.51
1318.17
1387.41
1333.65
1524.45
1396.75
1302.82
1354.65
1382.39
1409.65
1349.86
1311.3
1400.3
1369.26
1466.71
1375.1
1385.4
1413.28
1405.08
1340.3
1376.89
1414.61
1395.76
1402.28
1423.48
1350.73
1412.64
1362.01
1322.7
1430.67
1368.21
1371.99
1426.87
1386.13
1432.41
1392.7
1399.04
1501.13
1456.6
1344.72
1328.74
1373.71
1375.54
1326.9
1314
1408.99
1419.79
1275.58
1402.57
1404.75
1344.13
1399.48
1387
1361.73
1375.81
1423.59
1314.69
1421.64
1399.69
1412.33
1271.22
1297.28
1393.78
1397.98
1352.37
1345.08
1421.98
1326.1
1315.67
1351.42
1394.47
1412.52
1364.26
1352.4
1385.4
1389.2
1407.32
1367.04
1331.52
1351.57
1407.94
1411.7
1352.48
1367.58
1361.01
1407.05
1324.99
1352.65
1424.06
1376.13
1405.6
1363.15
1410.1
1471.9
1362.01
1443.59
1445.35
1462.14
1510.06
1447.55
1425.02
1393.5
1528.66
1626.82
1408.9
1474.39
1503.31
1359.43
1365.28
1454.31
1551.67
1504.07
1466.03
1454.08
1443.2
1411.09
1496.59
1430.05
1327.18
1386.33
1424.6
1450.75
1349.31
1328.86
1370.97
1410.41
1394.86
1369.56
1349.76
1389.67
1365.19
1420.09
1376.83
1348.53
1435.53
1377.87
1378.85
1388.42
1317.07
1398.96
1340.74
1407.77
1423.96
1343.86
1414.89
1337.21
1420.89
1382.16
1351.67
1491.79
1381.58
1314.32
1419.62
1390.05
1388.64
1352.16
1348.62
1386.43
1390.49
1438.95
1394.38
1410.61
1395.07
1401.23
1303.17
1465.94
1365.61
1356.38
1355.63
1321.4
1365.77
1370.72
1328.09
1366.96
1473.16
1418.02
1331.62
1372.96
1434.37
1388.3
1460.45
1437.82
1424.46
1394.34
1348.74
1395.29
1370.05
1331.14
1403.57
1370.82
1453.65
1412.24
1432.28
1443.38
1489.25
1391.51
1417.84
1408.09
1314.06
1457.91
1308.64
1431.2
1402.98
1328.6
1411.35
1420.28
1374.65
1410.94
1385.54
1365.7
1408.47
1362.43
1432.73
1443.97
1418.93
1386.5
1444.4
1372.37
1377.21
1420.94
1363.68
1504.23
1397.15
1418.24
1490.94
1432.22
1454.39
1570.81
1347.44
1333.12
1361.27
1375.65
1316.32
1377.96
1388.49
1334.97
1302.28
1413.5
1437.83
1384.3
1412.46
1408.07
1367.56
1378.48
1319.93
1374.73
1342.67
1517.58
1413.46
1380.24
1400.98
1367.71
1354.99
1425.08
1377.9
1361.28
1408.71
1320.37
1348.08
1333.79
1313.31
1451.33
1447.06
1363.53
1451.3
1433.81
1436.06
1377.61
1478.15
1454.18
1496.58
1509.66
1511.74
1551.53
1718.02
1798.69
1880.13
1925.26
2110.86
2270.47
2588.59
2762.56
2851.88
3064.04
3529.58
3812.28
4370.19
4471.38
5141.6
5597.66
5544.46
5833.69
5829.49
5794.79
5970.24
6148.87
6183.65
6585.05
6130.67
5949.66
5993.09
6084.86
5569.35
6102.05
1383.69
1341.66
1402.21
1339.95
1397.26
1358.15
1366.82
1416.33
1358.71
1365.22
1416.49
1350.18
1418.59
1354.99
1318.43
1366.04
1417.57
1347.24
1337.57
1341.27
1453.97
1466.61
1470.64
1417.83
1284.6
1414.53
1382.95
1370.46
1448.82
1357.63
1399.29
1437.53
1405.31
1386.24
1398.76
1357.61
1407.95
1407.34
1415.81
1413.1
1400.74
1295.81
1401.14
1398.63
1358.11
1436.97
1310.36
1334.42
1313.78
1365.67
1393.71
1491.83
1390.46
1456.04
1399.79
1361.3
1358.52
1325.78
1421.01
1345
1464.86
1398.18
1414.58
1328.18
1420.52
1407.41
1388.78
1382.44
1431.71
1518.14
1358.12
1420.85
1348.31
1359.4
1302.15
1362.28
1328.37
1381.2
1387.41
1419.12
1302.15
1392.07
1399.51
1429.97
1409.99
1398.02
1396.26
1406.75
1388.01
1471.66
1312.03
1353.21
1384.68
1274.93
1452.69
1398.81
1438.73
1419.77
1374.92
1333.83
1417.47
1291.35
1368.13
1326.58
1403.72
1405.37
1399.2
1365.56
1431.21
1402.88
1350.09
1392.41
1377.15
1325.01
1433.41
1307.06
1404.12
1420.75
1331.72
1414.54
1310.8
1412.79
1360.39
1434.63
1357.09
1355.85
1497.66
1459.3
1367.48
1377.64
1331.3
1414.97
1332.56
1418.78
1408.96
1375.58
1327.73
1460.16
1446.74
1376.66
1418.47
1308.23
1385.46
1328.55
1408.33
1400.66
1371.02
1375.3
1398.18
1415.01
1380.68
1373.11
1419.09
1389.45
1373.12
1410.11
1457.98
1326.32
1335.76
1354.12
1373.21
1350.68
1303.89
1403.89
1424.72
1375.6
1425.12
1387.53
1411.49
1394.98
1367.8
1396.92
1349.93
1413.46
1301.34
1404.78
1347.64
1378.7
1431.08
1452.31
1431.47
1325.94
1448.02
1364.28
1346.93
1352.98
1380.69
1389.48
1363.2
1405.82
1426.99
1428.44
1398.05
1351.72
1395.03
1392.46
1393.49
1383.83
1447.98
1381.28
1335.07
1425.19
1435.5
1416.22
1386.35
1404.83
1382.84
1285.18
1322
1420.86
1366.66
1377.09
1344.67
1427.85
1335.29
1414.02
1425.47
1394.26
1413.51
1407.38
1394.29
1346.56
1413.59
1354.3
1401.01
1356.82
1387.68
1356.89
1416.41
1363.43
1427.43
1365.69
1346.85
1321.96
1410.49
1463.05
1368.92
1367.54
1432.14
1332.03
1381.3
1409.26
1343.45
1427.51
1312.8
1449.31
