0.418581 0.312718
0.418537 0.288897
0.417143 0.242069
0.419535 0.288114
0.423636 0.378698
0.424889 0.400982
0.41913 0.24744
0.417021 0.182646
0.4225 0.310285
0.426939 0.415083
0.4264 0.394426
0.427451 0.41479
0.426923 0.39471
0.424906 0.335293
0.425185 0.335293
0.426182 0.354575
0.425 0.316511
0.426667 0.35409
0.426897 0.35409
0.429831 0.427393
0.428667 0.391186
0.43082 0.444849
0.431613 0.462527
0.433651 0.514947
0.434375 0.532221
0.436308 0.583463
0.436364 0.583463
0.436418 0.583463
0.434118 0.517349
0.437101 0.599117
0.438286 0.631483
0.43662 0.583434
0.437778 0.615142
0.435616 0.552361
0.435676 0.552361
0.4368 0.583138
0.435263 0.537417
0.433766 0.492132
0.431795 0.432318
0.429873 0.373058
0.431 0.402417
