0.241207
0.18708
0.18708
0.212639
0.269238
0.302476
0.302476
0.24813
0.133662
0.133662
0.133662
0.021973
0.021973
0.021973
0.11718
0.11718
0.11718
0.11718
0.11718
0.11718
0.11718
0.11718
0.334141
0.392884
0.392884
0.392884
0.392884
0.392884
0.091493
0.0299665
0.0299665
0.0299665
0.0299665
0.0299665
0.125316
0.319817
0.319817
0.308236
0.39917
0.39917
0.294253
0.294253
0.294253
0.294253
0.0422495
0.0627946
0.0627946
0.0627946
0.0627946
0.0627946
0.258009
0.258009
0.184672
0.184672
0.193645
0.193645
0.206613
0.206613
0.206613
0.172932
0.172932
0.23344
0.23344
0.137962
0.137962
0.137962
0.137962
0.137962
0.229659
0.315514
0.463279
0.677596
0.677596
0.714053
0.6958
0.6958
0.6958
0.135773
0.231304
0.238913
0.0537799
0.121957
0.115122
0.115122
0.115122
0.252476
0.282475
0.151694
0.151694
0.151694
0.0807467
0.0807467
0.0865843
0.0865843
0.281364
0.281364
0.109433
0.0346693
0.320422
0.320422
0.320422
0.273901
0.144037
0.144037
0.157682
0.496921
0.344205
0.328791
0.113453
0.113453
0.113453
0.113453
0.113453
0.303806
0.0983008
0.207981
0.207981
0.207981
0.207981
0.207981
0.12725
0.12725
0.0802125
0.0802125
0.0802125
0.081553
0.081553
0.081553
0.081553
0.081553
0.081553
0.081553
0.081553
0.081553
0.081553
0.0197199
0.0197199
0.0197199
0.0197199
0.0197199
0.0197199
0.0197199
0.0197199
0.0197199
0.0814702
0.0814702
0.0814702
0.0814702
0.104422
0.104422
0.104422
0.104422
0.0836033
0.0836033
0.0836033
0.172415
0.170783
0.170783
0.277885
0.277885
0.140702
0.140702
0.140702
0.140702
0.140702
0.139017
0.467407
0.467407
0.467407
0.467407
0.467407
0.467407
0.163465
0.163465
0.163465
0.163465
0.501241
0.984149
1.03252
1.13344
0.973846
0.973846
0.973846
0.976247
0.976247
0.878509
1.10951
1.10951
0.802294
0.802294
0.759671
0.530066
0.499792
0.481302
0.329719
0.329719
0.240294
0.0294406
0.0294406
0.199109
0.199109
0.273912
0.190606
0.190606
0.190606
0.190606
0.190606
0.11559
0.118235
0.335434
0.335434
0.0310707
0.245395
0.443086
0.527966
0.177268
0.177268
0.177268
0.289831
0.259617
0.0576148
0.0720281
0.120416
0.0632653
0.0632653
0.0632653
0.207766
0.207766
0.229784
0.421485
0.421485
0.421485
0.421485
0.421485
0.421485
0.347208
0.347208
0.347208
0.347208
0.17096
0.17096
0.17096
0.17096
0.17096
0.26687
0.263623
0.235886
0.235886
0.309992
0.255617
0.255617
0.255617
0.255617
0.255617
0.125664
0.125664
0.5254
0.688621
0.688621
0.688621
0.688621
0.475059
0.475059
0.475059
0.276135
0.615938
0.341111
0.316206
0.323863
0.323863
0.181151
0.16326
0.0261826
0.0261826
0.0261826
0.0261826
0.0261826
0.230088
0.230088
0.286398
0.286398
0.286398
0.203503
0.203503
0.203503
0.280536
0.280536
0.271166
0.13793
0.13793
0.13793
0.128932
0.338283
0.338283
0.213358
0.213358
0.171771
0.171771
0.171771
0.171771
0.171771
0.171771
0.171771
0.0815649
0.0815649
0.0934489
0.371335
0.371335
0.286362
0.286362
0.286362
0.430077
0.430077
0.253437
0.253437
0.253437
0.253437
0.269412
0.269412
0.269412
0.269412
0.269412
0.269412
0.0324745
0.0324745
0.200776
0.200776
0.200776
0.200776
0.200776
0.200776
0.200776
0.200776
0.303229
0.2958
0.489818
0.238088
0.116099
0.0403973
0.299942
0.0632841
0.0632841
0.0632841
0.0632841
0.0632841
0.14565
0.14565
0.14565
0.14565
0.195586
0.390813
0.0337201
0.0337201
0.380499
0.279769
0.279769
0.282775
0.240496
0.240496
0.240496
0.240496
0.240496
0.249406
0.249406
0.0153558
0.0153558
0.0153558
0.0153558
0.370548
0.316433
0.316433
0.519636
0.36214
0.36214
0.36214
0.272924
0.272924
0.272924
0.0230667
0.0230667
0.080578
0.080578
0.200891
0.200891
0.200891
0.200891
0.200891
0.0253425
0.0253425
0.0253425
0.0253425
0.243914
0.243914
0.707231
0.707231
0.471008
0.471008
0.471008
0.471008
0.214032
0.214032
0.214032
0.141327
0.141327
0.0850689
0.0850689
0.0850689
0.0850689
0.0850689
0.0850689
0.134194
0.0598416
0.228062
0.0863035
0.0863035
0.171797
0.215579
0.131666
0.131666
0.131666
0.278293
0.44474
0.283607
0.29761
0.29761
0.38245
0.227254
0.268796
0.268796
0.268796
0.240806
0.0474111
0.0529298
0.0529298
0.0529298
0.0529298
0.0529298
0.0529298
0.0529298
0.0529298
0.0529298
0.0529298
0.0529298
0.15277
0.15277
0.358149
0.0730882
0.0420133
0.239615
0.239615
0.260981
0.414778
0.29468
0.29468
0.475496
0.138097
0.138097
0.138097
0.138097
0.276604
0.11182
0.11182
0.11182
0.383707
0.205663
0.205663
0.0985022
0.0985022
0.063994
0.271368
0.390118
0.225578
0.0387876
0.0387876
0.0387876
0.0387876
0.294513
0.347519
0.184533
0.184533
0.184533
0.184533
0.379243
0.344663
0.344663
0.344663
0.344663
0.344663
0.140799
0.140799
0.140799
0.140799
0.140799
0.194367
0.194367
0.104632
0.104632
0.104632
0.104632
0.114961
0.114961
0.0916171
0.0916171
0.27927
0.310233
0.0779215
0.0779215
0.362099
0.156959
0.156959
0.375705
0.395216
0.182197
0.182197
0.182197
0.182197
0.267082
0.267082
0.0898697
0.0898697
0.150007
0.248618
0.389482
0.389482
0.389482
0.389482
0.393538
0.239964
0.0779194
0.0779194
0.0779194
0.182944
0.182944
0.210916
0.210916
0.210916
0.210916
0.210916
0.116564
0.116564
0.462998
0.462998
0.462998
0.49296
0.747887
0.747887
0.525479
0.525479
0.260233
0.255436
0.255436
0.433438
0.739981
1.06673
1.09051
0.32069
0.182088
0.197015
0.273077
0.273077
0.273077
0.222543
0.222543
0.222543
0.222543
0.222543
0.222543
0.222543
0.0291482
0.653992
0.805356
0.805356
0.805356
0.709633
0.771496
0.704116
0.704116
0.585963
0.584137
0.579863
0.579863
0.579863
0.48566
0.48566
0.48566
0.255701
0.131026
0.131026
0.249094
0.249094
0.285128
0.285128
0.203731
0.199361
0.199361
0.199361
0.199361
0.199361
0.199361
0.212786
0.153692
0.30525
0.264787
0.264787
0.112522
0.112522
0.112522
0.426246
0.426246
0.271831
0.360204
0.153115
0.144311
0.144311
0.144311
0.144311
0.144311
0.424849
0.0766884
0.0766884
0.206962
0.127243
0.127243
0.127243
0.0551099
0.33117
0.031701
0.031701
0.031701
0.031701
0.031701
0.031701
0.031701
0.109411
0.121185
0.121185
0.121185
0.121185
0.0425052
0.0425052
0.147628
0.119169
0.119169
0.119169
0.150094
0.150094
0.150094
0.400333
0.0725486
0.130375
0.130375
0.734769
0.734769
0.67078
0.785405
1.08272
0.232649
0.232649
0.232649
0.232649
0.232649
0.232649
0.232649
0.232649
0.232649
0.232649
0.232649
0.351811
0.107057
0.616992
0.487788
0.241188
0.510632
0.510632
0.510632
0.244862
0.244862
0.223264
0.123249
0.123249
0.123249
0.0674026
0.0674026
0.0674026
0.0674026
0.0606203
0.0606203
0.0606203
0.0606203
0.0606203
0.0606203
0.0606203
0.0606203
0.1082
0.217495
0.217495
0.217495
0.217495
0.217495
0.217495
0.217495
0.217495
0.217495
0.217495
0.21998
0.312824
0.266708
0.2892
0.0578788
0.0578788
0.1829
0.190023
0.190023
0.216396
0.216396
0.197641
0.194511
0.194511
0.318924
0.375813
0.145771
0.14245
0.14245
0.295632
0.316532
0.316532
0.135655
0.767279
0.767279
0.767279
0.190951
0.190951
0.434224
0.15731
0.0338394
0.866136
0.866136
0.866136
0.571345
0.571345
0.571345
0.638066
0.341108
0.79731
0.79731
0.356037
0.356037
0.356037
0.356037
0.337256
0.357755
0.380524
0.380524
0.380524
0.380524
0.380524
0.380524
0.228938
0.10139
0.136477
0.216114
0.216114
0.316423
0.316423
0.316423
0.0517059
0.0517059
0.0517059
0.0517059
0.0517059
0.0517059
0.0517059
0.0517059
0.0517059
0.0517059
0.0517059
0.0517059
0.462185
0.292063
0.28918
0.35472
0.35472
0.387694
0.156884
0.407382
0.407382
0.0427097
0.0427097
0.297092
0.297092
0.297092
0.297092
0.049674
0.296192
0.365186
0.302242
0.302242
0.302242
0.302242
0.302242
0.291976
0.291976
0.125298
0.125298
0.125298
0.125298
0.125298
0.125298
0.125298
0.125298
0.125298
0.125298
0.125298
0.125298
0.125298
0.125298
0.198726
0.198726
0.266708
0.266708
0.266708
0.277207
0.277207
0.288785
0.0853238
0.164062
0.211682
0.211682
0.211682
0.211682
0.199536
0.125055
0.125055
0.196724
0.196724
0.196724
0.196724
0.196724
0.196724
0.343414
0.343414
0.343414
0.290892
0.290892
0.433434
0.433434
0.433434
0.210545
0.431431
0.498006
0.498006
0.416423
0.20316
0.20316
0.20316
0.105707
0.105707
0.291822
0.178651
0.178651
0.259103
0.259103
0.184847
0.184847
0.296478
0.296478
0.116709
0.116709
0.116709
0.116709
0.116709
0.314724
0.2409
0.194802
0.376499
0.109487
0.109487
0.0728514
0.0728514
0.0728514
0.0728514
0.0728514
0.0728514
0.0728514
0.0728514
0.0516803
0.287336
0.287336
0.154486
0.154486
0.154486
0.154486
0.154486
0.154486
0.141747
0.141747
0.0254987
0.0254987
0.0254987
0.0568636
0.0568636
0.121605
0.364235
0.364235
0.364235
0.260046
0.260046
0.260046
0.260046
0.260046
0.260046
0.379456
0.379456
0.403989
0.403989
0.403989
0.0753335
0.0753335
0.0753335
0.0753335
0.0753335
0.0753335
0.197051
0.272909
0.272909
0.272909
0.272909
0.272909
0.272909
0.272909
0.272909
0.272909
0.272909
0.272909
0.272909
0.615377
0.365759
0.365759
0.365759
0.365759
0.451012
0.703111
0.703111
0.920292
1.02728
1.02728
0.384682
0.384682
0.384682
0.384682
0.394831
0.394831
0.394831
0.156844
0.145697
0.304825
0.304825
0.304825
0.304825
0.304825
0.304825
0.304825
0.304825
0.408695
0.408695
0.408695
0.376852
0.376852
0.376852
0.376852
0.376852
0.376852
0.376852
0.243367
0.243367
0.271648
0.271648
0.487277
0.311983
0.278357
0.126382
0.126382
0.289119
0.289119
0.289119
0.542578
0.542578
0.295214
0.295214
0.137314
0.137314
0.137314
0.343685
0.343685
0.343685
0.343685
0.102074
0.158135
0.111183
0.111183
