1
1
0.999999
0.999776
0.999395
0.999807 0.000186858
1
0.999756
0.999909
1
1
1
0.999999
1
1
0.99904
1
1
1
1
1
1
0.999994
0.99955 0.000389417 4.98159e-05
0.999951
0.999989
0.999973
0.999672 0.000292495
0.99927 0.000354944 0.00033495 3.97886e-05
1
1
1
1
1
0.999824
0.999969
0.999828
0.999989
1
0.9999
0.999925
0.999998
0.999766 0.00020721 4.20565e-06 2.20261e-05
0.999956 2.5183e-05 1.78288e-05
1
1
1
1
1
0.9999
1
0.99999
0.999988
0.999994
1
1
0.999541 0.000239587
0.999993
0.999977
1
0.999997
1
0.999998
0.999843
1
1
1
0.999653 0.000346917
0.999713 0.000204677
0.999959
0.999985
0.999526 9.22114e-05 0.000193168 0.000152468
0.999753 0.000245298
0.999906
0.9999
0.999999
0.999961
0.999998
0.999673
0.999931
1
0.999989
0.999971
1
0.999883
1
1
0.999989
1
1
0.999739 0.000260072
0.999976
1
1
0.999977 2.21389e-05
0.999935
0.999995
1
1
0.99998
0.999951
1
0.999986
1
0.999995
0.999978
0.99982 0.000172255
0.999992
0.999808
1
1
1
1
0.999993
0.99924 0.000705992
0.999823 0.000177148
1
1
1
0.999786
1
0.999993
1
0.999999
1
0.999999
1
0.999999
1
1
1
0.999904
0.999945
1
0.999779 0.000215018
0.999998
1
1
1
1
1
1
1
1
1
1
1
0.99946 0.000421376 0.000111689
0.999694 0.000263213
0.999837 0.000163301
0.999893 0.000106614
0.999257 0.000742656
0.999952 4.76906e-05
0.99983 0.00016959
0.999522 0.00047763
0.999799 0.000200747
0.99955 0.00044982
0.99958 0.000419983
0.999983 1.45854e-05
0.999131 0.000865897
0.9994 0.000463622 0.000136332
0.999888 0.000111847
0.999801 0.00019858
0.99895 0.0010486
0.99949 0.000506803
0.999812 0.000179113
0.999616 0.00030929
0.999459 0.00051415
0.998748 0.00123172
0.998052 0.00190954
0.998223 0.00171249
0.999093 0.000905118
0.995966 0.00391873
0.996791 0.00320899
0.995614 0.004384
0.996072 0.0039276
0.995035 0.00479763 0.000151713
0.992865 0.00655478 0.000213282 0.00029119
0.99403 0.00573298 4.84211e-05 4.1816e-05 4.44771e-05 3.47124e-05 2.05848e-05 4.89367e-07 6.93138e-07 3.27223e-05 4.59496e-06 3.71015e-06
0.990694 0.00874895
0.990012 0.00959018 0.00034839
0.990829 0.00822946 0.000137221 0.000794976
0.989283 0.00967851 0.000771638 4.14895e-05 4.21829e-05 0.00012903
0.984461 0.0145266 0.000660282 0.000252268
0.983645 0.0160549
0.980955 0.018984 9.46779e-06 2.18656e-05 4.00338e-06 2.20831e-05
0.973095 0.0268953
0.967185 0.0319533 0.000155848
0.960435 0.0392367
0.956621 0.0431805
0.94847 0.0514732
0.923818 0.0754637 0.000553254 3.65364e-05
0.918253 0.0817299
0.900688 0.0992133
0.873102 0.126498 0.000357875
0.865561 0.134309
0.835755 0.164243
0.825793 0.174207
0.811964 0.188036
0.794333 0.205666
0.769207 0.23079
0.786079 0.213074 0.000844398
0.240602 0.759398
0.767242 0.232758
0.747403 0.252567
0.762363 0.23744 8.85082e-05 4.08798e-05 6.70234e-05
0.999978
0.99999
0.999772 0.000227736
0.999993
0.999993 4.18118e-06
0.999916
0.999973
0.999992
0.999724 0.00026479
0.998919 0.000871756 0.000208155
0.999986
1
0.999997
0.999658
0.999764
1
0.999999
0.999997
1
1
1
0.99984
0.999702
0.999709
0.999994
0.999274
0.999708 0.000244073
1
0.999907
0.999969
0.999962
0.999897
1
0.999952
0.999628 0.000371473
1
0.999999
0.999998
0.999941
0.999986
0.999987
1
1
0.999781 3.074e-05
0.999758 0.000143713
0.99991
0.999999
0.999999
0.999972
0.999994
0.99999
0.999437
0.999477
0.999313 0.000163895 0.000429338
0.999724 0.000126208
0.999727 0.00027264
0.99995
0.999972
0.999687
0.99999
0.999338
0.99953 2.12377e-05 0.000448657
0.999964
1
0.999881
0.999963 3.41186e-05
0.999999
1
1
0.999866
0.999913
0.999869
1
0.999858
0.999988
1
0.999443 0.000556888
0.999978
0.999993
0.999996
1
0.999429 0.000571025
0.999664
0.999987
1
0.999937
0.999787
0.999991
0.999995
0.999988
0.999434 4.84942e-05 0.000355837
0.999973
0.999982
0.999977
1
0.999973
1
0.999851
0.999999
0.99985
0.999922
0.999305 0.000679017
1
0.999992
1
0.999686
0.999989
0.999947
0.999923
0.999573
0.999886
0.999976
1
0.999696
1
0.999907
0.999946
0.999994
1
1
0.999999
0.999919
1
1
0.999596 0.000336167 5.96223e-05
0.999993
1
0.999915
0.999674
0.999843
0.99995
0.999994
1
0.999995
0.999987
1
1
1
0.999967
1
0.999987
1
1
0.999367 0.00012843
0.998981
0.999968
1
0.999562
0.999888
1
0.99944 0.000439399 0.000120101
0.999993
0.999989
0.999999
1
0.999992
0.999981
0.99992
1
1
1
1
1
0.999995
0.999525 0.000470964
0.99957 0.000374553
0.999553 0.000372834 7.3318e-05
0.999489 0.000510317
0.999085 0.000877821
0.998481 0.000914483 0.000460104
0.999485 0.00051512
0.999353 0.000493564 0.000116808
0.999272 0.000728005
1
1
0.999957
1
1
0.999993
0.999976
1
1
1
1
1
0.999891
0.999942
0.999745
0.999959
0.998754 0.000672512 0.000309275 0.000235911
0.999933
0.99999
0.999049 3.68045e-05 0.000330133 0.00056755
0.999716
0.999973
1
0.999793
0.999993
0.999999
1
1
1
1
0.999998
0.999999
0.999998
0.999998
0.999974
1
1
0.999549
1
0.999988
1
0.999994
0.999942
0.999997
0.998981 0.00101893
0.999063 0.000842604
1
0.99991 8.58754e-05
0.999909 8.54124e-05
0.999864
0.99998
1
0.999919
1
1
1
1
1
1
1
1
1
0.999998
1
1
0.999954
0.999011 0.000866259
0.999949
1
1
1
0.999999
1
0.999948
0.998859 0.000370598
0.999799
0.999883
1
0.999999
0.999999
0.998918
0.999988
1
1
0.999932
0.99871 0.00127796
1
0.999983
1
1
0.999998
0.999943
0.99988
1
1
1
0.999994
0.999972
0.999926
0.99961
0.999982
0.999774
0.999996
0.999739
0.998901 0.000850325 3.24908e-05 0.000189949
0.999793 0.000195085
0.999999
1
0.999998
0.999819 0.000104404 7.67612e-05
1
1
0.999932
1
1
0.999999
1
1
0.999859 0.000140503
0.999886 0.000113447
1
1
0.999996
1
0.999608 0.000387095
0.999939
0.999627
1
0.999934
0.999983
1
0.99916 0.000829351
0.999918
0.999967
1
1
0.999918
0.999949
0.999983
0.999991
1
0.999921 7.83319e-05
0.99977
0.999717 1.02931e-05 0.000136727
0.999952
0.999778
0.999854
0.999919
0.999294 0.000679988
1
1
0.999885
0.999323
0.999887
0.999987
0.999999
0.999615
1
0.999998
0.999989
1
0.999308 0.00049174 0.000199512
0.998343 0.000685486 0.00037416 0.000583488
0.998966 0.000660645 0.000353103
0.997059 0.00244858 0.000490688
0.998248 0.0010823 0.000501266 9.46516e-05 3.97738e-05 5.61796e-07 1.82535e-05 1.18368e-05 3.17628e-07 2.65583e-06
0.996914 0.00131022 0.00174739 1.22046e-05 6.43962e-06 3.53746e-06
0.998999 0.000378473 0.000591969
0.998011 0.00134971 0.000309098 0.000185518 0.000100928 3.86187e-05
0.998825 0.000982882 0.000188074
0.998565 0.000951303 0.000379312
0.998148 0.0016509 0.000143828 5.07452e-05 6.26316e-06
0.997792 0.00156885 0.000589092
0.995873 0.0038632 0.000193894 5.73687e-05
0.992465 0.00655481 0.000958759
0.998514 0.00104107 0.000280189 3.91266e-05
0.997972 0.00101998 4.84983e-05 0.000923506 3.50069e-05
0.997611 0.00238807
0.998757 0.00124304
0.998515 0.00147875
0.9995 0.000493273
0.99964 0.000360033
0.997774 0.00221999
0.996502 0.00349811
0.997136 0.00286374
0.996643 0.00335694
0.997158 0.00283444
0.996395 0.00359543
0.999563 0.000432239
0.999864 0.000135756
0.999671 7.9566e-05
0.999744 0.000247385
0.99996
0.999667 6.03956e-05
0.999908
0.999341 4.4054e-05 0.000163011 0.000141628 0.0001676
0.999741 0.000116334
0.999345 0.000511964
0.999971
0.999299 0.000613055
0.999891 6.39275e-05 3.41432e-05
0.999997
0.999466 0.000373274
0.999156
0.99981
0.999986
0.999991
0.999732 0.000260828
0.999988
0.999991
0.999024 0.000959587
1
0.999976
0.999945
1
1
1
0.999998
1
0.999831
0.999965
0.999994
0.999952
0.999249 0.000746322
0.999696 0.000304329
0.999578
1
0.999777
0.999932 5.80025e-05
0.999941
0.99944 0.000527642
0.998836 0.000821949 0.000307595
1
0.99993
1
1
1
0.999809 0.000190802
0.999748 0.000170327
0.999794 0.000181069
1
0.99994
0.999824
1
1
0.999987
1
0.999989
1
1
1
1
1
1
1
0.999703
1
0.999845
0.99999
1
1
0.999999
0.999985
1
1
1
1
1
0.999875
0.999686 0.000230634
0.999958
0.999991
0.99996
0.999848
0.999708 0.000244107 2.23531e-06 4.53279e-05
0.999969 6.06409e-06 2.35423e-05
0.999977
0.99949
0.999976
0.999829
1
0.999999
0.999992
0.999353 0.000346472 0.000237783
0.99996 3.91028e-05
0.999639 0.000350639
0.99982 0.000180022
0.999228 0.000675079 4.77952e-05
0.998749 0.00124908
0.99853 0.00146882
0.996531 0.00277822 0.000588924
0.997811 0.00153552 0.000612777
0.997999 0.00181745 0.000176326
0.99735 0.00262785
0.998314 0.00141656
0.998803 0.00110034 5.19404e-05 2.82847e-05 1.37923e-05
0.998035 0.0019562
0.995029 0.00497105
0.987801 0.0113776 0.000243403 0.00057753
0.999972 2.82195e-05
0.999998
0.999995
1
0.999999
1
0.999999
1
1
1
1
1
1
1
1
0.999966
1
0.999968
0.99998
0.999712
0.999927
0.999513 0.000487084
0.999951
0.999999
0.99999
0.999979
1
0.999662 0.000336671
0.999926
0.999872 0.000125888
1
0.999892
1
0.998452 0.00148414
0.997616 0.00224654 0.000135316
0.999401 0.000598295
0.999071 0.00092892
0.999169 0.000817724
0.997109 0.00289074
0.996132 0.00386775
0.99704 0.0028852
0.995619 0.00437876
0.99375 0.00624948
0.992925 0.00707477
0.987966 0.0118081
0.985832 0.0141672
0.985191 0.0147653
0.97905 0.0209488
0.979884 0.0201157
0.977549 0.0224457
0.969694 0.0297979 0.000426453 7.1383e-05
0.955448 0.0436836 0.000731105 3.10802e-05
0.947825 0.0515747 0.000600228
0.940061 0.0599391
0.928873 0.0711118
0.906883 0.0930957
0.897369 0.102623
0.888783 0.111028 7.42872e-05
0.870405 0.129524
0.849617 0.150016
0.82692 0.172732 0.000344175
0.807518 0.19197 8.38809e-06 0.000501504
0.7918 0.208133
0.776146 0.222008 0.00106922 0.000750758
0.769403 0.228731 0.00183087
0.753869 0.245074 0.000439787 2.04177e-05 0.000501164
0.765868 0.234091
0.747277 0.252241 6.82546e-05 0.000352488 1.68174e-05 4.47294e-05
0.736749 0.262962 0.000238184
0.753414 0.244961 0.000539529 0.000441591 0.000637556
0.772863 0.227005
0.754851 0.244958
0.743842 0.255721 0.000405779
0.748363 0.251617
0.733982 0.266016
0.726091 0.273875
0.99999
0.999573
0.999956
0.999189 0.000524716
1
1
0.999999
0.999933
0.999918
0.999886
0.999994
0.999997
1
0.99999
0.999999
1
1
0.999975
1
1
1
1
1
1
0.99999
1
0.999939
0.999656
0.999991
1
0.999982
0.999899
0.999938
1
0.999856
0.999986
0.999996
0.999999
1
0.999812
0.999997
0.999998
1
0.999998
0.99999
1
0.999938
0.998916
0.999707
1
1
0.999942
1
0.999896
0.999983
1
0.999999
0.999989
1
1
0.999997
1
0.999973
0.999995
0.99999
0.999972
1
1
0.999994
0.999954
0.99997
1
0.999795 0.000197666
0.999858
0.999976
0.999951
1
1
1
0.999979
0.999906
1
1
1
1
0.999636 0.000122634 0.000241583
0.999951
1
0.999543 0.000445508
0.999733 0.000253811
0.999734
0.999685
0.99996
0.999737
0.99947 0.000529648
0.997902 0.00081361 0.000418796 0.000623765 0.000104319 0.000131291
0.997232 2.38538e-05 0.000693111
0.999949
0.99956 0.000432274
0.999888 0.000104791
1
0.999828
1
0.999995
0.999978
0.999188 0.000724384
0.999526 0.000468331
0.999997
0.999908
1
1
0.999769 0.000225098
0.999993
0.999802 0.00019311
1
1
0.99996
0.999994
0.999999
0.999749 0.000144488 8.39949e-05
0.999998
0.999907
1
0.999816 0.000184194
1
0.999996
0.999965
0.999975
1
0.999991
1
1
0.999994
0.999893
0.999995
1
1
0.999998
0.999999
0.999992
1
1
1
1
1
1
1
0.999997
0.999762
1
1
0.999111 0.00088453
1
0.999969
0.999986
1
1
0.999991
0.999985
0.99988
0.999988
0.999896
0.999887
1
1
1
1
1
0.999995
0.999997
0.999997
0.999974
0.999984
0.999837
0.999934
0.999966
1
0.999916
0.999832
1
0.999997
0.998225 0.00168853
0.999871 0.000121124
0.999932
0.999998
0.999999
0.999257 0.000721321
0.999562 0.000126345 0.000144972 0.000102631 1.62192e-05 1.66459e-05
0.99875 0.00105117
0.999565
0.999984
0.999985
0.999583
1
0.999981
0.999956
0.999958
1
0.999999
0.99996
0.999988
0.999591 0.000401624
0.999784
0.999342 0.000473886
0.999999
0.999774 0.000196481
0.998413 0.00156666
0.999849
1
0.999468 0.000531122
0.999999
1
0.999739
0.99998
0.999924
0.999922
0.99995
0.999684 8.77338e-05 3.07029e-05 0.000197388
0.999948 5.13963e-05
0.999742 0.000256905
0.999114 0.000880796
1
0.99999
0.999956
0.999967
0.999528 0.000471843
0.999987
1
0.999961
0.999849
0.999945
0.999961
0.999963
0.999956
0.999997
0.999964
1
1
0.999996
0.999911
0.99997
0.999982
0.999998
1
0.999989
1
