0.399531 1.94305
0.400769 1.92297
0.402264 1.94278
0.403704 1.96232
0.408 2.05873
0.408571 2.05873
0.409825 2.07752
0.413793 2.17029
0.418022 2.26192
0.42 2.31623
0.421363 2.33412
0.424516 2.4225
0.424762 2.4225
0.424375 2.40523
0.424 2.38815
0.424242 2.38815
0.423284 2.35473
0.422353 2.32168
0.427246 2.45251
0.425143 2.38777
0.423662 2.33972
0.422778 2.30802
0.422466 2.29232
0.423243 2.30786
0.423467 2.30786
0.424211 2.3231
0.427608 2.39858
0.429231 2.45839
0.427848 2.41395
0.4265 2.36991
0.428642 2.42809
0.426341 2.35601
0.429191 2.42746
0.428095 2.39913
0.429445 2.42721
0.432093 2.51074
0.433824 2.55216
0.436364 2.63429
0.435506 2.60714
0.435111 2.59367
0.435165 2.59367
0.434783 2.58042
0.435269 2.59357
0.434894 2.58053
0.434526 2.56759
0.433333 2.52906
0.432577 2.50357
