1992 1992
1992 1992
1992 1992
1992 1992
1992 1992
1992 0 1992
1992 1992
1992 1992
1992 1992
1992 1992
1992 1992
1992 1992
1992 1992
1992 1992
1992 1992
1992 1992
1992 1992
1992 1992
1992 1992
1992 1992
1992 1992
1992 1992
1992 1992
1992 0 0 1992
1992 1992
1992 1992
1992 1992
1992 0 1992
1992 0 0 0 1992
1992 1992
1992 1992
1992 1992
1992 1992
1992 1992
1992 1992
1992 1992
1992 1992
1992 1992
1992 1992
1992 1992
1992 1992
1992 1992
1992 0 0 0 1992
1992 0 0 1992
1992 1992
1992 1992
1992 1992
1992 1992
1992 1992
1992 1992
1992 1992
1992 1992
1992 1992
1992 1992
1992 1992
1992 1992
1992 0 1992
1992 1992
1992 1992
1992 1992
1992 1992
1992 1992
1992 1992
1992 1992
1992 1992
1992 1992
1992 1992
1992 0 1992
1992 0 1992
1992 1992
1992 1992
1992 0 0 0 1992
1992 0 1992
1992 1992
1992 1992
1992 1992
1992 1992
1992 1992
1992 1992
1992 1992
1992 1992
1992 1992
1992 1992
1992 1992
1992 1992
1992 1992
1992 1992
1992 1992
1992 1992
1992 1992
1992 0 1992
1992 1992
1992 1992
1992 1992
1992 0 1992
1992 1992
1992 1992
1992 1992
1992 1992
1992 1992
1992 1992
1992 1992
1992 1992
1992 1992
1992 1992
1992 1992
1992 0 1992
1992 1992
1992 1992
1992 1992
1992 1992
1992 1992
1992 1992
1992 1992
1992 0 1992
1992 0 1992
1992 1992
1992 1992
1992 1992
1992 1992
1992 1992
1992 1992
1992 1992
1992 1992
1992 1992
1992 1992
1992 1992
1992 1992
1992 1992
1992 1992
1992 1992
1992 1992
1992 1992
1992 1992
1992 0 1992
1992 1992
1992 1992
1992 1992
1992 1992
1992 1992
1992 1992
1992 1992
1992 1992
1992 1992
1992 1992
1992 1992
1992 1992
1991 1 0 1992
1991 1 1992
1991 1 1992
1991 1 1992
1991 1 1992
1991 1 1992
1991 1 1992
1991 1 1992
1991 1 1992
1991 1 1992
1991 1 1992
1991 1 1992
1991 1 1992
1991 1 0 1992
1991 1 1992
1991 1 1992
1990 2 1992
1990 2 1992
1990 2 1992
1989 3 1992
1989 3 1992
1988 4 1992
1988 4 1992
1987 5 1992
1986 6 1992
1984 8 1992
1984 8 1992
1984 8 1992
1981 11 1992
1980 12 0 1992
1980 12 0 0 1992
1976 16 0 0 0 0 0 0 0 0 0 0 1992
1973 19 1992
1971 21 0 1992
1970 22 0 0 1992
1965 27 0 0 0 0 1992
1958 34 0 0 1992
1952 40 1992
1943 49 0 0 0 0 1992
1927 65 1992
1914 78 0 1992
1895 97 1992
1879 113 1992
1858 134 1992
1836 156 0 0 1992
1806 186 1992
1776 216 1992
1728 264 0 1992
1683 309 1992
1636 356 1992
1605 387 1992
1582 410 1992
1561 431 1992
1537 455 1992
1522 470 0 1992
479 1513 1992
1510 482 1992
1504 488 1992
1992 0 0 0 0 1992
1992 1992
1992 1992
1992 0 1992
1992 1992
1992 0 1992
1992 1992
1992 1992
1992 1992
1992 0 1992
1992 0 0 1992
1992 1992
1992 1992
1992 1992
1992 1992
1992 1992
1992 1992
1992 1992
1992 1992
1992 1992
1992 1992
1992 1992
1992 1992
1992 1992
1992 1992
1992 1992
1992 1992
1992 0 1992
1992 1992
1992 1992
1992 1992
1992 1992
1992 1992
1992 1992
1992 1992
1992 0 1992
1992 1992
1992 1992
1992 1992
1992 1992
1992 1992
1992 1992
1992 1992
1992 1992
1992 0 1992
1992 0 1992
1992 1992
1992 1992
1992 1992
1992 1992
1992 1992
1992 1992
1992 1992
1992 1992
1992 0 0 1992
1992 0 1992
1992 0 1992
1992 1992
1992 1992
1992 1992
1992 1992
1992 1992
1992 0 0 1992
1992 1992
1992 1992
1992 1992
1992 0 1992
1992 1992
1992 1992
1992 1992
1992 1992
1992 1992
1992 1992
1992 1992
1992 1992
1992 1992
1992 1992
1992 0 1992
1992 1992
1992 1992
1992 1992
1992 1992
1992 0 1992
1992 1992
1992 1992
1992 1992
1992 1992
1992 1992
1992 1992
1992 1992
1992 1992
1992 0 0 1992
1992 1992
1992 1992
1992 1992
1992 1992
1992 1992
1992 1992
1992 1992
1992 1992
1992 1992
1992 1992
1992 0 1992
1992 1992
1992 1992
1992 1992
1992 1992
1992 1992
1992 1992
1992 1992
1992 1992
1992 1992
1992 1992
1992 1992
1992 1992
1992 1992
1992 1992
1992 1992
1992 1992
1992 1992
1992 1992
1992 1992
1992 1992
1992 1992
1992 1992
1992 0 0 1992
1992 1992
1992 1992
1992 1992
1992 1992
1992 1992
1992 1992
1992 1992
1992 1992
1992 1992
1992 1992
1992 1992
1992 1992
1992 1992
1992 1992
1992 1992
1992 1992
1992 1992
1992 1992
1992 0 1992
1992 1992
1992 1992
1992 1992
1992 1992
1992 1992
1992 1992
1992 0 0 1992
1992 1992
1992 1992
1992 1992
1992 1992
1992 1992
1992 1992
1992 1992
1992 1992
1992 1992
1992 1992
1992 1992
1992 1992
1992 1992
1991 1 1992
1991 1 1992
1991 1 0 1992
1991 1 1992
1991 1 1992
1991 1 0 1992
1991 1 1992
1989 3 0 1992
1992 0 1992
1992 1992
1992 1992
1992 1992
1992 1992
1992 1992
1992 1992
1992 1992
1992 1992
1992 1992
1992 1992
1992 1992
1992 1992
1992 1992
1992 1992
1992 1992
1992 1992
1992 0 0 0 1992
1992 1992
1992 1992
1992 0 0 0 1992
1992 1992
1992 1992
1992 1992
1992 1992
1992 1992
1992 1992
1992 1992
1992 1992
1992 1992
1992 1992
1992 1992
1992 1992
1992 1992
1992 1992
1992 1992
1992 1992
1992 1992
1992 1992
1992 1992
1992 1992
1992 1992
1992 1992
1992 1992
1992 1992
1992 0 1992
1992 0 1992
1992 1992
1992 0 1992
1992 0 1992
1992 1992
1992 1992
1992 1992
1992 1992
1992 1992
1992 1992
1992 1992
1992 1992
1992 1992
1992 1992
1992 1992
1992 1992
1992 1992
1992 1992
1992 1992
1992 1992
1992 1992
1992 0 1992
1992 1992
1992 1992
1992 1992
1992 1992
1992 1992
1992 1992
1992 1992
1992 0 1992
1992 1992
1992 1992
1992 1992
1992 1992
1992 1992
1992 1992
1992 1992
1992 1992
1992 1992
1992 1992
1992 0 1992
1992 1992
1992 1992
1992 1992
1992 1992
1992 1992
1992 1992
1992 1992
1992 1992
1992 1992
1992 1992
1992 1992
1992 1992
1992 1992
1992 1992
1992 1992
1992 1992
1992 1992
1992 1992
1992 0 0 0 1992
1992 0 1992
1992 1992
1992 1992
1992 1992
1992 0 0 1992
1992 1992
1992 1992
1992 1992
1992 1992
1992 1992
1992 1992
1992 1992
1992 1992
1992 0 1992
1992 0 1992
1992 1992
1992 1992
1992 1992
1992 1992
1992 0 1992
1992 1992
1992 1992
1992 1992
1992 1992
1992 1992
1992 1992
1992 0 1992
1992 1992
1992 1992
1992 1992
1992 1992
1992 1992
1992 1992
1992 1992
1992 1992
1992 1992
1992 0 1992
1992 1992
1992 0 0 1992
1992 1992
1992 1992
1992 1992
1992 1992
1992 0 1992
1992 1992
1992 1992
1992 1992
1992 1992
1992 1992
1992 1992
1992 1992
1992 1992
1992 1992
1992 1992
1992 1992
1992 1992
1990 1 1 1992
1989 1 2 0 1992
1987 3 2 1992
1988 2 2 1992
1988 2 2 0 0 0 0 0 0 0 1992
1989 2 1 0 0 0 1992
1989 2 1 1992
1988 3 1 0 0 0 1992
1988 3 1 1992
1988 3 1 1992
1986 5 1 0 0 1992
1984 5 3 1992
1978 12 2 0 1992
1990 0 2 1992
1990 0 2 0 1992
1988 4 0 0 0 1992
1988 4 1992
1988 4 1992
1988 4 1992
1987 5 1992
1987 5 1992
1987 5 1992
1987 5 1992
1987 5 1992
1987 5 1992
1984 8 1992
1992 0 1992
1992 0 1992
1992 0 1992
1992 0 1992
1992 0 1992
1992 1992
1992 0 1992
1992 1992
1992 0 0 0 0 1992
1992 0 1992
1992 0 1992
1992 1992
1992 0 1992
1992 0 0 1992
1992 1992
1992 0 1992
1992 1992
1992 1992
1992 1992
1992 1992
1992 0 1992
1992 1992
1992 1992
1992 0 1992
1992 1992
1992 1992
1992 1992
1992 1992
1992 1992
1992 1992
1992 1992
1992 1992
1992 1992
1992 1992
1992 1992
1992 1992
1992 0 1992
1992 0 1992
1992 1992
1992 1992
1992 1992
1992 0 1992
1992 1992
1992 0 1992
1992 0 0 1992
1992 1992
1992 1992
1992 1992
1992 1992
1992 1992
1992 0 1992
1992 0 1992
1992 0 1992
1992 1992
1992 1992
1992 1992
1992 1992
1992 1992
1992 1992
1992 1992
1992 1992
1992 1992
1992 1992
1992 1992
1992 1992
1992 1992
1992 1992
1992 1992
1992 1992
1992 1992
1992 1992
1992 1992
1992 1992
1992 1992
1992 1992
1992 1992
1992 1992
1992 1992
1992 1992
1992 1992
1992 1992
1992 1992
1992 0 1992
1992 1992
1992 1992
1992 1992
1992 1992
1992 0 0 0 1992
1992 0 0 1992
1992 1992
1992 1992
1992 1992
1992 1992
1992 1992
1992 1992
1992 1992
1991 1 0 1992
1991 1 1992
1991 1 1992
1990 2 1992
1990 2 0 1992
1988 4 1992
1988 4 1992
1988 4 0 1992
1987 5 0 1992
1986 6 0 1992
1986 6 1992
1986 6 1992
1986 6 0 0 0 1992
1985 7 1992
1976 16 1992
1992 0 0 0 1992
1992 0 1992
1992 1992
1992 1992
1992 1992
1992 1992
1992 1992
1992 1992
1992 1992
1992 1992
1992 1992
1992 1992
1992 1992
1992 1992
1992 1992
1992 1992
1992 1992
1992 1992
1992 1992
1992 1992
1992 1992
1992 1992
1992 0 1992
1992 1992
1992 1992
1992 1992
1992 1992
1992 1992
1992 0 1992
1992 1992
1992 0 1992
1992 1992
1992 1992
1992 1992
1990 2 1992
1989 3 0 1992
1989 3 1992
1988 4 1992
1988 4 1992
1987 5 1992
1987 5 1992
1986 6 1992
1984 8 1992
1981 11 1992
1975 17 1992
1969 23 1992
1961 31 1992
1952 40 1992
1944 48 1992
1938 54 1992
1928 64 1992
1910 82 0 0 1992
1890 102 0 0 1992
1870 122 0 1992
1845 147 1992
1824 168 1992
1789 203 1992
1760 232 1992
1726 266 0 1992
1697 295 1992
1654 338 1992
1606 386 0 1992
1580 412 0 0 1992
1559 433 1992
1537 455 0 0 1992
1521 471 0 1992
1510 482 0 0 0 1992
1506 486 1992
1500 492 0 0 0 0 1992
1497 495 0 1992
1496 496 0 0 0 1992
1494 498 1992
1493 499 1992
1493 499 0 1992
1493 499 1992
1493 499 1992
1992 0 1992
1992 1992
1992 1992
1992 1992
1992 0 1992
1992 1992
1992 1992
1992 1992
1992 1992
1992 1992
1992 1992
1992 1992
1992 1992
1992 1992
1992 1992
1992 1992
1992 1992
1992 1992
1992 1992
1992 1992
1992 1992
1992 1992
1992 1992
1992 1992
1992 1992
1992 1992
1992 1992
1992 1992
1992 1992
1992 1992
1992 1992
1992 1992
1992 1992
1992 1992
1992 1992
1992 1992
1992 1992
1992 1992
1992 1992
1992 1992
1992 1992
1992 1992
1992 1992
1992 1992
1992 1992
1992 1992
1992 1992
1992 1992
1992 1992
1992 1992
1992 1992
1992 1992
1992 1992
1992 1992
1992 1992
1992 1992
1992 1992
1992 1992
1992 1992
1992 1992
1992 1992
1992 1992
1992 1992
1992 1992
1992 1992
1992 1992
1992 1992
1992 1992
1992 1992
1992 1992
1992 1992
1992 1992
1992 1992
1992 0 1992
1992 1992
1992 1992
1992 1992
1992 1992
1992 1992
1992 1992
1992 1992
1992 1992
1992 1992
1992 1992
1992 1992
1992 1992
1992 0 0 1992
1992 1992
1992 1992
1992 0 1992
1992 0 1992
1992 1992
1992 1992
1992 1992
1992 1992
1992 0 1992
1992 0 0 0 0 0 1992
1992 0 0 1992
1992 1992
1992 0 1992
1992 0 1992
1992 1992
1992 1992
1992 1992
1992 1992
1992 1992
1992 0 1992
1992 0 1992
1992 1992
1992 1992
1992 1992
1992 1992
1992 0 1992
1992 1992
1992 0 1992
1992 1992
1992 1992
1992 1992
1992 1992
1992 1992
1992 0 0 1992
1992 1992
1992 1992
1992 1992
1992 0 1992
1992 1992
1992 1992
1992 1992
1992 1992
1992 1992
1992 1992
1992 1992
1992 1992
1992 1992
1992 1992
1992 1992
1992 1992
1992 1992
1992 1992
1992 1992
1992 1992
1992 1992
1992 1992
1992 1992
1992 1992
1992 1992
1992 1992
1992 1992
1992 1992
1992 1992
1992 1992
1992 1992
1992 0 1992
1992 1992
1992 1992
1992 1992
1992 1992
1992 1992
1992 1992
1992 1992
1992 1992
1992 1992
1992 1992
1992 1992
1992 1992
1992 1992
1992 1992
1992 1992
1992 1992
1992 1992
1992 1992
1992 1992
1992 1992
1992 1992
1992 1992
1992 1992
1992 1992
1992 1992
1992 1992
1992 1992
1992 1992
1992 1992
1992 0 1992
1992 0 1992
1992 1992
1992 1992
1992 1992
1992 0 1992
1992 0 0 0 0 0 1992
1992 0 1992
1992 1992
1992 1992
1992 1992
1992 1992
1992 1992
1992 1992
1992 1992
1992 1992
1992 1992
1992 1992
1992 1992
1992 1992
1992 0 1992
1992 1992
1992 0 1992
1992 1992
1992 0 1992
1992 0 1992
1992 1992
1992 1992
1992 0 1992
1992 1992
1992 1992
1992 1992
1992 1992
1992 1992
1992 1992
1992 1992
1992 0 0 0 1992
1992 0 1992
1992 0 1992
1992 0 1992
1992 1992
1992 1992
1992 1992
1992 1992
1992 0 1992
1992 1992
1992 1992
1992 1992
1992 1992
1992 1992
1992 1992
1992 1992
1992 1992
1992 1992
1992 1992
1992 1992
1992 1992
1992 1992
1992 1992
1992 1992
1992 1992
1992 1992
1992 1992
1992 1992
1992 1992
