0.416583 0.22027
0.419512 0.291733
0.420952 0.315146
0.424186 0.384214
0.423636 0.361568
0.424889 0.383851
0.428696 0.47159
0.425532 0.385198
0.425833 0.385198
0.426939 0.406157
0.4256 0.364844
0.425098 0.344481
0.423846 0.304321
0.430943 0.482571
0.431111 0.482571
0.428364 0.405443
0.429286 0.424475
0.426667 0.349316
0.426897 0.349316
0.426441 0.33099
0.426667 0.33099
0.427541 0.348878
0.429032 0.384233
0.429206 0.384233
0.4275 0.33241
0.429538 0.383652
0.429091 0.36676
0.432836 0.467008
0.430588 0.400893
0.427826 0.319125
0.428571 0.335308
0.429296 0.351324
0.430556 0.383032
0.430137 0.367337
0.430811 0.382877
0.4304 0.367489
0.431053 0.382729
0.432727 0.428014
0.432308 0.413061
0.432911 0.427876
0.435 0.486592
