160.278
160.278
160.278
160.278 0.354258
160.278
160.278
160.278
160.278
160.278
160.278
160.278 5.99583 -3.59807 2.73348
160.278 5.99583 -1.95516 -3.70142
160.278 -1.95516 -3.68791 5.99583 -7.69028
160.278 2.43465 1.27494 1.86183
160.278 2.43465 1.90688 -0.21094
160.278 5.92655 2.43465 -4.40849
160.278 -4.40849 1.38365 0.323428 2.30193
160.278 1.95609 -4.27102 -0.771079 1.76205 3.04279
160.278 -0.382479 5.0457 -4.30289 1.63308
160.278 5.00165 -0.382479
160.278 8.95219
160.278 6.5087
160.278 6.08195
159.511 12.7673
159.511 12.7673 -1.21368
159.511 11.6333
159.511 13.2192
159.511 13.2192
159.511 13.2192
160.354 13.2192
160.354 18.3681
158.007 19.8006
161.255 26.1791
161.255 26.1791
161.255 31.6935 0.603544
161.255 34.4476
161.255 34.4476
158.658 38.168
158.658 38.168
158.658 43.4093
159.849 49.4868
159.849 56.0212 3.60948
159.849 67.4244
159.849 67.4244
159.849 74.2172
159.849 75.0098
159.849 75.0098
159.849 75.0098 7.75821 -2.15291 -5.01239 -0.292426 4.36056 1.08961 6.05751
160.084 75.0098
160.084 78.3335
160.084 86.0483
160.084 86.0483
160.084 86.0483 3.91876
160.084 95.8086
160.084 95.8086
161.229 95.8086
161.229 95.8086 1.66072
161.229 96.1688
161.229 96.1688
102.818 161.229
161.229 102.818
161.229 102.818
161.229 105.51
161.229 105.603
161.229 105.603
109.868 161.229
160.597 109.868 -2.25624
160.597 109.868
160.597 109.868
160.597 109.868
160.597 109.868
160.597 109.868
112.346 161.011 -0.757077
161.011 112.346
161.011 116.348
161.011 116.348
161.011 116.348
161.287 120.33 5.07919
161.287 125.023
161.287 125.023
161.892 125.023
161.892 131.231 -1.0382 -5.49119
161.892 140.95
161.892 140.95
161.892 145.46
161.892 145.46 3.88812 -4.52315
161.892 148.024
161.892 146.79
161.892 147.835
161.892 149.451
161.892 151.571
161.892 151.571 -0.971882
161.892 151.571
161.892 158.513
159.492 158.513 4.503
163.123 153.304
159.474 153.304
159.474 153.304
159.292 156.664
159.292 156.137
159.473 156.137
159.473 156.137
160.937 156.46 7.81685
160.24 152.692 -1.3907 -0.801289
160.24 152.692
163.121 156.705 -2.01448
163.121 156.705
163.121 154.479
163.121 154.479
163.121 154.899
160.092 154.899
160.092 154.899
161.989 154.899
160.04 154.899 -3.13736
161.196 155.514 1.97804
161.03 155.514 2.88575
161.03 155.514 -0.98538
161.03 155.514 -0.850216
161.03 155.514 0.524559
161.03 154.249 0.524559
161.03 154.249 3.86126
161.627 153.897 12.9685
161.627 153.897 4.45361
161.627 153.897
153.897 161.627
161.627 152.337
162.738 152.337
162.738 152.337 -3.15554
162.738 152.337 5.01423
152.337 162.738
161.957 152.337 2.38548
152.465 161.957
161.957 156.644
161.957 156.644 0.529839
161.957 153.86
161.957 153.86
161.957 153.86
161.957 153.86 5.07507 -2.44763
161.957 154.703
161.957 154.703
162.485 154.703
162.485 154.703
162.485 155.635
162.485 155.635 -0.160589
162.485 155.635 1.43095 1.46815 -2.71431 0.775135
160.412 155.129 4.48281
160.412 155.285 -4.35978 0.398223 -0.203688 -2.35648 4.57365
160.136 156.574 -3.16012
160.136 156.574
160.136 156.81
160.136 156.81
160.136 156.81 -0.794722
162.139 155.293
161.938 155.764
161.938 155.764
161.938 155.764
161.938 158.625
161.938 157.28
161.938 153.343
160.664 150.988
160.664 149.671
160.664 151.219
155.718 159.588
159.588 156.795 -0.00429741 0.0651856
159.588 156.928
159.588 156.928 0.553884
160.831 155.444
160.831 155.444
160.583 155.444
160.583 152.598
160.583 152.06 2.07708
160.583 152.06
160.583 152.06
160.583 152.06
160.583 153.193
160.583 152.665
160.583 151.943 -4.65273
160.583 152.333
160.583 152.333
159.696 152.333
159.696 152.333
160.246 152.333
160.246 154.051
159.968 154.051
159.968 154.051 -3.07595
160.785 154.051 -5.1897 1.57706
160.785 154.051 -0.695587 6.77545
159.876 154.051
159.876 155.561
162.172 154.329
162.172 156.805
162.172 156.805
161.29 156.805
161.29 155.381
159.846 155.381
156.267 155.381
161.55
161.55
160.412 -1.52986
160.412
160.412
160.412
160.412
160.412
160.412
159.775
159.775
159.775
159.252
159.252
159.252
159.252
159.252
159.252
159.252
159.252
159.252
159.252
159.252
159.252
159.252
158.74 1.97411
158.74
158.74
158.74 -0.627657
158.74
158.74 -2.0214 -0.9924
159.384
159.384
159.384 0.275371
159.384
159.384
159.384
159.384 0.292975
159.384
159.384
159.384
160.658
160.658
160.658
160.658 8.20947
160.658
160.658
160.658
160.658
160.658
160.658
159.691
159.691
159.691
159.691
160.441 -4.56508
160.441
160.441
160.441 2.72078 1.96974
160.441
160.339
160.339
160.339
159.897
159.897
159.897
159.734 5.32219 -0.569917
159.734 3.18344 2.40967 0.811191 0.170568 -1.71017
159.734
159.734
159.734
159.734 -4.51613
159.734
159.734
159.734
159.734
159.398
159.398
159.398
159.398
159.368
159.368 -0.0362279
159.368
159.368
158.358
160.503
160.66
160.66 0.831793
160.66 -2.31015 -1.27402
160.66
161.052
161.052
159.168 -0.222242
158.187
158.187 0.838205
158.187
160.534
160.534 3.85507
159.945
159.945
159.945
159.945 -3.6028
159.945 2.74189 -1.9771 7.44015
159.945
159.102 0.0652222 -2.09161
159.102 0.0652222
158.863 1.51343
158.863 0.38426
160.967 0.38426
160.967 0.38426
160.967 0.38426 4.82148
160.967 0.38426
160.967 0.38426 3.43776
160.967 0.38426
160.967 12.4131 4.33114
159.782 12.4131
159.782 12.4131
159.782 12.4131
159.782 16.5332
160.646 16.5332
160.646 16.5332
160.646 16.5332
160.646 21.7829
160.646 21.7829
160.646 21.7829
160.646 21.7829
159.998 22.2959
159.998 22.2959
160.385 22.2959
160.464 22.2959
160.464 22.2959
160.464 27.1393
162.43 27.1393
164.767 27.1393 -1.3319
167.756 27.1393
167.756 27.1393 1.55673
167.756 27.9392
167.756 32.0073
167.756 32.0073 -1.66804 1.82886 1.88231 -3.81476
167.756 34.717 -3.2161
167.756 34.717 4.59486 -0.807597 1.31699
167.756 34.717
167.756 34.717
167.756 34.717
167.756 40.6596
167.756 41.4672 5.08769 -2.35827 0.449664 -2.98404 2.69916 -4.61116
167.756 47.6832
167.756 56.1869
167.756 56.1869
167.868 56.1869
167.868 59.4663
168.836 59.4663
168.046 59.4663 -2.24428
168.046 63.9242
168.046 71.5399 -0.382283
168.046 74.3372 0.290953
168.046 74.3372
81.4614 169.801 -3.20622
169.801 0.313159
167.599
167.599
167.599
167.599 -1.93183 1.27717
167.129
167.129
164.113
164.113
155.582 -4.98246 -0.675144
156.447 3.40721
158.821
158.821 -2.79874
158.821
158.821
158.821
158.821
158.821
158.821
160.996
160.996
160.996
160.996
160.996
160.996
160.996
160.996
157.603
157.603
157.603
157.603 1.07028
159.319
159.319
159.319
159.319
160.728 1.02077
160.728
160.728 -1.86308
160.728
159.747
159.747
159.747
159.747
159.747
159.747
160.243
159.386
159.386
159.386
159.386
162.362
158.014
157.924
157.924
159.063
159.063
159.063
159.063
160.418
160.418
160.418
160.298
160.298
160.501
158.231
158.231
158.231
158.231 -3.02039
158.231
158.231
158.231
158.231 1.91253
158.231
158.231
158.231
159.508
159.508
159.565 -0.294161
159.565 -3.73528
159.565 -0.315799 -3.44885
159.565 0.548811
159.423 0.548811
159.423 3.45704 -1.96327
158.632 3.57889 4.98798
158.632 5.81372 -4.12532 -3.49594 4.41792 -0.318803 1.15466 -3.37254
158.632 4.55331 -0.99978 -2.19636
158.632 2.15319 -3.69284
158.632 2.15319 -3.8254
158.632 1.49341
158.632 6.43403
158.408 6.43403
158.408 6.43403
158.408 6.43403 -4.5176 -1.97795
158.718 -5.27713
158.718
158.718
159.334
159.334
158.844 -1.34448
158.844
158.844
158.844
158.844
158.844
158.844
157.698
159.043 -0.482648
159.043 0.664906 -3.4375
159.043
159.043
159.043
159.043
159.043
159.043
159.043 1.17174
159.043
159.043
159.043 -1.24629
159.043
159.043
159.043
159.043
159.043
159.043
159.043
159.043
159.043
159.043
159.926
159.926
159.926
159.926
159.926
159.926 5.48507
159.926 2.1257
160.642 -0.111322 -4.27684
160.642 0.983738 0.780438
160.642
160.08
160.08 -0.637386 1.16397 1.78178
160.08 0.104727 1.80571
160.08
160.08
158.308
158.308
159.336
159.336
159.336 -1.87695 3.86989
158.954 -1.3802 -1.00578
158.954
158.954
158.954
158.954
161.935 1.25181 -3.57648 0.18572 1.17208
158.692
158.692
158.692
158.692
158.692
158.692
158.692 1.55309
158.692
158.692
158.692
158.692
158.692
158.692
158.692 0.434971 -1.48058
158.692
159.116
159.116
159.116 0.406595
159.116
159.116
159.116
159.116 -1.00707
159.116
159.116 1.78442
159.116
159.116
159.116 0.313132
159.116
159.116
159.116
159.116
159.116
159.116
159.71
159.71
159.71
159.71
159.71 4.92061 -2.95383
159.145
159.145
159.145
159.145
159.145 -0.148331
159.34
161.868 -1.97126 -0.233437
161.868 -0.439075 2.65375
161.868
161.868
157.168
157.168
157.168
159.633
159.633
159.633 1.89973
160.263
160.263 -0.161974
160.263 7.37273
160.263 6.60713
160.263 6.60713 0.687232
158.354 7.15377 -4.27882 -2.66069 -3.42554
160.894 15.7336
158.144 10.6863 -5.05983 -0.00072638 -0.268386
158.144 4.69419
158.144 6.9014 -1.27243
158.144 8.27963
159.777 6.74101 -3.60322
159.777 6.88642 0.971455 1.31379 1.98535
159.777 11.436 0.334317 -0.602466 0.283083
159.548 11.436
159.548 11.436
160.448 14.4439
160.448 15.967
160.448 15.967 0.818767
160.448 15.967
160.448 20.7558
160.448 20.7558
160.448 20.7558
160.448 20.7558 -2.84992
160.748 22.0488
160.748 22.0488 0.729874
160.748 22.0488
160.748 22.0488 3.97028 2.10224
160.369 26.5644 3.96413
157.982 26.5644
157.982 26.5644
157.982 28.6948
158.507 28.6948
160.472 32.1459
160.472 32.1459
160.472 32.5242
160.728 35.4262 -0.813933 -2.20011 0.0368314
160.728 35.4262 -1.96232 -5.09383 2.75952
35.4262 157.768 -2.89096
157.768 35.4262 -1.90024
161.85 35.4262 -0.630092
158.506 35.4262 -0.630092
158.506 40.1682 -1.48263
159.224 44.3277 -1.48263
159.224 44.3277 -1.23821
159.224 44.9248 -1.23821 -3.49601 1.46545 -3.61093 -2.00209
159.224 45.9156 -1.23821 0.896449
159.224 45.9156 -1.69586
159.224 45.9156 0.287685
159.224 45.9156 4.50691
159.545 53.6363 6.83255 0.881168 0.912705
159.545 59.6183 10.5192 -0.85611
159.545 64.8098 6.26414
159.545 64.8098 9.70042 -0.563638
160.122 69.2519 9.3793 -3.80921 -1.69713 -0.476302
160.122 69.2519 9.3793 -1.69713 0.349586 -0.476302
160.122 69.2519 9.64132 0.50268 1.47952 -0.263075 0.00926831
160.122 9.64132 69.0661 1.47952 0.50268 -1.29745
153.229 11.8741 70.0372 1.47952 0.50268 -1.29745
153.229 11.8741 76.3333 0.50268 0.748564 0.717507
148.486 11.8741 76.3333 3.01558 0.717507 0.698775
148.486 11.8741 78.8054 3.01558 0.717507
149.874 11.8741 78.8054 3.51062 0.717507
151.566 11.8741 79.5751 -2.49392 1.93608 1.51545 0.633029
151.566 80.3583 18.1319 -1.95805 1.93608 6.5948 -2.4248 -2.2504 5.56226 2.57044
151.566 86.2624 18.1319 -1.95805 -2.01685 2.78231 -1.3838
148.79 90.6486 20.6238 -2.01685 -0.731838
148.79 90.6486 20.6238 0.343463 0.926711 3.67343
139.496 90.6486 20.6238 0.343463 -1.11642 -0.187507 -2.37445
139.496 90.6486 23.2698 5.61666 -1.27512 -0.961873
95.2266 136.445 23.2698 15.4288
136.445 99.5813 30.7271 15.4288 1.95607 3.70484 2.96655
140.411 99.5813 35.2487 17.6164 0.662852
106.237 133.245 35.2487 17.6164
106.237 131.657 20.5846 35.2487 3.19621
113.427 124.068 35.2487 20.5846
35.7791 113.427 119.648 20.5846 -2.67541 -0.523233 -2.47235
125.151 36.5441 113.427 20.5846
125.151 36.5441 113.427 28.412 0.584737 -1.67724
36.5441 113.427 125.151 33.9607 -0.0876636 -0.186519 -3.60085 -1.70277
113.427 37.858 130.555 38.9539 -1.39626 -5.44863
113.427 38.9885 130.555 43.9825
123.442 115.628 40.5796 48.0598
124.443 49.05 115.954 42.6786 4.32284 4.31483 -6.71526 -4.89338 -3.35306 -2.62667
126.097 48.6906
130.04 49.9093 -2.51436
130.514 52.4923 -1.00859 2.24947 -0.610789 2.73816 -0.905474 5.34637
134.05 55.0578
134.05 62.5087
134.584 62.5087
134.584 63.9236
134.584 63.9236 -0.693811 -3.23713
134.584 65.1707 -3.23713 -1.04758
134.584 65.1707 -3.23713
140.617 65.1707 -2.56362 -1.32997 2.28036 0.137387 0.679386
140.617 65.1707 -2.56362 3.37938
149.866 65.1707 5.7803
151.321 65.1707 10.1002
156.15 75.485 2.84679 -1.14297
156.15 78.8271 2.84679
156.15 1.36838 -0.201413 -0.363773
160.904 1.36838
160.904 1.36838
160.904 1.36838
160.904 5.48007
160.904 13.6241 3.25401
157.965
157.965
157.965
157.965
159.322
159.322
159.322 0.14864
160.994
158.022
158.022
158.022
158.022
158.022
158.022
158.022
158.022
159.66
159.66
159.66
159.66
159.66
159.66
159.66
159.66
159.66
159.66
159.66
160.718
160.595
160.595
159.986
159.986
159.986
159.986
158.655
158.655
158.655
159.077
159.077
159.077
159.077
159.077
159.077
159.466
159.466
159.466
159.466
159.466
159.466
159.466
159.466
159.466
159.466 3.27947 -2.5025
159.466
159.603 -0.170893
159.603
160.057 -1.00689
160.057
160.057 -2.28274 4.14544 -0.0493237
160.057
158.234
160.046
160.046
160.046 -4.78949
160.046
160.046
160.016
160.016
160.016
159.231
159.231
159.231
159.231
159.231 1.02332 0.705839
159.231
159.231
159.231
159.231
159.231
159.231
159.231
159.231 -1.42731
159.231 1.73819 -2.74715
159.231
159.192
159.192 2.0482 2.99541 1.22829 -1.13209
159.192 1.89417
159.192 3.55815
159.192
159.192
159.192
159.192 -2.68237
159.192
159.192
159.192
159.803
159.803
159.803 -0.581634
159.803
159.803
159.803
159.803
159.803
158.54
158.54
160.451
160.451
159.292
159.292
159.164
160.094
158.65 -1.03318
158.65 -0.0790181
159.676 3.14921 -0.682642
158.838 3.14921 -1.85792
158.838 3.43132
158.838 -4.51321 1.29504
158.966 0.418894
158.966 0.538597 2.45251 -3.01755 -2.25081
159.489 -1.71492
159.489 -2.99063 -1.16816 -1.0005
159.489 4.63121 0.741978 -1.39773
159.489 4.63121 -0.721429
159.379 6.48385
159.379 14.1446
159.379
159.379 1.48809
159.379
159.379
158.25
158.25
158.25
158.111
160.858
158.96
158.96
158.96
158.96
158.96
158.96
158.96
158.96
158.96
158.28
158.28
159.401
159.401
159.401
159.401
159.787
159.242 0.150097
159.242
159.242
159.242
159.242
159.242
159.242
159.242
158.84 -7.06315 1.38029
158.84
158.952
158.952
158.952
158.952
158.952
158.952
158.952
158.952
158.952
159.058
159.058
159.058
159.058
159.058 2.49685
159.658 -3.10525 -2.57048
159.658 -3.9477
160.449
160.449 -0.169266
160.449
160.449
159.711
159.711
159.711
159.711
159.711
159.711 -8.45117
159.711
159.711
159.711
159.711
159.711
157.049
156.654
161.029 -2.40062
161.029
161.029
161.029
161.029
161.029 -0.738849
161.029
161.029
161.029
161.029
158.756
158.756
158.756
158.756
158.756
158.756
158.756
158.756
158.43
158.43
158.43
158.43
160.545
160.545
161.148
161.148
161.148
161.148
161.148
161.148
157.155
157.857
160.314
160.314
160.525
160.525
160.525
160.525
160.525
160.525
160.525
160.525
158.58
158.58
158.58
158.58
158.58
158.58
158.58
159.356
159.356
159.356
159.356
159.356
158.88
160.894
160.894
158.858
158.858
158.858
158.858
158.858
159.681
159.197
159.197
159.197
159.197
159.197
159.197
159.197
159.197
159.197
159.197
159.343
159.343
159.343 -0.217474
159.343 4.07012
159.343
158.186
157.622
157.622
158.231
158.231 1.76986 -3.82376 5.14619
158.231 3.4823 0.454835 1.12451
159.641 3.4823 -5.23746
159.641 3.4823
159.641 3.4823
159.773 1.19441
160.053 1.19441
159.965 0.567923
159.965
159.965
159.965
160.678
160.678
160.678
160.678 0.380734 -0.813686
160.678
160.678 0.672881
159.475
159.475
159.475
159.475
158.663
158.663
158.663
158.663
158.663
158.663
158.663
158.663 -0.713289 -1.33647
158.663
158.663
159.41
159.41 -0.883429
159.41
159.152
159.152 2.26297
159.152 0.786765 -3.48894
160.775
161.395
158.104
158.104
160.851
160.851
160.851
158.479 2.40517 -0.774064
158.479
157.346
157.346
157.346
157.346
157.346
157.346
157.584
157.584 -0.969205 -2.61135 0.269926 -0.160806
157.584 -3.73909
157.584
157.584
