0.422981 5.35959
0.4223 5.30614
0.422769 5.32896
0.422975 5.33654
0.423147 5.33654
0.422137 5.29893
0.421106 5.25398
0.420716 5.23904
0.420697 5.23161
0.420907 5.23902
0.420804 5.23163
0.420196 5.20221
0.419235 5.16556
0.419223 5.15826
0.419822 5.18009
0.419231 5.15108
0.41925 5.14386
0.418476 5.11506
0.417062 5.05767
0.416038 5.01477
0.415587 4.9934
0.414876 4.965
0.413953 4.92255
0.413812 4.90845
0.413088 4.88035
0.413394 4.88735
0.412603 4.85246
0.412182 4.83159
0.411765 4.8108
0.411892 4.8108
0.410762 4.7626
0.409643 4.71456
0.408533 4.66669
0.407257 4.61215
0.407329 4.60535
0.407895 4.62567
0.407265 4.59192
0.407684 4.59865
0.407895 4.60535
0.408448 4.62541
0.408303 4.61875
0.409122 4.63203
0.409493 4.64528
0.409692 4.65188
0.41107 4.69794
0.411023 4.69794
0.411479 4.70448
0.410667 4.67188
0.409959 4.63939
0.409256 4.60699
0.407901 4.54886
0.408525 4.56818
0.408816 4.5746
0.40813 4.5426
0.407126 4.49793
0.406129 4.45339
0.405783 4.43436
0.40512 4.40274
0.404622 4.37752
0.404286 4.35866
0.403953 4.33985
