1330.54
1378.73
1414.6
1367.34
1436.3
1344.42
1395.33
1472.34
1442.63
1339.49
1423.22
1402.91
1439.86
1413.36
1398.44
1361.66
1500.44
1466.09
1373.44
1370.87
1456.01
1366.59
1435.12
1474.85
1416.02
1519.25
1416.49
1505.55
1495.91
1646.37
1536.52
1725.98
1635.62
1723.07
1708.99
1779
1924.48
2044.18
2131.95
2247.27
2396.13
2280.87
2195.68
2416.48
2415.28
2506.44
2520.49
2578.76
2810.35
2831.79
2466.63
2411.09
2683.44
2220.81
2215.12
2254.81
2181.86
2333.43
2327.9
2050.49
2050.88
2062.4
1987.57
1866.64
1957.67
1815.98
1904.36
1810.44
1842.59
1853.21
1990.77
1853.72
1820
1771.17
1743.15
1811.96
1675.05
1718.3
1664.27
1683.85
1560.04
1572.94
1424.65
1440.02
1398.75
1417.44
1433.17
1340.2
1354.51
1397.5
1415.41
1351.93
1387.74
1370.35
1370.64
1412.23
1447.88
1388.98
1402.49
1334.18
1386.85
1432.2
1365.8
1362.54
1307.27
1366.17
1424.67
1409.78
1455.22
1369.68
1413.06
1289.2
1442.98
1382.74
1399.95
1320.19
1280.81
1394.19
1371.63
1478.03
1390.77
1507.81
1367.89
1347.05
1404.29
1320.25
1373.55
1365.48
1325.26
1383.89
1438.99
1367.81
1266.15
1298.62
1405.88
1425.49
1436.83
1414.43
1398.24
1396.97
1373.13
1334.7
1358.76
1343.73
1399.73
1309.34
1369.05
1382.12
1391.28
1402.29
1399.08
1375.23
1421.88
1413.21
1324.86
1314.51
1361.06
1385.86
1357.27
1389.17
1364.52
1387.2
1364.88
1395.41
1450.12
1408.19
1385.75
1324.55
1345.19
1347.55
1398.44
1382.21
1407.26
1383.91
1441.61
1391.12
1348.79
1337.5
1437.62
1371.03
1248.09
1400.28
1444.15
1362.06
1339.54
1387.79
1328.03
1291.52
1456.12
1455.21
1390.97
1350.5
1305.95
1423.54
1432.93
1431.74
1461.66
1379.06
1372.47
1385.18
1314.91
1448.92
1383.46
1300.9
1316.52
1432.36
1416.3
1345.9
1458.35
1457.29
1391.4
1337.54
1371.17
1380
1409.81
1310.73
1399.2
1456.96
1437.32
1425.06
1327.75
1378.46
1404.12
1303.87
1434.02
1424.9
1349.16
1331.24
1373.42
1375.91
1343.1
1468.23
1451.13
1295.95
1343.65
1387.25
1330.89
1430.04
1423.86
1378.03
1446.24
1369.91
1451.31
1379.34
1385.46
1407.97
1376.67
1450.74
1373.48
1385.75
1353.15
1439.9
1267.5
1374.37
1408.8
1420.86
1399.95
1380.61
1392.69
1424.55
1441.79
1382.62
1339.11
1367.34
1381.22
1428.85
1445.63
1416.29
1373.66
1396.43
1369.16
1351.01
1363.15
1453.16
1342.56
1450.53
1354.26
1340.62
1348.53
1402.34
1389.64
1442.79
1331.65
1384.26
1395.55
1349.09
1417.11
1377.22
1378.81
1399.91
1337.66
1371.57
1391.45
1357.24
1451.9
1381.43
1398.25
1432.66
1368.98
1429.31
1403.85
1457.79
1432.57
1387.1
1356.03
1352.3
1430.14
1405.3
1477.48
1526.04
1622.61
1459.4
1580.94
1649
1587.02
1738.7
1760.81
1923.55
1960.6
2019.48
2243.46
2327.9
2654.8
2836.75
2762.65
3032.8
3249.27
3257.9
3305.46
3446.07
3342.03
3424.07
3723.07
3406.86
3563.26
3305.12
3442.47
3315.6
3653.69
3322.57
3189.72
3104.53
2958.51
2550.69
2566.84
2750.84
2420.34
2471.29
2311.46
2393.73
2071.55
1906.94
1957.74
2106.19
1522.13
1397.9
1469.23
1507.37
1479.97
1455.74
1468.27
1315.09
1456.92
1396.33
1376.38
1310.67
1429.07
1311.51
1329.25
1356.93
1431.53
1365.26
1370.13
1412.02
1371.72
1447.28
1411.57
1436.08
1416.21
1438.77
1382.75
1331.2
1389.38
1418.45
1317.57
1456.44
1393.49
1355.11
1322.26
1320.55
1378.12
1376.72
1363.41
1348.94
1424.93
1344.29
1447.61
1413.94
1363.58
1398.87
1413.24
1398.62
1380.07
1335.65
1303.34
1381.71
1341.58
1378.44
1357.22
1402.75
1328.59
1434.03
1471.87
1413.16
1365.79
1398.55
1467.03
1417.5
1462.36
1335.52
1327.56
1358.86
1346.43
1453.88
1450.49
1411.96
1431.44
1290.55
1431.1
1378.77
1495.66
1361.06
1419.36
1414.79
1366.68
1385.82
1465.61
1423.85
1482.12
1542.47
1531.84
1532.25
1642.73
1683.78
1759.9
1846.94
1972.27
1418.5
1404.09
1360.42
1335.64
1362.72
1351.5
1432.99
1427.22
1334.62
1405.96
1385.15
1367.31
1401.31
1457.79
1422.78
1386.58
1369.46
1463.39
1398.78
1320.5
1317.42
1325.18
1350.91
1394.44
1343.77
1362.47
1418.25
1458.65
1384.94
1428.97
1345.63
1306.64
1421.44
1458.1
1360.16
1448.49
1358.17
1391.57
1268.96
1372.9
1372.88
1385.19
1442.63
1396.86
1428.96
1382.84
1416.01
1369.83
1424.85
1293.83
1399.35
1379.09
1381.62
1339.26
1363.86
1470.09
1336.03
1404.74
1406.61
1396.67
1351.48
1375.38
1371.86
1357.87
1389.23
1354.11
1301.3
1357.23
1377.48
1276.12
1327.12
1335.14
1259.27
1418.27
1373.14
1380.69
1316.77
1340.07
1355.18
1360.78
1310.02
1299.28
1326.46
1421.16
1414.43
1339.09
1442.71
1408.86
1384.43
1426.11
1411.09
1349.19
1445.88
1439.62
1430.09
1346.88
1416.83
1369.02
1421.38
1408.22
1426.02
1331.93
1434.69
1400.88
1396.04
1337.94
1367.94
1392.13
1410.22
1438.77
1411.28
1367.44
1405.91
1375.59
1403.2
1351.87
1378.04
1462.39
1361.44
1419.49
1344.67
1415.69
1368.96
1382.21
1410.11
1486.07
1482.52
1529.18
1582.58
1521.52
1656.94
1678.79
1645.04
1618.94
1868.26
1883.85
2045.34
2149.99
2298.65
2502.12
2797.51
3026.68
3604.97
3563.14
4179.86
4200.12
4708.18
4829.98
4791.55
4813.73
4672.99
4809.71
4783.38
4834.38
4871.67
4957.71
4943.22
4868.84
4500.03
4833.72
4605.71
4726.5
4554.67
4954.76
4883.07
4507.26
4224.14
4240
4392.01
4140.1
4946.61
5281.49
6173.16
6686.86
6374.06
7439.71
7999.64
9040.34
9113.61
8996.76
9803.65
9633.16
9984.59
10654.2
10865.3
10594.3
10975.3
10870.4
11422.6
11441.9
11923.8
12174.8
12048.5
11040.3
11314.7
10689.4
10663.1
9849.14
9847.8
2485.35
2357.05
2337.36
2258.78
2206.88
2144.46
2181.88
2335.59
2216.13
2539.96
2236.33
2352.93
2240.24
2429.42
2906.31
1425.56
1460.03
1538.45
1551.47
1583.24
1588.58
1561.32
1363
1391.28
1383.29
1436.41
1407.43
1394.63
1334.71
1406.29
1340.46
1347.6
1440.03
1440.92
1349.79
1399.36
1393.8
1408.83
1382.44
1385.18
1337.04
1326.87
1367.04
1379.84
1347.32
1390.56
1390.16
1493.46
1379.66
1393.41
1360.99
1341.01
1382.18
1384.32
1378.53
1381.12
1367.98
1389.68
1460.82
1330.26
1315.5
1407.64
1410.51
1394.27
1417.5
1410.71
1325.19
1370.58
1434.12
1377.75
1379.71
1336.97
1349.14
1368.49
1350.1
1363.49
1359.34
1329.14
1333.4
1387.67
1376.15
1337.31
1321.61
1308.31
1341.28
1380.51
1357.75
1429.62
1357.3
1439.16
1312.77
1335.06
1427.44
1306.44
1409.48
1397.72
1403.43
1351.71
1355.78
1435.35
1373.01
1366.15
1344.46
1402.42
1391.02
1331.99
1366.05
1428.87
1377.59
1384.37
1364.13
1353.37
1392.67
1416.53
1352.06
1357.36
1469.53
1478.16
1381.16
1449.2
1370
1342.45
1412
1369.17
1395.08
1349.1
1377.14
1362.21
1366
1376.1
1495.27
1380.49
1409.19
1435.58
1379.02
1361.08
1385.98
1379.58
1350.91
1351.25
1327.88
1382.03
1407.49
1391.61
1446.03
1438.81
1569.63
1331.68
1396.99
1399.41
1405.47
1443.19
1383.47
1388.66
1394.26
1361.36
1364.29
1314.19
1342.51
1358.54
1351.7
1447.06
1394.7
1447.74
1405.6
1422.98
1336.48
1421.87
1424.91
1395.44
1369.05
1392.21
1440.11
1417.38
1301.73
1376.87
1441.01
1327.86
1347.52
1324.45
1448.7
1450.81
1348.46
1323.06
1415.21
1401.25
1384.22
1335.24
1455.86
1419.72
1405.22
1343.42
1390.56
1376.08
1375.81
1421.51
1329.76
1380.42
1350.51
1368.39
1341.69
1374.89
1310.4
1335.27
1360.91
1373.35
1391.68
1350.78
1390.95
1447.31
1391.91
1350
1347.63
1330.3
1346.75
1344.75
1401.81
1293.12
1331.25
1428.39
1421.96
1347.55
1419.41
1429.72
1359.5
1319.63
1321.34
1455.13
1391.93
1381.42
1363.25
1327.85
1304.34
1371.46
1352.64
1416.5
1320.98
1349.88
1361.92
1329.78
1329.49
1414.26
1481.32
1451.19
1438.4
1445.93
1360.9
1415.43
1305.05
1272.43
1344.32
1445.99
1361.54
1356.27
1333.06
1369.73
1228.24
1411.66
1365.65
1358.6
1453.88
1327.91
1363.02
1392.29
1399.6
1358.68
1334.35
1367.57
1360.28
1352.41
1367.38
1329.55
1397.96
1416.4
1446.11
1332.98
1414.45
1383.9
1435.17
1389.35
1304.63
1326.23
1378.26
1404.11
1374.74
1359.13
1377.52
1357.63
1376.96
1464.3
1362.74
1412.3
1374.41
1300.01
1365.58
1306.62
1435.5
1516.32
1389.73
1458.88
1334.06
1479.27
1412.91
1444.06
1511.58
1340.36
1384.43
1419.12
1366.4
1270.95
1404.4
1422.06
1382.52
1458.9
1379.37
1388.81
1353.14
1340.29
1396.52
1381.19
1358.53
1352.12
1367.66
1370.57
1300.6
1321.8
1322.53
1418.76
1370.96
1426.87
1358.98
1373.41
1390.29
1360.98
1384.42
1360.06
1386.63
1434.03
1413.24
1371.76
1395.9
1362.13
1426.88
1359.14
1409.28
1405.61
1346.04
1343.64
1395.57
1391.03
1377.82
1451.76
1386.9
1327.38
