1
0.999999
1
0.999615 0.000384622
0.999999
0.999998
0.999994
0.999787
0.999845
0.999992
0.99954 0.000103003 0.000174864 0.000125204
0.999178 0.000601624 0.000105954 0.000111553
0.999289 0.000283568 0.000324081 6.27039e-05 3.58649e-05
0.99729 0.00142578 0.000692372 0.000557718
0.997091 0.00163773 0.000158024 0.00105064
0.998392 0.000894813 4.58583e-05 0.000654734
0.997488 0.00102266 0.000914517 0.000293708 0.000174952
0.998448 0.000273945 0.000792419 0.000239004 4.16306e-06 0.00016379
0.997481 0.00094725 0.000620239 0.000728173 0.000183034
0.998616 0.00125443 0.00010694
0.998965 0.000897579
0.998391 0.00157429
0.996543 0.0034566
0.995096 0.004902
0.997706 0.00220508 8.83446e-05
0.996423 0.00357726
0.994798 0.0050584
0.993364 0.00656892
0.991798 0.00801397
0.993515 0.00644405
0.991294 0.00867676
0.987856 0.0120164
0.984368 0.0151855
0.983764 0.0161702
0.979624 0.0203701 5.65503e-06
0.970099 0.0298926
0.967283 0.0327171
0.959684 0.0403147
0.947034 0.0528076
0.93108 0.0689167
0.913848 0.0861055
0.910337 0.0890288 0.000514066
0.885448 0.114538
0.858606 0.141394
0.852781 0.147194
0.800745 0.199158
0.820607 0.179347
0.794727 0.205099 2.92055e-05 5.37856e-05 7.80024e-05 1.09226e-05 2.12497e-06 1.43422e-07 5.53667e-07
0.777644 0.222329
0.778618 0.221365
0.772127 0.227672
0.770992 0.228833
0.761876 0.237814 0.000269286
0.747277 0.252651
0.747934 0.251759
0.763769 0.236212
0.746159 0.25377 6.53223e-05
0.740173 0.259826
0.758657 0.241343
0.23983 0.76017
0.751697 0.248293
0.755683 0.244315
0.751788 0.248176
0.744309 0.255685
0.741235 0.258765
0.242816 0.757145
0.742915 0.256733 0.000351468
0.767251 0.232696
0.735864 0.264129
0.757316 0.242684
0.75549 0.244509
0.753536 0.246441
0.257248 0.742634 0.000117604
0.744818 0.255182
0.737272 0.262718
0.757197 0.242783
0.744646 0.255354
0.759652 0.240025 0.000322734
0.762065 0.237929
0.734693 0.265249
0.729471 0.270392
0.74012 0.259796 2.19688e-05 5.09161e-05
0.750142 0.249818
0.752457 0.247543
0.744542 0.255348
0.740228 0.258878 0.000256477 0.000611245
0.751014 0.248973
0.751118 0.248882
0.761626 0.238362
0.769036 0.230964
0.740982 0.259017
0.755301 0.244587 5.28925e-05
0.752074 0.247921
0.766283 0.233716
0.750749 0.248975 0.000276449
0.749377 0.250618
0.741294 0.258706
0.740414 0.259586
0.749511 0.250489
0.754273 0.245723
0.761041 0.238951
0.753302 0.246694
0.746641 0.253017 0.000236278
0.735347 0.262158 0.00164043 0.000811069
0.752367 0.247607
0.745634 0.254176 0.000105748
0.724857 0.275103
0.739683 0.260271
0.770066 0.22983
0.757708 0.242277
0.747001 0.252997
0.745457 0.254486
0.752752 0.247177
0.75625 0.243092 0.000633545
0.760757 0.238955 0.000222427
0.755667 0.244133 0.000148655
0.75378 0.245332 0.000545567
0.744696 0.253018 0.00227652
0.749565 0.249982 0.000452485
0.753995 0.243348 0.00264534
0.751359 0.246246 0.00236117
0.730396 0.258334 0.0112698
0.743702 0.256172 0.000104238
0.748284 0.251698
0.24288 0.757116
0.765068 0.23493
0.743609 0.25639
0.756421 0.243523 3.62851e-05
0.74799 0.251759 0.000251435
0.265497 0.734502
0.743009 0.256616 0.000355486
0.247069 0.75277
0.744871 0.254949
0.753526 0.245871 0.000597874
0.753064 0.246875
0.757659 0.24233
0.742194 0.25771
0.745065 0.254474 0.000192689 0.000226222
0.745347 0.254652
0.729405 0.270313
0.760485 0.239493
0.758519 0.240622
0.745979 0.253934
0.739455 0.260375 0.000142032
0.749142 0.25077 6.9706e-05 7.43083e-06 3.98055e-06 7.41267e-06
0.755002 0.244553 0.000444181
0.739378 0.260316 6.07021e-05 0.000124356 1.76811e-05 2.26252e-05 7.66685e-05
0.747133 0.252569 0.000267588
0.758644 0.241355
0.747873 0.252076
0.736267 0.263582
0.738869 0.260688 0.000430532
0.754841 0.245159
0.773697 0.22628
0.749662 0.249997
0.757345 0.242629
0.761811 0.238188
0.746968 0.253032
0.758484 0.241516
0.756866 0.243101
0.760825 0.239175
0.752447 0.247504
0.264946 0.735054
0.769504 0.230188 0.000157041 0.000147277
0.766183 0.233814
0.748067 0.251639 0.000290159
0.768496 0.231498
0.770155 0.229843
0.743386 0.256494
0.762474 0.237388
0.753032 0.246956 1.16824e-05
0.739969 0.260023
0.764943 0.234866
0.740608 0.259392
0.739037 0.260963
0.764959 0.235041
0.745508 0.254297 0.00019444
0.738516 0.261484
0.741694 0.258306
0.73445 0.26555
0.765125 0.234875
0.738475 0.261523
0.753885 0.246075
0.761366 0.238616
0.761403 0.238439 0.000150681
0.752846 0.246021 0.000585359 0.000518697
0.752805 0.247063 3.44391e-05 1.55123e-05
0.740338 0.259597
0.752464 0.247471
0.732841 0.267083
0.736208 0.263792
0.740059 0.259879
0.762328 0.237428
0.747959 0.252041
0.747084 0.252747
0.673597 0.326403
0.999978
0.999846
0.999505 0.000470427
1
1
1
1
1
1
1
0.999998
0.999733
0.999998
0.999942
1
1
0.999992
0.999995
0.999953
0.999991
0.999999
1
0.999874
0.999995
1
0.999421 0.000562188
0.999995
1
0.999798 0.000201323
0.999994
0.999878 5.22385e-05 6.92865e-05
0.999453
0.999918
0.998875 0.000810754
0.999996
0.999685
0.999968
0.997898 0.00210168
0.999828
0.999977
0.999995
0.999927
0.999993
1
0.999807 0.000190459
0.999846
0.999511
1
1
1
0.999878
1
1
1
1
0.999644 0.000290712
0.999984
1
0.999801 7.36236e-05 0.000125538
0.999992
0.999992
1
0.999998
1
0.999849
0.999993
0.999421 0.000315651 0.000169198
0.999645 0.000113841 0.000112016 5.94579e-05 6.3783e-05 5.03405e-06
0.999943
0.999974
0.999863
0.999836 0.000100761
0.999953
1
1
1
1
1
1
1
0.999998
0.99995 4.94965e-05
0.999983
1
0.999921
0.999964
0.999998
0.99967 0.000303923
0.999702 0.000191351 0.000106844
0.999999
0.999999
0.999908
0.999791 0.000201199
0.99995
0.999798 0.000181499
0.999991
0.999983
0.999462 0.000530097
0.999596
0.999966
0.99999
0.999965 1.97324e-05
0.999632 0.000233963 3.47716e-05 9.21296e-05
0.999965
0.999505 0.000335887 0.000158507
0.9998 0.000197655
0.999978 2.19412e-05
0.999461 0.000457379
0.99947 0.000361936
0.9974 0.00256015
0.994771 0.00456439 0.000639979
0.992558 0.00744115
0.995023 0.00493237 4.37971e-05
0.990351 0.00919947
0.990131 0.00970085 0.000167641
0.988322 0.0116776
0.983917 0.0160792
0.98127 0.0187299
0.981984 0.0180112
0.969681 0.0303189
0.970545 0.0294393
0.959015 0.0409848
0.94836 0.0516237
0.941099 0.0588062
0.921973 0.0779193
0.902192 0.0978075
0.900805 0.098743
0.875761 0.124239
0.866773 0.133227
0.838146 0.161854
0.820045 0.179954
0.809743 0.190257
0.790172 0.20973
0.781864 0.217919 0.000201815
0.778098 0.22173
0.774413 0.224758 0.000790964
0.764939 0.235008
0.745271 0.254726
0.757458 0.242501 9.72148e-06 2.34568e-05 3.47547e-06 4.59548e-06
0.760926 0.238832 0.000188666
0.757292 0.24253 5.98725e-05 6.98501e-05 4.76962e-05
0.750859 0.249056
0.766359 0.233566
0.748749 0.251197
0.771853 0.22812
0.738987 0.258372 0.00134667 0.000578031 0.000425429 0.000186029 3.81237e-05 4.91912e-05
0.75316 0.246795
0.75499 0.24489
0.752362 0.247575
0.744977 0.25493
0.748155 0.251827
0.747438 0.252559
0.737002 0.262642 0.000204192
0.738136 0.261858
0.749248 0.250078 0.000674587
0.756676 0.243268 3.79953e-05
0.750011 0.249737
0.30646 0.69316 0.000378438
0.999313 6.26059e-08
0.999907
0.999278
1
0.99934 0.000578359 8.02163e-05
0.999893
0.999839
0.999996
0.99986
0.999042 0.000823851 0.000134472
0.999714 0.000286094
0.999993
0.999325 0.000666813
0.999986
0.999995
1
1
1
1
0.99992
1
1
0.999996
0.999814
0.999932
0.999912
0.999994
0.999997
0.999995
1
0.999334 0.000665675
0.999787
0.999997
0.999919
0.999913
0.999526 0.000217033
1
0.999687 0.000303784
0.999973
1
0.999906
0.999995
1
1
1
1
0.99984
1
1
0.999991
1
0.999637
0.999951
1
0.999997
0.999987
1
0.999809
0.999997
0.999986
0.999992
0.999996
0.99999
0.999999
1
0.999994
0.999942
0.999998 2.31129e-06
0.999997
0.999785
0.999998
0.999796 0.000156304
1
0.999939
0.999785
1
0.999995
0.999301 0.000571981
0.999537 0.000461837
0.998747 0.000604992 0.000297513
0.999332 0.000571498
0.996109 0.00386825
0.99943 0.000494889 3.29572e-05
0.995817 0.00345336 0.000480849
0.995618 0.00381647 2.19663e-05 0.000290799 0.000170969 3.77999e-06 1.8025e-06 6.19861e-05
0.996903 0.00263698 0.000206772 0.000253135
0.996699 0.00298765 0.000295728
0.99513 0.00448494 0.000361905
0.99599 0.00400986
0.991065 0.00893454
0.990247 0.00975213
0.989798 0.0102023
0.979126 0.0199192 0.000260896 0.000358338
0.99949 0.000491158
0.99982
0.999987
0.999999
0.99999
0.99958 0.000402118
1
0.999999
0.999548
1
0.999965
1
1
0.999357 0.000374147
0.999005 0.000438268 0.000551413
1
1
0.999885
0.999999
0.999872
0.999978
0.99958 0.000415369
0.999948
0.999984
0.999915 7.96798e-05
1
0.999538
0.999997
0.999912
0.999988
0.999997
0.999331
0.999999
0.999918
0.999998
0.999999
0.999539
0.999955
0.999927
0.999996
0.999821 0.000137141
0.999847 0.000141731
0.999684 0.000212408 9.40096e-05
0.998424 6.94244e-05 0.00110019
0.999972
0.999592
0.999619 3.16902e-05 0.00014609 0.000188105
0.999398 7.80555e-05 0.000412898
0.999998
0.999944
0.99972
0.999985
0.999957
0.999999
0.999868 3.74927e-05 5.94833e-05
0.999616 9.09672e-05 0.000293032
0.999909
0.999995
0.999846
1
0.999745 2.98338e-05 9.87273e-05 1.55493e-05 7.76996e-05
0.999986
0.999777
1
0.999953
1
1
0.999707 0.000255673
1
1
0.99998
1
1
0.999943
0.999647 6.03734e-05 0.000243095
0.999977
0.999962
0.999975
0.999591 0.000399786
1
0.999997
0.999952
0.999738 0.000262437
0.999978
0.999798 0.00012525
0.999916
0.999958
0.999925 7.48847e-05
1
0.9999
1
1
0.999999
0.999994
0.999998
0.999962
0.999997
0.999818
0.999886 6.8023e-05 4.37844e-05
0.999997
1
0.999999
1
0.999572 0.000417112
0.999813
0.999632 0.000143469 0.000220489
0.9992 0.000670348 0.000129948
0.999984
1
1
0.999999
1
0.999981
0.999722
0.999118 0.000796522
0.99996
0.999817 0.000152128
0.998678 0.000961389
0.998423 0.00144673
0.998906 0.00108802 5.22675e-06
0.999434 0.000205114 5.34601e-05 0.000249271 5.51728e-05
0.998994 0.000960961
0.999185 0.000565931 3.32477e-05 9.4618e-05 8.72865e-05
0.998001 0.00199355
0.998329 0.00142363 9.84503e-05
0.997204 0.00276534
0.995107 0.00470166 0.000189115
0.99553 0.00381347 6.31565e-05 0.000270811 0.00031286
0.992598 0.0071457 0.000103732 3.74325e-05 0.000112568
0.991677 0.00824649
0.990223 0.00977679
0.988124 0.0118689
0.985403 0.0145963
0.981893 0.0176741 0.000409883
0.9809 0.0190988
0.969908 0.0300915
0.960011 0.0399894
0.955756 0.0442373
0.962101 0.0378668 3.17156e-05
0.945975 0.0540249
0.91565 0.0843453 4.72989e-06
0.907491 0.0923335
0.881653 0.117858 0.000240606 0.000247975
0.876085 0.122628 0.00128669
0.851369 0.14863
0.82916 0.17084
0.808739 0.191261
0.793104 0.206896
0.794075 0.20592
0.766787 0.233149
0.763863 0.236069
0.754007 0.244861 0.000654266 0.000362606 0.000103286
0.764137 0.23423 0.00149903 6.83892e-07 8.64558e-05
0.245849 0.753664 0.000454736
0.735638 0.262813 0.00149928
0.74709 0.251507 0.00126856
0.738486 0.260601 0.000892638
0.749269 0.250273 0.00045751
0.750526 0.248408 0.00102461
0.76146 0.236419 0.0021139
0.751998 0.243316 0.00364253 0.000279305 0.000250641 0.000470959 3.5138e-05
0.718572 0.278056 0.00298736 0.000301252
0.727096 0.269934 0.00287326
0.746479 0.243683 0.00980644
0.724511 0.267816 0.00767076
0.73406 0.253784 0.0121064 3.18239e-05 1.54748e-05
0.747836 0.239958 0.0119379 3.04979e-05
0.737567 0.240984 0.0214291
0.730545 0.240761 0.0281773 0.000296446
0.687086 0.278981 0.0336962 4.79275e-07 6.50975e-05 0.000158547
0.698012 0.246068 0.0551944 0.000381282 0.000158863 0.000117934
0.685765 0.252945 0.0610752 5.20858e-05 0.000138499 1.65344e-05 3.67866e-06
0.650618 0.0851829 0.263824 0.000268643 9.13751e-05 1.46059e-05
0.674813 0.0839356 0.240611 0.000139672 2.74825e-05 0.000473449
0.632936 0.109725 0.255184 0.000524775 0.000631874 0.000976889
0.613431 0.146109 0.23808 0.000302148 0.00189133 5.16043e-05
0.613003 0.149446 0.234008 0.00192887 0.00160664
0.576336 0.171704 0.249786 0.000266046 0.00187202
0.530325 0.194213 0.269416 0.000107576 0.0043956 0.00121722 0.000220398
0.518028 0.252455 0.219637 0.000243894 0.00860282 0.000221126 0.000101876 0.00026043 0.000233629 0.000111781
0.500673 0.247519 0.238223 0.000676894 0.0128379 5.60274e-06 3.72975e-05
0.512035 0.230404 0.237689 0.0197418 3.03053e-07
0.480511 0.233821 0.258251 0.0270882 0.000176965 7.82795e-05
0.465713 0.246004 0.253676 0.0344473 9.59686e-05 3.8694e-05 1.10045e-05
0.439946 0.249509 0.255019 0.05528 3.83748e-05 0.000154481
0.24888 0.436601 0.241662 0.0728209
0.401387 0.249336 0.245067 0.103742 0.000411435 1.28967e-05 3.92337e-05
0.333135 0.263639 0.265198 0.13745 0.000526972
0.250419 0.31718 0.267614 0.164527
0.235357 0.259108 0.221628 0.283273 0.00059694
0.252048 0.247053 0.241613 0.259043
0.245009 0.244489 0.258724 0.251512 0.000114293 9.81388e-05 4.45035e-05
0.246416 0.255136 0.241543 0.256882
0.260416 0.245345 0.235032 0.259087 0.000108624 9.87984e-06
0.248407 0.236024 0.253385 0.261219 0.000328514 0.000140803 0.000421632 6.37815e-05
0.250694 0.256103 0.250301 0.242446 0.000118683 0.000337286
0.257796 0.251611 0.249731 0.240838
0.252734 0.254875 0.253713 0.23865
0.258616 0.255757 0.246347 0.238651 0.000297011 4.18684e-05 6.4012e-05 9.86126e-05 4.59107e-05 6.18747e-05
0.990165 0.00945212
0.993718 0.00564221 0.0006283
0.989516 0.00991309 1.18336e-05 8.07515e-05 0.000283212 7.72616e-06 1.97997e-05 0.000110216
0.985435 0.0145346
0.987185 0.0127915
0.979313 0.0206628
0.978254 0.0217423
0.969469 0.0296796 0.000754322 8.20919e-05
0.958253 0.0404288 0.00110048 0.000152431
0.951191 0.0478084 0.000993919
0.94013 0.0574444 0.00212246 5.31767e-05 8.4171e-05 9.35615e-05 6.68825e-05
0.922096 0.0725156 0.00371663 0.00166782
0.919235 0.0795775 0.0011853
0.88196 0.11599 0.00205014
0.798458 0.199445 0.00180283 0.000293797
0.99621 0.000144312 0.00364536
0.995907 0.00390719 4.21354e-06 0.000138778
0.989841 0.0101593
0.994135 0.00586449
0.992563 0.00742959
0.993229 0.00673252
0.977544 0.0218767 0.000464171
0.999934
0.999975
0.999989
0.999498
0.999382
0.99993
0.999493 0.000507094
1
0.999999
0.999994
0.999498
0.999982
1
0.999963
1
0.999996
1
0.999754
0.999906
1
1
1
0.999999
0.999978
0.999998
0.999411
1
0.999999
0.999999
0.999893
1
0.999996
0.999997
1
1
0.999995
0.99982
1
1
1
1
0.999998
1
1
1
1
1
1
1
1
0.999998
0.999996
0.999963 2.76813e-05 8.6873e-06
0.999737
0.999619 0.000367306
0.999925
0.999528 0.000471785
0.999138
0.999316 0.000545981 0.000104751 2.14971e-05
0.999999
0.999977
0.999976
0.999994
0.999924 5.74882e-05
0.999834
1
1
1
1
0.999957
0.999781
1
1
0.999999 1.12763e-06 1.8234e-07
0.999977
1
1
1
1
1
1
0.999964 2.24609e-05
0.998107 0.00117937 0.000681857
0.999563
0.999991
0.99896 5.76845e-05 0.000477189 9.65484e-07 0.000306988
0.99973 0.000269631
0.999808 8.83537e-05
0.999803
1
0.999999
0.999494 0.000502945
0.999999
0.999957
0.999742
0.999965
0.99996
0.999969 3.01367e-05
1
0.999833
0.999974
0.999997
1
0.999994
0.999976
0.999933
0.999975
1
0.999534
0.999998
0.999993
0.998874 0.00112576
0.999737 0.000252561
0.999513 0.000347482 0.000120411
0.999971 1.80204e-05 9.93176e-06
0.99954 0.000457539
0.998683 0.000655998 0.000659935
0.999407 0.000590216
0.997538 0.00204732 0.000284384 8.99875e-05 3.14177e-05
0.99889 0.00110969
0.998588 0.000471433 0.000786003 0.000128622
0.998855 0.00105922 2.13843e-05 5.98185e-05
0.996632 0.002639 0.000727004
0.997884 0.00211602
0.99011 0.00988885
0.99992
0.999708 0.000290212
0.999862
0.99923
0.999737
0.999659
0.999909
0.999983
0.999998
1
0.999927
0.999925
0.999891
0.999969
1
0.999939
0.999999
0.999735
0.999986
0.999998
0.999878
0.999979
0.999934
0.999894
0.99999
0.999854 0.000143919
0.999945
0.999922
0.999995
0.999941
0.99998
0.999959
0.999836
0.99911 4.97059e-06 0.000741752
0.999998
0.999843
1
0.999996
0.999974
1
0.999977
1
1
0.999959
0.999831
0.999976
0.99978
0.999573
0.999784 0.000215022
0.999923 8.35274e-06 6.72955e-05
0.999949 4.99815e-05
0.999902
0.999899 9.8613e-05
0.999936
0.999996
1
0.999996
0.99999
0.999986
0.999995
0.999605 0.000374266
0.999989
0.999998
0.999876
0.999988
0.999996
0.999943
0.999951
0.999917 8.31479e-05
1
1
1
1
0.999863 1.69172e-05
0.999944
0.99991
0.999999
1
1
1
0.999972
0.999998
0.999984
0.999956
0.999979
0.999839
0.999999
0.999986
1
1
0.999825
0.99999
1
1
0.999999
1
1
0.999978
0.999909
0.999091
0.999562
0.999962
1
0.999997
1
1
1
1
1
0.999999
0.999999
0.999997
0.999996
1
1
1
1
0.999744
0.999984
1
0.999146
0.999991
0.999919
0.999943
0.999923
0.999999
1
1
0.999999
0.999823
0.999916
1
1
1
1
1
1
1
1
0.999993
1
0.999988
0.999982
0.9985 0.00148465
0.999331 0.000668543
0.999898
0.999999
0.999995
1
0.999991
0.999152 0.00012839 0.00034345 0.00037579
0.99932 0.000654087 2.60431e-05 1.99402e-07
0.999511 0.000353528 0.000131923
0.998751 0.00124115
0.998675 0.00130503
0.998008 0.00199195
0.997408 0.00258883
0.997044 0.00281004
1
1
0.999994
1
1
1
0.999363 0.000543468 3.34243e-05
1
0.999981 1.82707e-05
0.999998
0.999998
0.999185
0.999606
0.999973
0.999967
0.99992
0.999993
0.999925
0.999916
0.999744
0.999839 4.16339e-05 7.41852e-05
0.999999
0.999733
0.999996
0.999716 0.000275422
0.999934
0.999976
0.999736 0.000250747
0.999807 0.000178198 1.40654e-05
0.999947
0.999935
1
1
0.999999
1
0.999994
0.999922 4.55269e-05 2.75044e-05
0.999971
1
1
1
0.999942
0.999953
0.999973
0.9994
0.999488 0.000324768 1.38322e-06 0.000108277 6.65547e-05
0.999754 0.000206799
0.999932
0.999971
