0.189103
0.189103
0.189103
0.17465
0.17465
0.17465
0.239095
0.388143
0.388143
0.388143
0.65156
0.629191
0.629191
0.776898
0.687383
0.687383
0.687383
0.675371
0.682815
0.508189
0.508189
0.483873
0.297885
0.297885
0.0830156
0.0830156
0.190163
0.190163
0.297088
0.297088
0.297088
0.496505
0.496505
0.448515
0.362347
0.362347
0.362347
0.362347
0.362347
0.508921
0.442687
0.404607
0.194944
0.194944
0.194944
0.587996
0.587996
0.314159
0.424689
0.424689
0.424689
0.662874
0.704786
0.683865
0.220897
0.220897
0.172781
0.172781
0.172781
0.255818
0.255818
0.255818
0.255818
0.243176
0.243176
0.363135
0.363135
0.284505
0.401865
0.471345
0.365816
0.34643
0.201304
0.201304
0.201304
0.0683492
0.233034
0.233034
0.233034
0.309725
0.626578
0.324819
0.324819
0.324819
0.324819
0.324819
0.324819
0.144081
0.144081
0.205476
0.462074
0.462074
0.207973
0.207973
0.207973
0.138567
0.138567
0.138567
0.138567
0.138567
0.138567
0.559602
0.559602
0.524996
0.524996
0.524996
0.524996
0.338583
0.307644
0.307644
0.359269
0.359269
0.359269
0.680517
0.838611
0.665943
0.665943
0.235178
0.235178
0.235178
0.0894871
0.385371
0.385371
0.146676
0.146676
0.357051
0.271121
0.434875
0.438437
0.438437
0.370699
0.370699
0.428505
0.428505
0.168484
0.168484
0.270016
0.270016
0.245945
0.376399
0.376399
0.376399
0.374458
0.132526
0.596984
0.544115
0.544115
0.323484
0.323484
0.323484
0.370665
0.370665
0.370665
0.473542
0.473542
0.473542
0.473542
0.227632
0.227632
0.227632
0.227632
0.227632
0.227632
0.264145
0.264145
0.264145
0.264145
0.264145
0.264145
0.327598
0.327598
0.23386
0.23386
0.23386
0.0885741
0.0885741
0.0885741
0.0885741
0.0885741
0.0885741
0.241511
0.241511
0.160817
0.477359
0.477359
0.732191
0.867074
0.596245
0.765023
0.250898
0.0973857
0.195772
0.263254
0.263254
0.263254
0.263254
0.263254
0.263254
0.263254
0.263254
0.0582265
0.0582265
0.0582265
0.0778971
0.0778971
0.0778971
0.0381893
0.540621
0.540621
0.238428
0.238428
0.238428
0.392552
0.232746
0.232746
0.240004
0.314133
0.314133
0.314133
0.282819
0.282819
0.126416
0.126416
0.231087
0.231087
0.231087
0.231087
0.591824
0.679016
0.679016
0.598316
0.598316
0.598316
0.228779
0.228779
0.228779
0.228779
0.324188
0.324188
0.324188
0.324188
0.306789
0.268464
0.111781
0.111781
0.111781
0.111781
0.111781
0.111781
0.13848
0.0911629
0.285182
0.285182
0.285182
0.285182
0.251844
0.114686
0.114686
0.114686
0.114686
0.3811
0.3811
0.409911
0.735593
0.584877
0.584877
0.584877
0.423134
0.0340453
0.0340453
0.0340453
0.0340453
0.0340453
0.0340453
0.0340453
0.0340453
0.28006
0.28006
0.0919588
0.206708
0.206708
0.206708
0.206708
0.206708
0.206708
0.427201
0.427201
0.427201
0.427201
0.427201
0.242465
0.242465
0.242465
0.265829
0.58938
0.388536
0.388536
0.443511
0.443511
0.443511
0.429088
0.315382
0.320941
0.124707
0.324454
0.202462
0.54408
0.54408
0.4297
0.610781
0.0905243
0.156688
0.194054
0.194054
0.260774
0.210045
0.1411
0.1411
0.368084
0.383518
0.467445
0.516701
0.0825578
0.0825578
0.0825578
0.0825578
0.0825578
0.243582
0.430087
0.0786531
0.0786531
0.397085
0.397085
0.397085
0.397085
0.397085
0.397085
0.397085
0.459157
0.459157
0.459157
0.459157
0.459157
0.459157
0.43986
0.256706
0.256479
0.190266
0.583585
0.32015
0.32015
0.427063
0.427063
0.427063
0.427063
0.152296
0.152296
0.232948
0.180948
0.180948
0.180948
0.180948
0.180948
0.180948
0.180948
0.205524
0.185775
0.185775
0.185775
0.0606076
0.0606076
0.0606076
0.0606076
0.0606076
0.0606076
0.0606076
0.184682
0.184682
0.184682
0.184682
0.184682
0.184682
0.239129
0.239129
0.156326
0.268797
0.205874
0.438207
0.690055
0.505678
0.505678
0.505678
0.0438343
0.125609
0.125609
0.125609
0.0304691
0.0304691
0.0304691
0.217003
0.217003
0.217003
0.217003
0.338816
0.278286
0.278286
0.0562357
0.0562357
0.214729
0.214729
0.214729
0.214729
0.214729
0.214729
0.214729
0.150581
0.150581
0.150581
0.150581
0.150581
0.150581
0.150581
0.150581
0.390138
0.352171
0.352171
0.193333
0.361981
0.361981
0.361981
0.347604
0.543517
0.443533
0.443533
0.443533
0.583984
0.7538
0.7538
0.7538
0.198356
0.198356
0.198356
0.198356
0.198356
0.143464
0.143464
0.567534
0.567534
0.196137
0.196137
0.0583276
0.0583276
0.308223
0.308223
0.308223
0.157326
0.157326
0.157326
0.0639232
0.116414
0.116414
0.116414
0.116414
0.116414
0.402691
0.402691
0.402691
0.289518
0.289518
0.182866
0.182866
0.15809
0.15809
0.361756
0.361756
0.361756
0.323164
0.323164
0.323164
0.323164
0.323164
0.323164
0.323164
0.323164
0.249853
0.249853
0.249853
0.249853
0.515105
0.714762
0.698193
0.698193
0.749823
0.716269
0.353303
0.353303
0.371959
0.354499
0.296037
0.296037
0.296037
0.342869
0.214593
0.504715
0.504715
0.504715
0.504715
0.504715
0.51971
0.0506408
0.0506408
0.324977
0.189212
0.189212
0.239373
0.239373
0.239373
0.0893774
0.0893774
0.16972
0.16972
0.270355
0.270355
0.377613
0.377613
0.22722
0.22722
0.265347
0.265347
0.113281
0.417284
0.427533
0.495683
0.242935
0.24994
0.290815
0.290815
0.290815
0.290815
0.290815
0.290815
0.290815
0.321018
0.238663
0.238663
0.238663
0.238663
0.0784251
0.0784251
0.176983
0.568393
0.362195
0.362195
0.362195
0.0639749
0.0639749
0.0639749
0.0639749
0.0639749
0.305291
0.252061
0.440251
0.440251
0.440251
0.457821
0.171408
0.418571
0.418571
0.418571
0.777422
0.777422
0.401482
0.401482
0.401482
0.401482
0.444398
0.197858
0.197858
0.197858
0.197858
0.197858
0.197858
0.197858
0.276597
0.276597
0.276597
0.276597
0.276597
0.427067
0.427067
0.171149
0.171149
0.171149
0.171149
0.318861
0.318861
0.318861
0.318861
0.52822
0.397165
0.397165
0.459012
0.478412
0.512216
0.512216
0.754475
0.82034
0.82034
0.372078
0.372078
0.372078
0.2956
0.645704
0.476525
0.339063
0.339063
0.505643
0.56425
0.56425
0.463245
0.463245
0.413071
0.413071
0.413071
0.413071
0.823593
1.05568
1.03192
0.945315
0.945315
0.617568
0.617568
0.617568
0.610691
0.532604
0.532604
0.532604
0.532604
0.653064
0.548087
0.548087
0.548087
0.548087
0.657914
0.657914
0.657914
0.657914
0.657914
0.657914
0.657914
0.657914
0.512754
0.512754
0.357617
0.533738
0.641888
0.889772
0.164899
0.186586
0.186586
0.074038
0.158848
0.182035
0.207647
0.207647
0.579524
0.579524
0.579524
0.579524
0.579524
0.596024
0.593433
0.232099
0.259981
0.0533441
0.0718997
0.152856
0.242545
0.242545
0.158252
0.158252
0.158252
0.158252
0.158252
0.158252
0.158252
0.158252
0.0910029
0.0910029
0.0910029
0.234267
0.234267
0.234267
0.234267
0.234267
0.234267
0.234267
0.138819
0.138819
0.138819
0.0874681
0.0548349
0.0548349
0.0548349
0.0548349
0.0548349
0.0548349
0.0548349
0.0548349
0.0548349
0.0548349
0.0348381
0.0348381
0.0348381
0.0348381
0.0348381
0.0348381
0.0348381
0.412223
0.304679
0.304679
0.304679
0.304679
0.304679
0.191026
0.191026
0.191026
0.0311789
0.392931
0.392931
0.392931
0.330272
0.233693
0.00458115
0.00458115
0.00458115
0.00458115
0.455161
0.0535695
0.0535695
0.0655321
0.0655321
0.176732
0.176732
0.176732
0.0787571
0.0787571
0.0787571
0.277771
0.485491
0.488121
0.0783295
0.432117
0.493171
0.143126
0.143126
0.244243
0.244243
0.244243
0.275075
0.275075
0.275075
0.275075
0.183846
0.244975
0.244975
0.244975
0.244975
0.244975
0.265822
0.265822
0.18712
0.18712
0.205825
0.205825
0.19517
0.19517
0.19517
0.19517
0.245982
0.245982
0.183723
0.413622
0.437408
0.361754
0.204235
0.610955
0.610955
0.610955
0.501519
0.169384
0.169384
0.169384
0.169384
0.505604
0.0999221
0.4597
0.4597
0.4597
0.4597
0.108662
0.108662
0.108662
0.200292
0.200292
0.200292
0.200292
0.200292
0.200292
0.180557
0.180557
0.195716
0.195716
0.195716
0.292849
0.292849
0.560629
0.405785
0.390773
0.390773
0.390773
0.439706
0.439706
0.439706
0.526635
0.396134
0.595793
0.381321
0.0656559
0.0656559
0.0656559
0.0966446
0.0966446
0.152388
0.152388
0.152388
0.352677
0.352677
0.352677
0.15049
0.497734
0.497734
0.497734
0.390253
0.278002
0.278002
0.140397
0.140397
0.140397
0.140397
0.133923
0.376967
0.306582
0.216258
0.216258
0.216258
0.216258
0.216258
0.216258
0.216258
0.216258
0.0419413
0.0419413
0.0419413
0.0419413
0.0419413
0.377204
0.588657
0.417536
0.0885615
0.0885615
0.0885615
0.0885615
0.388782
0.388782
0.406074
0.299156
0.155855
0.155855
0.111476
0.111476
0.111476
0.111476
0.111476
0.111476
0.111476
0.111476
0.0352935
0.0352935
0.23325
0.330528
0.330528
0.330528
0.190529
0.0742955
0.150943
0.106947
0.106947
0.0737673
0.0737673
0.0737673
0.0737673
0.216261
0.216261
0.216261
0.177972
0.106934
0.143931
0.0985289
0.0985289
0.320156
0.320156
0.30953
0.142251
0.142251
0.173323
0.129302
0.129302
0.129302
0.129302
0.0251482
0.36063
0.262584
0.262584
0.127612
0.127612
0.0545541
0.0545541
0.0545541
0.0545541
0.0467788
0.0467788
0.0416442
0.0416442
0.157567
0.157567
0.157567
0.210171
0.212889
0.108394
0.108394
0.108394
0.192175
0.192175
0.192175
0.192175
0.190226
0.17644
0.17644
0.17644
0.17644
0.131012
0.131012
0.131012
0.131012
0.131012
0.245879
0.245879
0.151935
0.28377
0.28377
0.284198
0.329495
0.329495
0.303824
0.303824
0.348138
0.348138
0.348138
0.348138
0.348138
0.662714
0.291172
0.392031
0.293554
0.293554
0.293554
0.243161
0.280545
0.280545
0.280545
0.187099
0.0427081
0.0427081
0.264039
0.264039
0.211067
0.211067
0.045237
0.0632428
0.195613
0.195613
0.195613
0.32604
0.839046
1.08751
0.950793
0.570048
0.226762
0.226762
