1992 1992
1992 1992
1992 1992
1992 0 1992
1992 1992
1992 1992
1992 1992
1992 1992
1992 1992
1992 1992
1990 1 0 1 1992
1990 1 0 1 1992
1990 0 1 1 0 1992
1990 0 1 1 1992
1990 0 1 1 1992
1989 1 0 2 1992
1989 2 1 0 0 1992
1989 1 2 0 0 0 1992
1989 1 2 0 0 1992
1989 3 0 1992
1988 4 1992
1984 8 1992
1984 8 1992
1984 8 1992
1983 9 0 1992
1981 11 1992
1981 11 1992
1976 16 1992
1973 19 1992
1970 22 1992
1964 28 1992
1962 30 1992
1951 41 1992
1943 49 1992
1934 58 0 1992
1914 78 1992
1903 89 1992
1881 111 1992
1863 129 1992
1835 157 1992
1797 195 1992
1778 214 0 1992
1734 258 1992
1684 308 1992
1655 337 1992
1621 371 1992
1587 405 1992
1563 429 0 0 0 0 0 0 0 1992
1546 446 1992
1534 458 1992
1521 471 1992
1513 479 1992
1506 486 0 1992
1503 489 1992
1499 493 1992
1498 494 1992
1497 495 0 1992
1497 495 1992
1495 497 1992
497 1495 1992
1496 496 1992
1496 496 1992
1496 496 1992
1495 497 1992
1495 497 1992
498 1494 1992
1496 496 0 1992
1496 496 1992
1495 497 1992
1494 498 1992
1494 498 1992
1493 499 1992
499 1493 0 1992
1494 498 1992
1494 498 1992
1493 499 1992
1493 499 1992
1493 499 0 1992
1493 499 1992
1493 499 1992
1493 499 1992
1493 499 0 0 1992
1493 499 1992
1493 499 1992
1493 499 1992
1493 499 0 0 1992
1493 499 1992
1493 499 1992
1493 499 1992
1493 499 1992
1493 499 1992
1493 499 0 1992
1493 499 1992
1493 499 1992
1493 499 0 1992
1493 499 1992
1493 499 1992
1493 499 1992
1493 499 1992
1493 499 1992
1493 499 1992
1493 499 1992
1493 499 0 1992
1493 499 0 0 1992
1493 499 1992
1493 499 0 1992
1493 499 1992
1493 499 1992
1493 499 1992
1493 499 1992
1493 499 1992
1493 499 1992
1493 499 1992
1493 499 0 1992
1493 499 0 1992
1493 499 0 1992
1492 499 1 1992
1489 499 4 1992
1489 499 4 1992
1489 499 4 1992
1485 499 8 1992
1493 499 0 1992
1493 499 0 1992
1493 499 1992
499 1493 1992
1493 499 1992
1493 499 1992
1493 499 0 1992
1493 499 0 1992
499 1493 1992
1494 498 0 1992
498 1494 1992
1495 497 1992
1494 498 0 1992
1493 499 1992
1493 499 1992
1493 499 1992
1493 499 0 0 1992
1493 499 1992
1493 499 1992
1493 499 1992
1493 499 1992
1493 499 1992
1493 499 0 1992
1493 499 0 0 0 0 1992
1493 499 0 1992
1493 499 0 0 0 0 0 1992
1493 499 0 1992
1493 499 1992
1493 499 1992
1493 499 1992
1493 499 0 1992
1493 499 1992
1493 499 1992
1493 499 1992
1493 499 1992
1493 499 1992
1493 499 1992
1493 499 1992
1493 499 1992
1493 499 1992
1493 499 1992
499 1493 1992
1493 499 0 0 1992
1493 499 1992
1493 499 0 1992
1493 499 1992
1493 499 1992
1493 499 1992
1493 499 1992
1493 499 0 1992
1493 499 1992
1493 499 1992
1493 499 1992
1493 499 1992
1493 499 1992
1493 499 0 1992
1493 499 1992
1493 499 1992
1493 499 1992
1493 499 1992
1493 499 1992
1493 499 1992
1493 499 1992
1493 499 0 1992
1493 499 0 0 1992
1493 499 0 0 1992
1493 499 1992
1493 499 1992
1493 499 1992
1493 499 1992
1493 499 1992
1493 499 1992
1493 499 1992
1339 653 1992
1992 0 1992
1992 1992
1992 1992
1992 0 1992
1992 1992
1992 1992
1992 1992
1992 1992
1992 1992
1992 1992
1992 1992
1992 1992
1992 1992
1992 1992
1992 1992
1992 1992
1992 1992
1992 1992
1992 1992
1992 1992
1992 1992
1992 1992
1992 1992
1992 1992
1992 1992
1992 1992
1992 0 1992
1992 1992
1992 1992
1992 0 1992
1992 1992
1992 0 0 1992
1992 1992
1992 1992
1992 0 1992
1992 1992
1992 1992
1992 1992
1992 0 1992
1992 1992
1992 1992
1992 1992
1992 1992
1992 1992
1992 1992
1992 0 1992
1992 1992
1992 1992
1992 1992
1992 1992
1992 1992
1992 1992
1992 1992
1992 1992
1992 1992
1992 1992
1992 0 1992
1992 1992
1992 1992
1992 0 0 1992
1992 1992
1992 1992
1992 1992
1992 1992
1992 1992
1992 1992
1992 1992
1992 0 0 1992
1992 0 0 0 0 0 1992
1992 1992
1992 1992
1992 1992
1992 0 1992
1992 1992
1992 1992
1992 1992
1992 1992
1992 1992
1992 1992
1992 1992
1992 1992
1992 1992
1992 0 1992
1992 1992
1992 1992
1992 1992
1992 1992
1992 1992
1992 0 1992
1992 0 0 1992
1992 1992
1992 1992
1992 1992
1992 0 1992
1992 1992
1992 0 1992
1992 1992
1992 1992
1992 0 1992
1992 1992
1992 1992
1992 1992
1992 0 1992
1992 0 0 0 1992
1992 1992
1991 1 0 1992
1991 1 1992
1991 1 1992
1991 1 1992
1991 1 1992
1988 4 1992
1982 10 0 1992
1979 13 1992
1977 15 0 1992
1973 19 1992
1970 22 0 1992
1961 31 1992
1955 37 1992
1946 46 1992
1938 54 1992
1925 67 1992
1906 86 1992
1889 103 1992
1876 116 1992
1853 139 1992
1819 173 1992
1785 207 1992
1748 244 1992
1714 278 1992
1683 309 1992
1645 347 1992
1610 382 1992
1584 408 1992
1564 428 1992
1546 446 0 1992
1531 461 1992
1525 467 0 1992
1519 473 1992
1511 481 1992
1507 485 0 0 0 0 1992
1503 489 0 1992
1503 489 0 0 0 1992
1499 493 1992
1498 494 1992
1497 495 1992
1496 496 1992
1496 496 0 0 0 0 0 0 1992
1496 496 1992
1496 496 1992
1495 497 1992
1495 497 1992
1495 497 1992
1495 497 1992
1495 497 0 1992
1495 497 1992
1495 497 0 1992
1495 497 0 1992
1328 664 1992
0 1992 0 1992
1992 0 1992
1992 1992
1992 1992
1992 1992
1992 0 0 1992
1992 1992
1992 1992
1992 1992
1992 1992
1992 0 0 1992
1992 0 1992
1992 1992
1992 0 1992
1992 1992
1992 1992
1992 1992
1992 1992
1992 1992
1992 1992
1992 1992
1992 1992
1992 1992
1992 1992
1992 1992
1992 1992
1992 1992
1992 1992
1992 1992
1992 1992
1992 1992
1992 0 1992
1992 1992
1992 1992
1992 1992
1992 1992
1992 0 1992
1992 1992
1992 0 1992
1992 1992
1992 1992
1992 1992
1992 1992
1992 1992
1992 1992
1992 1992
1992 1992
1992 1992
1992 1992
1992 1992
1992 1992
1992 1992
1992 1992
1992 1992
1992 1992
1992 1992
1992 1992
1992 1992
1992 1992
1992 1992
1992 1992
1992 1992
1992 1992
1992 1992
1992 1992
1992 1992
1992 1992
1992 1992
1992 0 1992
1992 1992
1992 1992
1992 1992
1992 0 1992
1992 1992
1992 1992
1992 1992
1992 1992
1992 1992
1992 0 1992
1991 1 1992
1990 2 0 1992
1989 3 1992
1988 4 1992
1987 5 0 1992
1986 6 0 1992
1985 7 0 0 0 0 0 0 1992
1984 8 0 0 1992
1984 8 0 1992
1979 13 0 1992
1978 14 1992
1973 19 1992
1972 20 1992
1949 43 1992
1992 0 0 0 1992
1992 0 1992
1992 1992
1992 1992
1992 1992
1992 1992
1992 0 1992
1992 1992
1992 1992
1992 1992
1992 1992
1992 1992
1992 1992
1992 1992
1992 0 1992
1992 0 0 1992
1992 1992
1992 1992
1992 1992
1992 1992
1992 1992
1992 1992
1992 0 1992
1992 1992
1992 1992
1992 0 1992
1992 1992
1992 1992
1992 1992
1992 1992
1992 1992
1992 1992
1992 1992
1992 1992
1992 1992
1992 1992
1992 1992
1992 1992
1992 1992
1992 1992
1992 1992
1992 0 1992
1992 0 1992
1992 0 0 1992
1992 0 0 1992
1992 1992
1992 1992
1992 0 0 0 1992
1992 0 0 1992
1992 1992
1992 1992
1992 1992
1992 1992
1992 1992
1992 1992
1992 0 0 1992
1992 0 0 1992
1992 1992
1992 1992
1992 1992
1992 1992
1992 0 0 0 0 1992
1992 1992
1992 1992
1992 1992
1992 1992
1992 1992
1992 1992
1992 0 1992
1992 1992
1992 1992
1992 1992
1992 1992
1992 1992
1992 1992
1992 0 0 1992
1992 1992
1992 1992
1992 1992
1992 0 1992
1992 1992
1992 1992
1992 1992
1992 0 1992
1992 1992
1992 0 1992
1992 1992
1992 1992
1992 0 1992
1992 1992
1992 1992
1992 1992
1992 1992
1992 1992
1992 1992
1992 1992
1992 1992
1992 1992
1992 1992
1992 0 0 1992
1992 1992
1992 1992
1992 1992
1992 1992
1992 0 1992
1992 1992
1992 0 0 1992
1992 0 0 1992
1992 1992
1992 1992
1992 1992
1992 1992
1992 1992
1992 1992
1992 1992
1992 0 1992
1992 1992
1991 1 1992
1991 1 1992
1990 2 1992
1989 3 0 1992
1989 3 0 0 0 1992
1989 3 1992
1989 3 0 0 0 1992
1988 4 1992
1987 5 0 1992
1984 8 1992
1982 10 0 1992
1979 13 0 0 0 1992
1976 16 0 0 0 1992
1970 22 1992
1966 26 1992
1960 32 1992
1952 40 1992
1948 44 0 1992
1939 53 1992
1920 72 1992
1906 86 1992
1893 99 1992
1872 120 0 1992
1842 150 1992
1802 190 0 1992
1773 219 1992
1735 257 0 0 1992
1698 294 0 1992
1661 331 1992
1624 368 1992
1588 404 1992
1565 427 1992
1549 443 1992
1532 460 1992
1519 473 1992
1513 479 0 0 0 1992
1508 484 0 0 0 1992
493 1498 1 1992
1494 496 2 1992
1492 498 2 1992
1492 498 2 1992
1490 499 3 1992
1488 499 5 1992
1485 500 7 1992
1484 500 8 0 0 0 0 1992
1483 500 9 0 1992
1480 500 12 1992
1475 500 17 1992
1469 500 23 1992
1462 500 30 0 0 1992
1452 500 40 0 1992
1438 500 54 1992
1418 500 74 0 1992
1388 500 103 0 0 1 1992
1359 500 132 0 0 1 1992
1329 500 162 0 0 1 0 1992
1289 202 500 0 0 1 1992
1261 228 500 0 0 3 1992
1213 275 500 0 0 4 1992
1166 321 500 0 5 0 1992
1120 364 500 0 8 1992
1081 400 500 0 11 1992
1047 432 500 0 13 0 0 1992
1013 500 456 0 23 0 0 0 0 0 1992
985 500 476 0 31 0 0 1992
953 484 504 51 0 1992
928 497 491 76 0 0 1992
895 499 493 105 0 0 0 1992
838 500 495 159 0 0 1992
500 785 496 211 1992
711 499 496 286 0 0 0 1992
623 494 500 375 0 1992
499 520 541 432 1992
503 498 488 503 0 1992
501 498 496 497 1992
500 496 497 499 0 0 0 1992
497 495 489 511 1992
498 509 462 523 0 0 1992
523 464 497 508 0 0 0 0 1992
500 496 497 499 0 0 1992
506 490 497 499 1992
493 504 496 499 1992
1977 15 0 0 0 0 0 0 0 0 1992
1974 18 1992
1971 21 0 1992
1967 25 0 0 0 0 0 0 1992
1963 29 1992
1954 38 1992
1940 52 1992
1930 62 1992
1917 74 0 1 1992
1899 91 2 0 1992
1879 110 3 1992
1857 131 4 0 0 0 0 1992
1824 164 4 0 1992
1785 202 5 1992
1592 395 5 1992
1984 0 8 0 1992
1983 0 9 1992
1980 12 0 0 1992
1977 15 1992
1975 17 1992
1974 18 1992
1961 31 1992
1992 0 0 1992
1992 1992
1992 1992
1992 1992
1992 1992
1992 1992
1992 1992
1992 0 1992
1992 1992
1992 1992
1992 1992
1992 1992
1992 1992
1992 1992
1992 1992
1992 1992
1992 1992
1992 1992
1992 1992
1992 1992
1992 1992
1992 1992
1992 1992
1992 1992
1992 1992
1992 1992
1992 1992
1992 1992
1992 1992
1992 1992
1992 1992
1992 1992
1992 1992
1992 1992
1992 1992
1992 1992
1992 1992
1992 1992
1992 1992
1992 1992
1992 1992
1992 1992
1992 1992
1992 1992
1992 1992
1992 1992
1992 1992
1992 1992
1992 1992
1992 1992
1992 1992
1992 1992
1992 1992
1992 0 0 1992
1992 1992
1992 0 1992
1992 1992
1992 0 1992
1992 1992
1992 0 0 0 1992
1992 1992
1992 1992
1992 1992
1992 1992
1992 0 1992
1992 1992
1992 1992
1992 1992
1992 1992
1992 1992
1992 1992
1992 1992
1992 1992
1992 1992
1992 0 0 1992
1992 1992
1992 1992
1992 1992
1992 1992
1992 1992
1992 1992
1992 1992
1992 0 1992
1992 0 0 1992
1992 1992
1992 1992
1992 0 0 0 0 1992
1992 0 1992
1992 0 1992
1992 1992
1992 1992
1992 1992
1992 0 1992
1992 1992
1992 1992
1992 1992
1992 1992
1992 1992
1992 0 1992
1992 1992
1992 1992
1992 1992
1992 1992
1992 1992
1992 1992
1992 1992
1992 1992
1992 1992
1992 1992
1992 1992
1992 1992
1992 1992
1991 1 1992
1991 1 1992
1991 1 0 1992
1991 1 0 1992
1991 1 1992
1990 2 0 1992
1989 3 1992
1989 3 0 0 0 1992
1989 3 1992
1988 4 0 0 1992
1988 4 0 0 1992
1987 5 0 1992
1979 13 1992
1992 0 1992
1992 1992
1992 0 1992
1992 1992
1992 1992
1992 1992
1992 1992
1992 1992
1992 1992
1992 1992
1992 1992
1992 1992
1992 1992
1992 1992
1992 1992
1992 1992
1992 1992
1992 1992
1992 1992
1992 1992
1992 1992
1992 1992
1992 1992
1992 1992
1992 1992
1992 1992
1992 0 1992
1992 1992
1992 1992
1992 1992
1992 1992
1992 1992
1992 1992
1992 1992
1992 0 0 1992
1992 1992
1992 1992
1992 1992
1992 1992
1992 1992
1992 1992
1992 1992
1992 1992
1992 1992
1992 1992
1992 1992
1992 1992
1992 1992
1992 1992
1992 0 1992
1992 0 0 1992
1992 0 1992
1992 1992
1992 0 1992
1992 1992
1992 1992
1992 1992
1992 1992
1992 1992
1992 1992
1992 1992
1992 0 1992
1992 1992
1992 1992
1992 1992
1992 1992
1992 1992
1992 1992
1992 1992
1992 0 1992
1992 1992
1992 1992
1992 1992
1992 1992
1992 0 1992
1992 1992
1992 1992
1992 1992
1992 1992
1992 1992
1992 1992
1992 1992
1992 1992
1992 1992
1992 1992
1992 1992
1992 1992
1992 1992
1992 1992
1992 1992
1992 1992
1992 1992
1992 1992
1992 1992
1992 1992
1992 1992
1992 1992
1992 1992
1992 1992
1992 1992
1992 1992
1992 1992
1992 1992
1992 1992
1992 1992
1992 1992
1992 1992
1992 1992
1992 1992
1992 1992
1992 1992
1992 1992
1992 1992
1992 1992
1992 1992
1992 1992
1992 1992
1992 1992
1992 1992
1992 1992
1992 1992
1992 1992
1992 1992
1992 1992
1992 1992
1992 1992
1992 1992
1992 1992
1992 1992
1992 1992
1992 1992
1992 1992
1992 1992
1992 1992
1992 1992
1992 1992
1992 1992
1992 1992
1992 1992
1992 1992
1992 1992
1992 1992
1992 1992
1992 1992
1992 0 1992
1992 0 1992
1992 1992
1992 1992
1992 1992
1992 1992
1992 1992
1991 0 0 1 1992
1991 1 0 0 1992
1991 1 0 1992
1990 2 1992
1988 4 1992
1988 4 1992
1983 9 1992
1992 0 1992
1992 1992
1992 1992
1992 1992
1992 1992
1992 1992
1992 1992
1992 0 0 1992
1992 1992
1992 0 1992
1992 1992
1992 1992
1992 1992
1992 1992
1992 1992
1992 1992
1992 1992
1992 1992
1992 1992
1992 1992
1992 1992
1992 0 0 1992
1992 1992
1992 1992
1992 1992
1992 0 1992
1992 1992
1992 1992
1992 0 1992
1992 0 0 1992
1992 1992
1992 1992
1992 1992
1992 1992
1992 1992
1992 1992
1992 1992
1992 0 0 1992
1992 1992
1992 1992
1992 1992
1992 1992
1992 1992
1992 1992
1992 1992
1992 1992
1992 0 0 0 0 1992
1992 0 1992
1992 1992
1992 1992
