#TIME             POWER            
1519682625                         
1519682635                         
1519682645                         
1519682655                         
1519682665                         
1519682675                         
1519682685                         
1519682696                         
1519682706                         
1519682716                         
1519682726                         
1519682736                         
1519682746                         
1519682756                         
1519682767                         
1519682777                         
1519682787                         
1519682797                         
1519682807                         
1519682817                         
1519682828                         
1519682838                         
1519682848                         
1519682858                         
1519682868                         
1519682878                         
1519682888                         
1519682899                         
1519682909                         
1519682919                         
1519682929                         
1519682939                         
1519682950                         
1519682960                         
1519682970                         
1519682980                         
1519682990                         
1519683000                         
1519683011                         
1519683021                         
1519683031                         
1519683041                         
1519683051                         
1519683061                         
1519683071                         
1519683082                         
1519683092                         
1519683102                         
1519683112                         
1519683122                         
1519683132                         
1519683142                         
1519683153                         
1519683163                         
1519683173                         
1519683183                         
1519683193                         
1519683203                         
1519683213                         
1519683224                         
1519683235                         
1519683245                         
1519683255                         
1519683266                         
1519683276                         
1519683286                         
1519683296                         
1519683307                         
1519683318                         
1519683328                         
1519683338                         
1519683348                         
1519683358                         
1519683368                         
1519683378                         
1519683389                         
1519683399                         
1519683409                         
1519683419                         
1519683430                         
1519683440                         
1519683450                         
1519683460                         
1519683470                         
1519683480                         
1519683491                         
1519683501                         
1519683511                         
1519683521                         
1519683531                         
1519683541                         
1519683551                         
1519683562                         
1519683572                         
1519683582                         
1519683592                         
1519683602                         
1519683612                         
1519683622                         
1519683633                         
1519683643                         
1519683653                         
1519683663                         
1519683673                         
1519683683                         
1519683693                         
1519683704                         
1519683714                         
1519683724                         
1519683734                         
1519683744                         
1519683754                         
1519683764                         
1519683775                         
1519683785                         
1519683795                         
1519683805                         
1519683815                         
1519683825                         
1519683835                         
1519683846                         
1519683856                         
1519683866                         
1519683876                         
1519683886                         
1519683896                         
1519683907                         
1519683917                         
1519683927                         
1519683937                         
1519683947                         
1519683958                         
1519683968                         
1519683978                         
1519683988                         
1519683998                         
1519684008                         
1519684018                         
1519684029                         
1519684039                         
1519684049                         
1519684059                         
1519684069                         
1519684079                         
1519684089                         
1519684100                         
1519684110                         
1519684120                         
1519684130                         
1519684140                         
1519684150                         
1519684161                         
1519684171                         
1519684181                         
1519684191                         
1519684201                         
1519684211                         
1519684221                         
1519684232                         
1519684242                         
1519684252                         
1519684262                         
1519684272                         
1519684282                         
1519684292                         
1519684303                         
1519684313                         
1519684323                         
1519684333                         
1519684343                         
1519684353                         
1519684363                         
1519684374                         
1519684384                         
1519684394                         
1519684404                         
1519684414                         
1519684424                         
1519684434                         
1519684445                         
1519684455                         
1519684465                         
1519684475                         
1519684486                         
1519684496                         
1519684506                         
1519684516                         
1519684526                         
1519684537                         
1519684547                         
1519684557                         
1519684567                         
1519684577                         
1519684587                         
1519684598                         
1519684608                         
1519684618                         
1519684628                         
1519684638                         
1519684648                         
1519684659                         
1519684669                         
1519684679                         
1519684689                         
1519684699                         
1519684709                         
1519684719                         
1519684730                         
1519684740                         
1519684750                         
1519684760                         
1519684770                         
1519684780                         
1519684791                         
1519684801                         
1519684811                         
1519684821                         
1519684831                         
1519684841                         
1519684851                         
1519684862                         
1519684872                         
1519684882                         
1519684892                         
1519684903                         
1519684913                         
1519684923                         
1519684933                         
1519684943                         
1519684953                         
1519684963                         
1519684974                         
1519684984                         
1519684994                         
1519685004                         
1519685014                         
1519685024                         
1519685034                         
1519685045                         
1519685055                         
1519685065                         
1519685075                         
1519685085                         
1519685095                         
1519685106                         
1519685116                         
1519685126                         
1519685136                         
1519685146                         
1519685157                         
1519685167                         
1519685177                         
1519685188                         
1519685198                         
1519685208                         
1519685218                         
1519685228                         
1519685238                         
1519685249                         
1519685259                         
1519685269                         
1519685279                         
1519685289                         
1519685299                         
1519685309                         
1519685320                         
1519685330                         
1519685340                         
1519685351                         
1519685361                         
1519685371                         
1519685381                         
1519685391                         
1519685401                         
1519685412                         
1519685422                         
1519685432                         
1519685442                         
1519685452                         
1519685463                         
1519685473                         
1519685483                         
1519685493                         
1519685504                         
1519685514                         
1519685524                         
1519685534                         
1519685544                         
1519685554                         
1519685564                         
1519685575                         
1519685585                         
1519685595                         
1519685605                         
1519685616                         
1519685626                         
1519685637                         
1519685647                         
1519685657                         
1519685667                         
1519685677                         
1519685687                         
1519685698                         
1519685708                         
1519685718                         
1519685729                         
1519685739                         
1519685749                         
1519685759                         
1519685769                         
1519685779                         
1519685789                         
1519685800                         
1519685810                         
1519685820                         
1519685830                         
1519685841                         
1519685851                         
1519685861                         
1519685872                         
1519685882                         
1519685892                         
1519685902                         
1519685912                         
1519685923                         
1519685933                         
1519685943                         
1519685953                         
1519685963                         
1519685973                         
1519685984                         
1519685994                         
1519686004                         
1519686014                         
1519686024                         
1519686034                         
1519686044                         
1519686055                         
1519686065                         
1519686075                         
1519686085                         
1519686095                         
1519686105                         
1519686115                         
1519686126                         
1519686136                         
1519686146                         
1519686156                         
1519686166                         
1519686176                         
1519686186                         
1519686197                         
1519686207                         
1519686217                         
1519686227                         
1519686237                         
1519686247                         
1519686258                         
1519686268                         
1519686278                         
1519686288                         
1519686298                         
1519686308                         
1519686318                         
1519686329                         
1519686339                         
1519686349                         
1519686359                         
1519686369                         
1519686380                         
1519686390                         
1519686400                         
1519686411                         
1519686421                         
1519686431                         
1519686441                         
1519686451                         
1519686461                         
1519686472                         
1519686482                         
1519686492                         
1519686502                         
1519686512                         
1519686522                         
1519686532                         
1519686543                         
1519686553                         
1519686563                         
1519686573                         
1519686583                         
1519686593                         
1519686603                         
1519686614                         
1519686624                         
1519686634                         
1519686645                         
1519686655                         
1519686665                         
1519686676                         
1519686686                         
1519686696                         
1519686706                         
1519686716                         
1519686726                         
1519686736                         
1519686747                         
1519686757                         
1519686767                         
1519686777                         
1519686787                         
1519686797                         
1519686807                         
1519686818                         
1519686828                         
1519686838                         
1519686848                         
1519686858                         
1519686868                         
1519686878                         
1519686889                         
1519686899                         
1519686909                         
1519686919                         
1519686929                         
1519686939                         
1519686949                         
1519686960                         
1519686970                         
1519686980                         
1519686990                         
1519687000                         
1519687010                         
1519687021                         
1519687031                         
1519687041                         
1519687051                         
1519687061                         
1519687071                         
1519687081                         
1519687092                         
1519687102                         
1519687112                         
1519687122                         
1519687132                         
1519687142                         
1519687153                         
1519687163                         
1519687174                         
1519687184                         
1519687194                         
1519687204                         
1519687214                         
1519687224                         
1519687234                         
1519687245                         
1519687255                         
1519687265                         
1519687275                         
1519687285                         
1519687295                         
1519687305                         
1519687316                         
1519687326                         
1519687336                         
1519687346                         
1519687356                         
1519687366                         
1519687377                         
1519687387                         
1519687397                         
1519687407                         
1519687417                         
1519687427                         
1519687437                         
1519687448                         
1519687458                         
1519687468                         
1519687478                         
1519687488                         
1519687498                         
1519687508                         
1519687519                         
1519687529                         
1519687539                         
1519687549                         
1519687559                         
1519687569                         
1519687579                         
1519687590                         
1519687600                         
1519687610                         
1519687620                         
1519687630                         
1519687640                         
1519687650                         
1519687661                         
1519687671                         
1519687681                         
1519687691                         
1519687701                         
1519687712                         
1519687722                         
1519687732                         
1519687743                         
1519687753                         
1519687763                         
1519687773                         
1519687783                         
1519687794                         
1519687804                         
1519687814                         
1519687824                         
1519687835                         
1519687845                         
1519687855                         
1519687865                         
1519687876                         
1519687886                         
1519687896                         
1519687906                         
1519687916                         
1519687927                         
1519687937                         
1519687947                         
1519687957                         
1519687967                         
1519687978                         
1519687988                         
1519687998                         
1519688008                         
1519688018                         
1519688028                         
1519688038                         
1519688049                         
1519688059                         
1519688069                         
1519688079                         
1519688090                         
1519688100                         
1519688110                         
1519688120                         
1519688130                         
1519688140                         
1519688151                         
1519688161                         
1519688171                         
1519688181                         
1519688191                         
1519688201                         
1519688212                         
1519688222                         
1519688232                         
1519688242                         
1519688252                         
1519688262                         
1519688272                         
1519688283                         
1519688293                         
1519688304                         
1519688314                         
1519688324                         
1519688334                         
1519688344                         
1519688355                         
1519688365                         
1519688375                         
1519688385                         
1519688395                         
1519688405                         
1519688416                         
1519688426                         
1519688436                         
1519688446                         
1519688456                         
1519688466                         
1519688477                         
1519688487                         
1519688497                         
1519688507                         
1519688518                         
1519688528                         
1519688539                         
1519688549                         
1519688560                         
1519688570                         
1519688580                         
1519688590                         
1519688601                         
1519688611                         
1519688621                         
1519688631                         
1519688642                         
1519688652                         
1519688662                         
1519688672                         
1519688684                         
1519688694                         
1519688704                         
1519688714                         
1519688724                         
1519688735                         
1519688745                         
1519688756                         
1519688766                         
1519688776                         
1519688786                         
1519688796                         
1519688806                         
1519688817                         
1519688827                         
1519688837                         
1519688847                         
1519688857                         
1519688868                         
1519688878                         
1519688888                         
1519688898                         
1519688909                         
1519688919                         
1519688930                         
1519688940                         
1519688950                         
1519688960                         
1519688970                         
1519688980                         
1519688990                         
1519689001                         
1519689011                         
1519689021                         
1519689031                         
1519689041                         
1519689052                         
1519689062                         
1519689072                         
1519689082                         
1519689093                         
1519689103                         
1519689113                         
1519689123                         
1519689133                         
1519689144                         
1519689154                         
1519689164                         
1519689174                         
1519689184                         
1519689194                         
1519689205                         
1519689215                         
1519689225                         
1519689235                         
1519689246                         
1519689256                         
1519689266                         
1519689276                         
1519689286                         
1519689297                         
1519689307                         
1519689317                         
1519689327                         
1519689337                         
1519689347                         
1519689358                         
1519689368                         
1519689378                         
1519689388                         
1519689398                         
1519689408                         
1519689419                         
1519689429                         
1519689439                         
1519689449                         
1519689459                         
1519689469                         
1519689480                         
1519689490                         
1519689500                         
1519689510                         
1519689520                         
1519689530                         
1519689541                         
1519689551                         
1519689561                         
1519689571                         
1519689581                         
1519689591                         
1519689601                         
1519689612                         
1519689622                         
1519689632                         
1519689642                         
1519689652                         
1519689662                         
1519689672                         
1519689683                         
1519689693                         
1519689703                         
1519689713                         
1519689723                         
1519689733                         
1519689744                         
1519689754                         
1519689764                         
1519689774                         
1519689784                         
1519689794                         
1519689804                         
1519689815                         
1519689825                         
1519689835                         
1519689845                         
1519689855                         
1519689865                         
1519689876                         
1519689886                         
1519689896                         
1519689906                         
1519689916                         
1519689926                         
1519689936                         
1519689947                         
1519689957                         
1519689967                         
1519689977                         
1519689987                         
1519689997                         
1519690007                         
1519690018                         
1519690028                         
1519690038                         
1519690048                         
1519690058                         
1519690068                         
1519690079                         
1519690089                         
1519690099                         
1519690109                         
1519690119                         
1519690129                         
1519690139                         
1519690150                         
1519690160                         
1519690170                         
1519690180                         
1519690190                         
1519690200                         
1519690211                         
1519690221                         
1519690231                         
1519690241                         
1519690251                         
1519690261                         
1519690271                         
1519690282                         
1519690292                         
1519690302                         
1519690312                         
1519690322                         
1519690332                         
1519690342                         
1519690353                         
1519690363                         
1519690373                         
1519690383                         
1519690394                         
1519690404                         
1519690414                         
1519690424                         
1519690434                         
1519690444                         
1519690455                         
1519690465                         
1519690475                         
1519690485                         
1519690495                         
1519690505                         
1519690515                         
1519690526                         
1519690536                         
1519690546                         
1519690556                         
1519690566                         
1519690576                         
1519690587                         
1519690597                         
1519690607                         
1519690617                         
1519690627                         
1519690637                         
1519690647                         
1519690658                         
1519690668                         
1519690678                         
1519690688                         
1519690698                         
1519690708                         
1519690718                         
1519690729                         
1519690739                         
1519690749                         
1519690759                         
1519690769                         
1519690780                         
1519690790                         
1519690800                         
1519690810                         
1519690821                         
1519690831                         
1519690841                         
1519690852                         
1519690862                         
1519690872                         
1519690882                         
1519690893                         
1519690903                         
1519690913                         
1519690923                         
1519690933                         
1519690943                         
1519690953                         
1519690964                         
1519690974                         
1519690984                         
1519690994                         
1519691004                         
1519691014                         
1519691025                         
1519691035                         
1519691045                         
1519691055                         
1519691065                         
1519691075                         
1519691085                         
1519691096                         
1519691106                         
1519691116                         
1519691126                         
1519691136                         
1519691146                         
1519691156                         
1519691167                         
1519691177                         
1519691187                         
1519691197                         
1519691207                         
1519691217                         
1519691227                         
1519691238                         
1519691248                         
1519691258                         
1519691269                         
1519691279                         
1519691289                         
1519691299                         
1519691309                         
1519691320                         
1519691330                         
1519691341                         
1519691351                         
1519691361                         
1519691371                         
1519691382                         
1519691392                         
1519691402                         
1519691412                         
1519691422                         
1519691433                         
1519691443                         
1519691453                         
1519691463                         
1519691473                         
1519691483                         
1519691493                         
1519691504                         
1519691514                         
1519691524                         
1519691534                         
1519691544                         
1519691554                         
1519691564                         
1519691575                         
1519691585                         
1519691595                         
1519691605                         
1519691615                         
1519691625                         
1519691636                         
1519691646                         
1519691656                         
1519691666                         
1519691677                         
1519691687                         
1519691697                         
1519691707                         
1519691718                         
1519691729                         
1519691739                         
1519691749                         
1519691759                         
1519691769                         
1519691780                         
1519691790                         
1519691800                         
1519691810                         
1519691821                         
1519691831                         
1519691841                         
1519691851                         
1519691861                         
1519691872                         
1519691882                         
1519691892                         
1519691902                         
1519691912                         
1519691922                         
1519691933                         
1519691943                         
1519691953                         
1519691963                         
1519691973                         
1519691983                         
1519691993                         
1519692004                         
1519692014                         
1519692024                         
1519692034                         
1519692044                         
1519692054                         
1519692065                         
1519692075                         
1519692085                         
1519692095                         
1519692105                         
1519692115                         
1519692125                         
1519692136                         
1519692146                         
1519692156                         
1519692166                         
1519692176                         
1519692186                         
1519692197                         
1519692207                         
1519692217                         
1519692227                         
1519692237                         
1519692247                         
1519692257                         
1519692268                         
1519692278                         
1519692288                         
1519692298                         
1519692308                         
1519692318                         
1519692328                         
1519692339                         
1519692349                         
1519692359                         
1519692369                         
1519692379                         
1519692389                         
1519692400                         
1519692410                         
1519692420                         
1519692430                         
1519692440                         
1519692450                         
1519692460                         
1519692471                         
1519692481                         
1519692491                         
1519692501                         
1519692511                         
1519692521                         
1519692532                         
1519692542                         
1519692552                         
1519692562                         
1519692572                         
1519692582                         
1519692593                         
1519692603                         
1519692613                         
1519692623                         
1519692633                         
1519692644                         
1519692654                         
1519692664                         
1519692674                         
1519692684                         
1519692694                         
1519692704                         
1519692715                         
1519692725                         
1519692735                         
1519692745                         
1519692755                         
1519692765                         
1519692776                         
1519692786                         
1519692796                         
1519692806                         
1519692817                         
1519692827                         
1519692837                         
1519692847                         
1519692857                         
1519692867                         
1519692877                         
1519692888                         
1519692898                         
1519692908                         
1519692918                         
1519692928                         
1519692938                         
1519692949                         
1519692959                         
1519692969                         
1519692979                         
1519692989                         
1519692999                         
1519693009                         
1519693020                         
1519693030                         
1519693040                         
1519693050                         
1519693060                         
1519693070                         
1519693080                         
1519693091                         
1519693101                         
1519693111                         
1519693121                         
1519693131                         
1519693141                         
1519693152                         
1519693162                         
1519693172                         
1519693182                         
1519693192                         
1519693202                         
1519693212                         
1519693223                         
1519693233                         
1519693243                         
1519693253                         
1519693263                         
1519693273                         
1519693283                         
1519693294                         
1519693304                         
1519693314                         
1519693324                         
1519693334                         
1519693344                         
1519693355                         
1519693365                         
1519693375                         
1519693385                         
1519693395                         
1519693406                         
1519693416                         
1519693426                         
1519693436                         
1519693446                         
1519693456                         
1519693467                         
1519693477                         
1519693487                         
1519693498                         
1519693508                         
1519693518                         
1519693528                         
1519693538                         
1519693548                         
1519693559                         
1519693569                         
1519693579                         
1519693589                         
1519693599                         
1519693609                         
1519693619                         
1519693630                         
1519693640                         
1519693650                         
1519693660                         
1519693670                         
1519693680                         
1519693690                         
1519693701                         
1519693711                         
1519693721                         
1519693731                         
1519693741                         
1519693751                         
1519693762                         
1519693772                         
1519693782                         
1519693792                         
1519693802                         
1519693812                         
1519693822                         
1519693833                         
1519693843                         
1519693853                         
1519693863                         
1519693873                         
1519693883                         
1519693894                         
1519693904                         
1519693914                         
1519693924                         
1519693934                         
1519693944                         
