TIMESTAMP        home1-RQ         home1-RD         home1-WR         
1518729240 330354 1359760688 746454
1518729250 330804 1360452420 746454
1518729260 330805 1360452420 746454
1518729270 330805 1360452420 746454
1518729281 330805 1360452420 746454
1518729291 330805 1360452420 746454
1518729301 330805 1360452420 746454
1518729311 330805 1360452420 746454
1518729321 330805 1360452420 746454
1518729331 330807 1360452420 746454
1518729341 330807 1360452420 746454
1518729352 330807 1360452420 746454
1518729362 330807 1360452420 746454
1518729372 330807 1360452420 746454
1518729382 330807 1360452420 746454
1518729392 330807 1360452420 746454
1518729402 330807 1360452420 746454
1518729412 330809 1360452420 746454
1518729423 330809 1360452420 746454
1518729433 330809 1360452420 746454
1518729443 330809 1360452420 746454
1518729453 330809 1360452420 746454
1518729463 330809 1360452420 746454
1518729473 330809 1360452420 746454
1518729483 330811 1360452420 746454
1518729494 330811 1360452420 746454
1518729504 330811 1360452420 746454
1518729514 330811 1360452420 746454
1518729524 330811 1360452420 746454
1518729534 330811 1360452420 746454
1518729545 330811 1360452420 746454
1518729555 330811 1360452420 746454
1518729565 330813 1360452420 746454
1518729575 330813 1360452420 746454
1518729585 330813 1360452420 746454
1518729595 330813 1360452420 746454
1518729605 330813 1360452420 746454
1518729616 330817 1360452420 746454
1518729626 330817 1360452420 746454
1518729636 330818 1360452420 746454
1518729646 330818 1360452420 746454
1518729656 330818 1360452420 746454
1518729666 330818 1360452420 746454
1518729676 330818 1360452420 746454
1518729687 330818 1360452420 746454
1518729697 330818 1360452420 746454
1518729707 330820 1360452420 746454
1518729717 330820 1360452420 746454
1518729727 330820 1360452420 746454
1518729737 330820 1360452420 746454
1518729747 330820 1360452420 746454
1518729758 330820 1360452420 746454
1518729768 330820 1360452420 746454
1518729778 330820 1360452420 746454
1518729788 330822 1360452420 746454
1518729798 330822 1360452420 746454
1518729808 330822 1360452420 746454
1518729819 330822 1360452420 746454
1518729829 330822 1360452420 746454
1518729839 330822 1360452420 746454
1518729849 330822 1360452420 746454
1518729859 330824 1360452420 746454
1518729869 330824 1360452420 746454
1518729879 330824 1360452420 746454
1518729890 330824 1360452420 746454
1518729900 330824 1360452420 746454
1518729910 330824 1360452420 746454
1518729920 330824 1360452420 746454
1518729930 330824 1360452420 746454
1518729940 330826 1360452420 746454
1518729950 330826 1360452420 746454
1518729961 330826 1360452420 746454
1518729971 330826 1360452420 746454
1518729981 330826 1360452420 746454
1518729991 330826 1360452420 746454
1518730001 330826 1360452420 746454
1518730011 330828 1360452420 746454
1518730021 330828 1360452420 746454
1518730032 330828 1360452420 746454
1518730042 330828 1360452420 746454
1518730052 330828 1360452420 746454
1518730062 330828 1360452420 746454
1518730072 330828 1360452420 746454
1518730082 330830 1360452420 746454
1518730093 330830 1360452420 746454
1518730103 330830 1360452420 746454
1518730113 330830 1360452420 746454
1518730123 330830 1360452420 746454
1518730133 330830 1360452420 746454
1518730143 330830 1360452420 746454
1518730153 330830 1360452420 746454
1518730164 330832 1360452420 746454
1518730174 330832 1360452420 746454
1518730184 330832 1360452420 746454
1518730194 330832 1360452420 746454
1518730204 330832 1360452420 746454
1518730214 330832 1360452420 746454
1518730224 330832 1360452420 746454
1518730235 330834 1360452420 746454
1518730245 330834 1360452420 746454
1518730255 330834 1360452420 746454
1518730265 330834 1360452420 746454
1518730275 330834 1360452420 746454
1518730285 330834 1360452420 746454
1518730295 330834 1360452420 746454
1518730306 330834 1360452420 746454
1518730316 330836 1360452420 746454
1518730326 330836 1360452420 746454
1518730336 330836 1360452420 746454
1518730346 330836 1360452420 746454
1518730356 330836 1360452420 746454
1518730366 330836 1360452420 746454
1518730377 330836 1360452420 746454
1518730387 330838 1360452420 746454
1518730397 330838 1360452420 746454
1518730407 330838 1360452420 746454
1518730417 330838 1360452420 746454
1518730427 330838 1360452420 746454
1518730437 330838 1360452420 746454
1518730448 330838 1360452420 746454
1518730458 330840 1360452420 746454
1518730468 330840 1360452420 746454
1518730478 330840 1360452420 746454
1518730488 330840 1360452420 746454
1518730498 330840 1360452420 746454
1518730508 330840 1360452420 746454
1518730519 330840 1360452420 746454
1518730529 330840 1360452420 746454
1518730539 330842 1360452420 746454
1518730549 330842 1360452420 746454
1518730559 330842 1360452420 746454
1518730569 330842 1360452420 746454
1518730579 330842 1360452420 746454
1518730590 330842 1360452420 746454
1518730600 330842 1360452420 746454
1518730610 330844 1360452420 746454
1518730620 330844 1360452420 746454
1518730630 330844 1360452420 746454
1518730640 330844 1360452420 746454
1518730650 330844 1360452420 746454
1518730661 330844 1360452420 746454
1518730671 330844 1360452420 746454
1518730681 330844 1360452420 746454
1518730691 330846 1360452420 746454
1518730701 330846 1360452420 746454
1518730711 330846 1360452420 746454
1518730722 330846 1360452420 746454
1518730732 330846 1360452420 746454
1518730742 330846 1360452420 746454
1518730752 330846 1360452420 746454
1518730762 330848 1360452420 746454
1518730772 330849 1360452420 746454
1518730782 330849 1360452420 746454
1518730793 330850 1360452420 746454
1518730803 330851 1360452420 746454
1518730813 330851 1360452420 746454
1518730823 330851 1360452420 746454
1518730833 330852 1360452420 746454
1518730843 330852 1360452420 746454
1518730853 330854 1360452420 746454
1518730864 330854 1360452420 746454
1518730874 330854 1360452420 746454
1518730884 330856 1360452420 746454
1518730894 330856 1360452420 746454
1518730904 330856 1360452420 746454
1518730914 330857 1360452420 746454
1518730924 330857 1360452420 746454
1518730935 330858 1360452420 746454
1518730945 330859 1360452420 746454
1518730955 330859 1360452420 746454
1518730965 330859 1360452420 746454
1518730975 330860 1360452420 746454
1518730985 330862 1360452420 746454
1518730995 330863 1360452420 746454
1518731006 330864 1360452420 746454
1518731016 330864 1360452420 746454
1518731026 330865 1360452420 746454
1518731036 330865 1360452420 746454
1518731046 330866 1360452420 746454
1518731056 330866 1360452420 746454
1518731067 330866 1360452420 746454
1518731077 330867 1360452420 746454
1518731087 330867 1360452420 746454
1518731097 330867 1360452420 746454
1518731107 330867 1360452420 746454
1518731117 330868 1360452420 746454
1518731127 330870 1360452420 746454
1518731138 330870 1360452420 746454
1518731148 330870 1360452420 746454
1518731158 330871 1360452420 746454
1518731168 330871 1360452420 746454
1518731178 330872 1360452420 746454
1518731189 330873 1360452420 746454
1518731199 330874 1360452420 746454
1518731209 330875 1360452420 746454
1518731219 330875 1360452420 746454
1518731229 330875 1360452420 746454
1518731239 330875 1360452420 746454
1518731250 330875 1360452420 746454
1518731260 330875 1360452420 746454
1518731270 330875 1360452420 746454
1518731281 330875 1360452420 746454
1518731291 330877 1360452420 746454
1518731301 330877 1360452420 746454
1518731311 330877 1360452420 746454
1518731321 330877 1360452420 746454
1518731332 330877 1360452420 746454
1518731342 330877 1360452420 746454
1518731352 330877 1360452420 746454
1518731362 330879 1360452420 746454
1518731372 330879 1360452420 746454
1518731383 330879 1360452420 746454
1518731393 330879 1360452420 746454
1518731403 330879 1360452420 746454
1518731413 330879 1360452420 746454
1518731423 330879 1360452420 746454
1518731434 330881 1360452420 746454
1518731444 330881 1360452420 746454
1518731454 330881 1360452420 746454
1518731464 330881 1360452420 746454
1518731474 330881 1360452420 746454
1518731484 330881 1360452420 746454
1518731495 330881 1360452420 746454
1518731505 330881 1360452420 746454
1518731515 330883 1360452420 746454
1518731525 330883 1360452420 746454
1518731535 330883 1360452420 746454
1518731545 330883 1360452420 746454
1518731556 330883 1360452420 746454
1518731566 330883 1360452420 746454
1518731576 330883 1360452420 746454
1518731586 330885 1360452420 746454
1518731596 330885 1360452420 746454
1518731607 330885 1360452420 746454
1518731617 330885 1360452420 746454
1518731627 330885 1360452420 746454
1518731637 330885 1360452420 746454
1518731647 330885 1360452420 746454
1518731658 330887 1360452420 746454
1518731668 330887 1360452420 746454
1518731678 330887 1360452420 746454
1518731688 330887 1360452420 746454
1518731698 330887 1360452420 746454
1518731709 330887 1360452420 746454
1518731719 330887 1360452420 746454
1518731729 330887 1360452420 746454
1518731739 330889 1360452420 746454
1518731750 330889 1360452420 746454
1518731760 330889 1360452420 746454
1518731770 330889 1360452420 746454
1518731780 330889 1360452420 746454
1518731790 330889 1360452420 746454
1518731801 330889 1360452420 746454
1518731811 330891 1360452420 746454
1518731821 330891 1360452420 746454
1518731831 330891 1360452420 746454
1518731841 330891 1360452420 746454
1518731852 330891 1360452420 746454
1518731862 330891 1360452420 746454
1518731872 330891 1360452420 746454
1518731882 330891 1360452420 746454
1518731892 330893 1360452420 746454
1518731903 330893 1360452420 746454
1518731913 330893 1360452420 746454
1518731923 330893 1360452420 746454
1518731933 330893 1360452420 746454
1518731943 330893 1360452420 746454
1518731953 330893 1360452420 746454
1518731964 330895 1360452420 746454
1518731974 330895 1360452420 746454
1518731984 330895 1360452420 746454
1518731994 330895 1360452420 746454
1518732004 330895 1360452420 746454
1518732015 330895 1360452420 746454
1518732025 330895 1360452420 746454
1518732035 330897 1360452420 746454
1518732045 330897 1360452420 746454
1518732055 330897 1360452420 746454
1518732065 330897 1360452420 746454
1518732075 330897 1360452420 746454
1518732086 330897 1360452420 746454
1518732096 330897 1360452420 746454
1518732106 330897 1360452420 746454
1518732116 330899 1360452420 746454
1518732126 330899 1360452420 746454
1518732136 330899 1360452420 746454
1518732147 330899 1360452420 746454
1518732157 330899 1360452420 746454
1518732167 330899 1360452420 746454
1518732177 330899 1360452420 746454
1518732187 330901 1360452420 746454
1518732197 330901 1360452420 746454
1518732208 330901 1360452420 746454
1518732218 330901 1360452420 746454
1518732228 330901 1360452420 746454
1518732238 330901 1360452420 746454
1518732248 330901 1360452420 746454
1518732258 330903 1360452420 746454
1518732269 330903 1360452420 746454
1518732279 330903 1360452420 746454
1518732289 330903 1360452420 746454
1518732299 330903 1360452420 746454
1518732309 330903 1360452420 746454
1518732319 330903 1360452420 746454
1518732330 330903 1360452420 746454
1518732340 330905 1360452420 746454
1518732350 330905 1360452420 746454
1518732360 330905 1360452420 746454
1518732370 330905 1360452420 746454
1518732381 330905 1360452420 746454
1518732391 330905 1360452420 746454
1518732401 330905 1360452420 746454
1518732411 330907 1360452420 746454
1518732421 330907 1360452420 746454
1518732431 330907 1360452420 746454
1518732442 330907 1360452420 746454
1518732452 330907 1360452420 746454
1518732462 330907 1360452420 746454
1518732472 330907 1360452420 746454
1518732482 330907 1360452420 746454
1518732492 330909 1360452420 746454
1518732502 330909 1360452420 746454
1518732513 330909 1360452420 746454
1518732523 330909 1360452420 746454
1518732533 330909 1360452420 746454
1518732543 330909 1360452420 746454
1518732553 330909 1360452420 746454
1518732563 330911 1360452420 746454
1518732573 330911 1360452420 746454
1518732584 330911 1360452420 746454
1518732594 330911 1360452420 746454
1518732604 330911 1360452420 746454
1518732614 330911 1360452420 746454
1518732624 330911 1360452420 746454
1518732634 330913 1360452420 746454
1518732645 330913 1360452420 746454
1518732655 330913 1360452420 746454
1518732665 330913 1360452420 746454
1518732675 330913 1360452420 746454
1518732685 330913 1360452420 746454
1518732695 330913 1360452420 746454
1518732705 330913 1360452420 746454
1518732716 330915 1360452420 746454
1518732727 330915 1360452420 746454
1518732737 330915 1360452420 746454
1518732747 330915 1360452420 746454
1518732757 330915 1360452420 746454
1518732767 330915 1360452420 746454
1518732777 330915 1360452420 746454
1518732788 330917 1360452420 746454
1518732798 330917 1360452420 746454
1518732808 330917 1360452420 746454
1518732818 330917 1360452420 746454
1518732828 330917 1360452420 746454
1518732838 330917 1360452420 746454
1518732849 330917 1360452420 746454
1518732860 330919 1360452420 746454
1518732870 330919 1360452420 746454
1518732880 330919 1360452420 746454
1518732890 330919 1360452420 746454
1518732900 330919 1360452420 746454
1518732910 330919 1360452420 746454
1518732920 330919 1360452420 746454
1518732931 330919 1360452420 746454
1518732941 330921 1360452420 746454
1518732951 330921 1360452420 746454
1518732961 330921 1360452420 746454
1518732971 330923 1360452420 746454
1518732982 330923 1360452420 746454
1518732992 330923 1360452420 746454
1518733002 330923 1360452420 746454
1518733012 330923 1360452420 746454
1518733022 330923 1360452420 746454
1518733032 330923 1360452420 746454
1518733042 330923 1360452420 746454
1518733053 330923 1360452420 746454
1518733063 330923 1360452420 746454
1518733073 330923 1360452420 746454
1518733083 330923 1360452420 746454
1518733093 330925 1360452420 746454
1518733103 330925 1360452420 746454
1518733113 330925 1360452420 746454
1518733124 330925 1360452420 746454
1518733134 330925 1360452420 746454
1518733144 330926 1360452420 746454
1518733154 330927 1360452420 746454
1518733164 330928 1360452420 746454
1518733174 330928 1360452420 746454
1518733185 330928 1360452420 746454
1518733195 330928 1360452420 746454
1518733205 330928 1360452420 746454
1518733215 330928 1360452420 746454
1518733225 330928 1360452420 746454
1518733235 330930 1360452420 746454
1518733245 330930 1360452420 746454
1518733256 330930 1360452420 746454
1518733266 330930 1360452420 746454
1518733276 330930 1360452420 746454
1518733286 330930 1360452420 746454
1518733296 330930 1360452420 746454
1518733306 330930 1360452420 746454
1518733316 330932 1360452420 746454
1518733327 330932 1360452420 746454
1518733337 330932 1360452420 746454
1518733347 330932 1360452420 746454
1518733357 330932 1360452420 746454
1518733367 330932 1360452420 746454
1518733377 330932 1360452420 746454
1518733388 330934 1360452420 746454
1518733398 330934 1360452420 746454
1518733408 330934 1360452420 746454
1518733418 330934 1360452420 746454
1518733428 330934 1360452420 746454
1518733438 330934 1360452420 746454
1518733448 330934 1360452420 746454
1518733459 330936 1360452420 746454
1518733469 330936 1360452420 746454
1518733479 330936 1360452420 746454
1518733489 330936 1360452420 746454
1518733499 330936 1360452420 746454
1518733509 330936 1360452420 746454
1518733519 330937 1360452420 746454
1518733530 330937 1360452420 746454
1518733540 330938 1360452420 746454
1518733550 330938 1360452420 746454
1518733560 330938 1360452420 746454
1518733570 330938 1360452420 746454
1518733580 330938 1360452420 746454
1518733590 330938 1360452420 746454
1518733601 330938 1360452420 746454
1518733611 330940 1360452420 746454
1518733621 330940 1360452420 746454
1518733631 330940 1360452420 746454
1518733641 330980 1360499262 746454
1518733651 330980 1360499262 746454
1518733662 330980 1360499262 746454
1518733672 330980 1360499262 746454
1518733682 330995 1360499262 746454
1518733692 330996 1360499262 746454
1518733703 330996 1360499262 746454
1518733713 330996 1360499262 746454
1518733723 330996 1360499262 746454
1518733733 330996 1360499262 746454
1518733743 330996 1360499262 746454
1518733754 330996 1360499262 746454
1518733764 330998 1360499262 746454
1518733774 330998 1360499262 746454
1518733784 330998 1360499262 746454
1518733795 330998 1360499262 746454
1518733805 330998 1360499262 746454
1518733815 330998 1360499262 746454
1518733825 330998 1360499262 746454
1518733835 331000 1360499262 746454
1518733845 331000 1360499262 746454
1518733855 331000 1360499262 746454
1518733866 331000 1360499262 746454
1518733876 331000 1360499262 746454
1518733886 331000 1360499262 746454
1518733896 331000 1360499262 746454
1518733906 331000 1360499262 746454
1518733916 331002 1360499262 746454
1518733927 331002 1360499262 746454
1518733937 331002 1360499262 746454
1518733947 331002 1360499262 746454
1518733957 331002 1360499262 746454
1518733967 331002 1360499262 746454
1518733977 331002 1360499262 746454
1518733988 331004 1360499262 746454
1518733998 331004 1360499262 746454
1518734008 331004 1360499262 746454
1518734018 331004 1360499262 746454
1518734028 331004 1360499262 746454
1518734038 331004 1360499262 746454
1518734048 331004 1360499262 746454
1518734059 331006 1360499262 746454
1518734069 331006 1360499262 746454
1518734079 331006 1360499262 746454
1518734089 331006 1360499262 746454
1518734099 331006 1360499262 746454
1518734109 331006 1360499262 746454
1518734120 331006 1360499262 746454
1518734130 331006 1360499262 746454
1518734140 331008 1360499262 746454
1518734150 331008 1360499262 746454
1518734160 331008 1360499262 746454
1518734170 331008 1360499262 746454
1518734181 331008 1360499262 746454
1518734191 331008 1360499262 746454
1518734201 331008 1360499262 746454
1518734211 331010 1360499262 746454
1518734221 331010 1360499262 746454
1518734231 331010 1360499262 746454
1518734241 331010 1360499262 746454
1518734252 331010 1360499262 746454
1518734262 331010 1360499262 746454
1518734272 331010 1360499262 746454
1518734282 331010 1360499262 746454
1518734292 331012 1360499262 746454
1518734302 331012 1360499262 746454
1518734313 331012 1360499262 746454
1518734323 331012 1360499262 746454
1518734333 331012 1360499262 746454
1518734343 331012 1360499262 746454
1518734353 331012 1360499262 746454
1518734363 331014 1360499262 746454
1518734374 331014 1360499262 746454
1518734384 331014 1360499262 746454
1518734394 331014 1360499262 746454
1518734404 331014 1360499262 746454
1518734414 331014 1360499262 746454
1518734424 331014 1360499262 746454
1518734435 331016 1360499262 746454
1518734445 331016 1360499262 746454
1518734455 331016 1360499262 746454
1518734465 331016 1360499262 746454
1518734475 331016 1360499262 746454
1518734485 331016 1360499262 746454
1518734496 331016 1360499262 746454
1518734506 331016 1360499262 746454
1518734517 331018 1360499262 746454
1518734528 331018 1360499262 746454
1518734539 331018 1360499262 746454
1518734549 331018 1360499262 746454
1518734561 331018 1360499262 746454
1518734571 331018 1360499262 746454
1518734582 331018 1360499262 746454
1518734592 331020 1360499262 746454
1518734604 331020 1360499262 746454
1518734614 331020 1360499262 746454
1518734624 331020 1360499262 746454
1518734634 331020 1360499262 746454
1518734644 331020 1360499262 746454
1518734655 331020 1360499262 746454
1518734665 331022 1360499262 746454
1518734675 331022 1360499262 746454
1518734685 331022 1360499262 746454
1518734696 331022 1360499262 746454
1518734706 331022 1360499262 746454
1518734716 331022 1360499262 746454
1518734726 331022 1360499262 746454
1518734738 331024 1360499262 746454
1518734748 331024 1360499262 746454
1518734758 331025 1360499262 746454
1518734769 331025 1360499262 746454
1518734780 331025 1360499262 746454
1518734790 331026 1360499262 746454
1518734800 331026 1360499262 746454
1518734810 331027 1360499262 746454
1518734823 331027 1360499262 746454
1518734833 331028 1360499262 746454
1518734843 331029 1360499262 746454
1518734853 331029 1360499262 746454
1518734864 331029 1360499262 746454
1518734874 331029 1360499262 746454
1518734886 331030 1360499262 746454
1518734896 331031 1360499262 746454
1518734906 331031 1360499262 746454
1518734916 331031 1360499262 746454
1518734928 331031 1360499262 746454
1518734939 331031 1360499262 746454
1518734950 331031 1360499262 746454
1518734960 331032 1360499262 746454
1518734970 331032 1360499262 746454
1518734980 331032 1360499262 746454
1518734992 331032 1360499262 746454
1518735002 331032 1360499262 746454
1518735012 331032 1360499262 746454
1518735022 331033 1360499262 746454
1518735032 331033 1360499262 746454
1518735042 331034 1360499262 746454
1518735053 331034 1360499262 746454
1518735063 331034 1360499262 746454
1518735073 331034 1360499262 746454
1518735084 331034 1360499262 746454
1518735094 331034 1360499262 746454
1518735104 331034 1360499262 746454
1518735115 331036 1360499262 746454
1518735125 331036 1360499262 746454
1518735135 331036 1360499262 746454
1518735145 331036 1360499262 746454
1518735155 331036 1360499262 746454
1518735166 331036 1360499262 746454
1518735176 331036 1360499262 746454
1518735186 331038 1360499262 746454
1518735196 331038 1360499262 746454
1518735206 331038 1360499262 746454
1518735216 331038 1360499262 746454
1518735228 331038 1360499262 746454
1518735238 331038 1360499262 746454
1518735248 331038 1360499262 746454
1518735259 331040 1360499262 746454
1518735269 331040 1360499262 746454
1518735281 331040 1360499262 746454
1518735291 331040 1360499262 746454
1518735301 331040 1360499262 746454
1518735312 331040 1360499262 746454
1518735324 331040 1360499262 746454
1518735334 331042 1360499262 746454
1518735344 331053 1360517292 764463
1518735356 331053 1360517292 764463
1518735368 331053 1360517292 764463
1518735378 331053 1360517292 764463
1518735389 331053 1360517292 764463
1518735400 331053 1360517292 764463
1518735410 331055 1360517292 764463
1518735421 331055 1360517292 764463
1518735431 331055 1360517292 764463
1518735441 331055 1360517292 764463
1518735453 331055 1360517292 764463
1518735463 331055 1360517292 764463
1518735473 331055 1360517292 764463
1518735483 331055 1360517292 764463
1518735495 331057 1360517292 764463
1518735505 331057 1360517292 764463
1518735515 331057 1360517292 764463
1518735526 331057 1360517292 764463
1518735536 331057 1360517292 764463
1518735546 331057 1360517292 764463
1518735556 331057 1360517292 764463
1518735566 331059 1360517292 764463
1518735576 331059 1360517292 764463
1518735587 331059 1360517292 764463
1518735597 331059 1360517292 764463
1518735607 331059 1360517292 764463
1518735618 331059 1360517292 764463
1518735628 331059 1360517292 764463
1518735638 331061 1360517292 764463
1518735649 331061 1360517292 764463
1518735659 331061 1360517292 764463
1518735670 331061 1360517292 764463
1518735682 331061 1360517292 764463
1518735693 331061 1360517292 764463
1518735703 331061 1360517292 764463
1518735713 331063 1360517292 764463
1518735723 331063 1360517292 764463
1518735733 331063 1360517292 764463
1518735744 331063 1360517292 764463
1518735754 331063 1360517292 764463
1518735764 331063 1360517292 764463
1518735774 331063 1360517292 764463
1518735784 331065 1360517292 764463
1518735795 331065 1360517292 764463
1518735805 331065 1360517292 764463
1518735815 331065 1360517292 764463
1518735826 331065 1360517292 764463
1518735836 331065 1360517292 764463
1518735846 331065 1360517292 764463
1518735856 331065 1360517292 764463
1518735867 331067 1360517292 764463
1518735878 331067 1360517292 764463
1518735889 331067 1360517292 764463
1518735899 331067 1360517292 764463
1518735911 331067 1360517292 764463
1518735921 331067 1360517292 764463
1518735931 331067 1360517292 764463
1518735941 331069 1360517292 764463
1518735951 331069 1360517292 764463
1518735961 331069 1360517292 764463
1518735971 331069 1360517292 764463
1518735982 331069 1360517292 764463
1518735995 331069 1360517292 764463
1518736005 331069 1360517292 764463
1518736015 331071 1360517292 764463
1518736027 331071 1360517292 764463
1518736037 331071 1360517292 764463
1518736047 331071 1360517292 764463
1518736057 331071 1360517292 764463
1518736069 331071 1360517292 764463
1518736079 331071 1360517292 764463
1518736089 331073 1360517292 764463
1518736100 331073 1360517292 764463
1518736110 331073 1360517292 764463
1518736120 331073 1360517292 764463
1518736130 331073 1360517292 764463
1518736142 331073 1360517292 764463
1518736152 331073 1360517292 764463
1518736163 331075 1360517292 764463
1518736173 331075 1360517292 764463
1518736183 331075 1360517292 764463
1518736195 331075 1360517292 764463
1518736206 331075 1360517292 764463
1518736216 331075 1360517292 764463
1518736226 331075 1360517292 764463
1518736236 331077 1360517292 764463
1518736246 331077 1360517292 764463
1518736256 331077 1360517292 764463
1518736267 331077 1360517292 764463
1518736277 331077 1360517292 764463
1518736287 331077 1360517292 764463
1518736297 331077 1360517292 764463
1518736307 331077 1360517292 764463
1518736317 331079 1360517292 764463
1518736328 331079 1360517292 764463
1518736338 331079 1360517292 764463
1518736348 331079 1360517292 764463
1518736358 331079 1360517292 764463
1518736369 331079 1360517292 764463
1518736379 331079 1360517292 764463
1518736390 331081 1360517292 764463
1518736400 331082 1360517292 764463
1518736410 331082 1360517292 764463
1518736421 331082 1360517292 764463
1518736431 331082 1360517292 764463
1518736441 331082 1360517292 764463
1518736451 331082 1360517292 764463
1518736461 331083 1360517292 764463
1518736471 331083 1360517292 764463
1518736481 331083 1360517292 764463
1518736492 331083 1360517292 764463
1518736502 331083 1360517292 764463
1518736512 331083 1360517292 764463
1518736522 331083 1360517292 764463
1518736532 331083 1360517292 764463
1518736543 331085 1360517292 764463
1518736553 331085 1360517292 764463
1518736563 331085 1360517292 764463
1518736574 331085 1360517292 764463
1518736584 331085 1360517292 764463
1518736594 331085 1360517292 764463
1518736604 331085 1360517292 764463
1518736615 331087 1360517292 764463
1518736625 331087 1360517292 764463
1518736636 331087 1360517292 764463
1518736646 331087 1360517292 764463
1518736656 331087 1360517292 764463
1518736666 331087 1360517292 764463
1518736677 331087 1360517292 764463
1518736687 331089 1360517292 764463
1518736697 331089 1360517292 764463
1518736707 331089 1360517292 764463
1518736717 331089 1360517292 764463
1518736727 331089 1360517292 764463
1518736737 331089 1360517292 764463
1518736748 331089 1360517292 764463
1518736758 331089 1360517292 764463
1518736768 331091 1360517292 764463
1518736779 331091 1360517292 764463
1518736789 331091 1360517292 764463
1518736799 331091 1360517292 764463
1518736809 331091 1360517292 764463
1518736819 331091 1360517292 764463
1518736829 331091 1360517292 764463
1518736839 331093 1360517292 764463
1518736850 331093 1360517292 764463
1518736860 331093 1360517292 764463
1518736870 331093 1360517292 764463
1518736881 331093 1360517292 764463
1518736891 331093 1360517292 764463
1518736901 331093 1360517292 764463
1518736911 331095 1360517292 764463
1518736921 331095 1360517292 764463
1518736932 331095 1360517292 764463
1518736942 331095 1360517292 764463
1518736952 331095 1360517292 764463
1518736962 331095 1360517292 764463
1518736972 331095 1360517292 764463
1518736982 331095 1360517292 764463
1518736992 331097 1360517292 764463
1518737003 331097 1360517292 764463
1518737013 331097 1360517292 764463
1518737023 331097 1360517292 764463
1518737033 331097 1360517292 764463
1518737043 331097 1360517292 764463
1518737053 331097 1360517292 764463
1518737063 331099 1360517292 764463
1518737074 331099 1360517292 764463
1518737084 331099 1360517292 764463
1518737094 331099 1360517292 764463
1518737104 331099 1360517292 764463
1518737114 331099 1360517292 764463
1518737124 331099 1360517292 764463
1518737134 331101 1360517292 764463
1518737145 331101 1360517292 764463
1518737155 331101 1360517292 764463
1518737165 331101 1360517292 764463
1518737175 331101 1360517292 764463
1518737185 331101 1360517292 764463
1518737195 331101 1360517292 764463
1518737206 331101 1360517292 764463
1518737216 331103 1360517292 764463
1518737226 331103 1360517292 764463
1518737236 331103 1360517292 764463
1518737246 331103 1360517292 764463
1518737256 331103 1360517292 764463
1518737266 331103 1360517292 764463
1518737277 331103 1360517292 764463
1518737287 331105 1360517292 764463
1518737297 331105 1360517292 764463
1518737307 331105 1360517292 764463
1518737317 331105 1360517292 764463
1518737327 331105 1360517292 764463
1518737337 331105 1360517292 764463
1518737348 331105 1360517292 764463
1518737358 331105 1360517292 764463
1518737368 331107 1360517292 764463
1518737378 331107 1360517292 764463
1518737388 331107 1360517292 764463
1518737398 331107 1360517292 764463
1518737409 331107 1360517292 764463
1518737419 331107 1360517292 764463
1518737429 331107 1360517292 764463
1518737439 331109 1360517292 764463
1518737449 331109 1360517292 764463
1518737459 331109 1360517292 764463
1518737469 331109 1360517292 764463
1518737480 331109 1360517292 764463
1518737490 331109 1360517292 764463
1518737500 331109 1360517292 764463
1518737510 331111 1360517292 764463
1518737520 331111 1360517292 764463
1518737530 331111 1360517292 764463
1518737540 331111 1360517292 764463
1518737551 331112 1360517292 764463
1518737561 331112 1360517292 764463
1518737571 331112 1360517292 764463
1518737581 331112 1360517292 764463
1518737591 331114 1360517292 764463
1518737601 331114 1360517292 764463
1518737612 331114 1360517292 764463
1518737622 331114 1360517292 764463
1518737632 331114 1360517292 764463
1518737642 331114 1360517292 764463
1518737652 331114 1360517292 764463
1518737662 331116 1360517292 764463
1518737672 331116 1360517292 764463
1518737683 331116 1360517292 764463
1518737693 331116 1360517292 764463
1518737703 331116 1360517292 764463
1518737713 331116 1360517292 764463
1518737723 331116 1360517292 764463
1518737733 331116 1360517292 764463
1518737744 331118 1360517292 764463
1518737754 331118 1360517292 764463
1518737764 331118 1360517292 764463
1518737774 331118 1360517292 764463
1518737784 331118 1360517292 764463
1518737794 331118 1360517292 764463
1518737804 331118 1360517292 764463
1518737815 331120 1360517292 764463
1518737825 331120 1360517292 764463
1518737835 331120 1360517292 764463
1518737845 331120 1360517292 764463
1518737855 331120 1360517292 764463
1518737865 331120 1360517292 764463
1518737876 331120 1360517292 764463
1518737886 331122 1360517292 764463
1518737896 331122 1360517292 764463
1518737906 331122 1360517292 764463
1518737916 331122 1360517292 764463
1518737926 331122 1360517292 764463
1518737936 331122 1360517292 764463
1518737947 331122 1360517292 764463
1518737957 331122 1360517292 764463
1518737967 331124 1360517292 764463
1518737977 331124 1360517292 764463
1518737987 331124 1360517292 764463
1518737997 331124 1360517292 764463
1518738007 331124 1360517292 764463
1518738018 331124 1360517292 764463
1518738028 331124 1360517292 764463
1518738038 331126 1360517292 764463
1518738048 331126 1360517292 764463
1518738058 331126 1360517292 764463
1518738068 331126 1360517292 764463
1518738079 331126 1360517292 764463
1518738089 331126 1360517292 764463
1518738099 331126 1360517292 764463
1518738109 331128 1360517292 764463
1518738119 331128 1360517292 764463
1518738129 331128 1360517292 764463
1518738139 331128 1360517292 764463
1518738150 331128 1360517292 764463
1518738160 331128 1360517292 764463
1518738170 331128 1360517292 764463
1518738180 331128 1360517292 764463
1518738190 331130 1360517292 764463
1518738200 331130 1360517292 764463
1518738211 331130 1360517292 764463
1518738221 331130 1360517292 764463
1518738231 331130 1360517292 764463
1518738241 331130 1360517292 764463
1518738251 331130 1360517292 764463
1518738261 331132 1360517292 764463
1518738271 331132 1360517292 764463
1518738282 331132 1360517292 764463
1518738292 331132 1360517292 764463
1518738302 331132 1360517292 764463
1518738312 331132 1360517292 764463
1518738322 331132 1360517292 764463
1518738332 331132 1360517292 764463
1518738342 331134 1360517292 764463
1518738353 331134 1360517292 764463
1518738363 331134 1360517292 764463
1518738373 331134 1360517292 764463
1518738383 331134 1360517292 764463
1518738393 331134 1360517292 764463
1518738403 331134 1360517292 764463
1518738414 331136 1360517292 764463
1518738424 331136 1360517292 764463
1518738434 331136 1360517292 764463
1518738444 331136 1360517292 764463
1518738454 331136 1360517292 764463
1518738464 331136 1360517292 764463
1518738474 331136 1360517292 764463
1518738485 331138 1360517292 764463
1518738495 331138 1360517292 764463
1518738505 331138 1360517292 764463
1518738515 331138 1360517292 764463
1518738525 331138 1360517292 764463
1518738535 331138 1360517292 764463
1518738545 331138 1360517292 764463
1518738556 331138 1360517292 764463
1518738566 331140 1360517292 764463
1518738576 331140 1360517292 764463
1518738586 331140 1360517292 764463
1518738596 331140 1360517292 764463
1518738606 331140 1360517292 764463
1518738616 331140 1360517292 764463
1518738627 331140 1360517292 764463
1518738637 331142 1360517292 764463
1518738647 331142 1360517292 764463
1518738657 331142 1360517292 764463
1518738667 331142 1360517292 764463
1518738677 331142 1360517292 764463
1518738688 331142 1360517292 764463
1518738698 331142 1360517292 764463
1518738708 331142 1360517292 764463
1518738718 331144 1360517292 764463
1518738729 331144 1360517292 764463
1518738739 331144 1360517292 764463
1518738749 331144 1360517292 764463
1518738759 331144 1360517292 764463
1518738769 331144 1360517292 764463
1518738779 331144 1360517292 764463
1518738789 331146 1360517292 764463
1518738800 331146 1360517292 764463
1518738810 331146 1360517292 764463
1518738820 331146 1360517292 764463
1518738830 331146 1360517292 764463
1518738840 331146 1360517292 764463
1518738850 331146 1360517292 764463
1518738861 331148 1360517292 764463
1518738871 331148 1360517292 764463
1518738881 331148 1360517292 764463
1518738891 331148 1360517292 764463
1518738901 331148 1360517292 764463
1518738911 331148 1360517292 764463
1518738922 331148 1360517292 764463
1518738932 331148 1360517292 764463
1518738942 331150 1360517292 764463
1518738952 331150 1360517292 764463
1518738962 331150 1360517292 764463
1518738972 331150 1360517292 764463
1518738982 331150 1360517292 764463
1518738993 331150 1360517292 764463
1518739003 331150 1360517292 764463
1518739013 331152 1360517292 764463
1518739023 331152 1360517292 764463
1518739033 331152 1360517292 764463
1518739043 331152 1360517292 764463
1518739053 331152 1360517292 764463
1518739064 331152 1360517292 764463
1518739074 331152 1360517292 764463
1518739084 331154 1360517292 764463
1518739094 331154 1360517292 764463
1518739104 331154 1360517292 764463
1518739114 331154 1360517292 764463
1518739125 331154 1360517292 764463
1518739135 331154 1360517292 764463
1518739145 331154 1360517292 764463
1518739155 331154 1360517292 764463
1518739165 331156 1360517292 764463
1518739175 331156 1360517292 764463
1518739185 331156 1360517292 764463
1518739196 331156 1360517292 764463
1518739206 331156 1360517292 764463
1518739216 331156 1360517292 764463
1518739226 331156 1360517292 764463
1518739236 331158 1360517292 764463
1518739246 331159 1360517292 764463
1518739257 331159 1360517292 764463
1518739267 331159 1360517292 764463
1518739277 331159 1360517292 764463
1518739287 331159 1360517292 764463
1518739297 331159 1360517292 764463
1518739307 331159 1360517292 764463
1518739317 331160 1360517292 764463
1518739328 331160 1360517292 764463
1518739338 331160 1360517292 764463
1518739348 331160 1360517292 764463
1518739358 331160 1360517292 764463
1518739368 331160 1360517292 764463
1518739378 331160 1360517292 764463
1518739388 331162 1360517292 764463
1518739399 331162 1360517292 764463
1518739409 331162 1360517292 764463
1518739419 331162 1360517292 764463
1518739429 331162 1360517292 764463
1518739439 331162 1360517292 764463
1518739449 331162 1360517292 764463
1518739460 331164 1360517292 764463
1518739470 331164 1360517292 764463
1518739480 331164 1360517292 764463
1518739490 331164 1360517292 764463
1518739500 331164 1360517292 764463
1518739510 331164 1360517292 764463
1518739520 331164 1360517292 764463
1518739531 331164 1360517292 764463
1518739541 331166 1360517292 764463
1518739551 331166 1360517292 764463
1518739561 331166 1360517292 764463
1518739571 331166 1360517292 764463
1518739581 331166 1360517292 764463
1518739592 331166 1360517292 764463
1518739602 331166 1360517292 764463
1518739612 331168 1360517292 764463
1518739622 331168 1360517292 764463
1518739632 331168 1360517292 764463
1518739642 331168 1360517292 764463
1518739652 331168 1360517292 764463
1518739663 331168 1360517292 764463
1518739673 331168 1360517292 764463
1518739683 331168 1360517292 764463
1518739693 331170 1360517292 764463
1518739703 331170 1360517292 764463
1518739713 331170 1360517292 764463
1518739724 331170 1360517292 764463
1518739734 331170 1360517292 764463
1518739744 331170 1360517292 764463
1518739754 331170 1360517292 764463
1518739764 331172 1360517292 764463
1518739774 331172 1360517292 764463
1518739784 331172 1360517292 764463
1518739795 331172 1360517292 764463
1518739805 331172 1360517292 764463
1518739815 331172 1360517292 764463
1518739825 331172 1360517292 764463
1518739835 331174 1360517292 764463
1518739845 331174 1360517292 764463
1518739855 331174 1360517292 764463
1518739866 331174 1360517292 764463
1518739876 331174 1360517292 764463
1518739886 331174 1360517292 764463
1518739896 331174 1360517292 764463
1518739906 331174 1360517292 764463
1518739916 331176 1360517292 764463
1518739927 331176 1360517292 764463
1518739937 331176 1360517292 764463
1518739947 331176 1360517292 764463
1518739957 331176 1360517292 764463
1518739967 331176 1360517292 764463
1518739977 331176 1360517292 764463
1518739987 331178 1360517292 764463
1518739998 331178 1360517292 764463
1518740008 331178 1360517292 764463
1518740018 331178 1360517292 764463
1518740028 331178 1360517292 764463
1518740038 331178 1360517292 764463
1518740048 331178 1360517292 764463
1518740059 331178 1360517292 764463
1518740069 331180 1360517292 764463
1518740079 331180 1360517292 764463
1518740089 331180 1360517292 764463
1518740100 331180 1360517292 764463
1518740110 331180 1360517292 764463
1518740120 331180 1360517292 764463
1518740130 331180 1360517292 764463
1518740140 331182 1360517292 764463
1518740150 331182 1360517292 764463
1518740161 331182 1360517292 764463
1518740171 331182 1360517292 764463
1518740181 331182 1360517292 764463
1518740191 331182 1360517292 764463
1518740201 331182 1360517292 764463
1518740211 331184 1360517292 764463
1518740221 331184 1360517292 764463
1518740232 331184 1360517292 764463
1518740242 331184 1360517292 764463
1518740252 331184 1360517292 764463
1518740262 331184 1360517292 764463
1518740272 331184 1360517292 764463
1518740282 331184 1360517292 764463
1518740293 331186 1360517292 764463
1518740303 331186 1360517292 764463
1518740313 331186 1360517292 764463
1518740323 331186 1360517292 764463
1518740333 331186 1360517292 764463
1518740343 331186 1360517292 764463
1518740353 331186 1360517292 764463
1518740364 331188 1360517292 764463
1518740374 331188 1360517292 764463
1518740384 331188 1360517292 764463
1518740394 331188 1360517292 764463
1518740404 331188 1360517292 764463
1518740414 331188 1360517292 764463
1518740425 331188 1360517292 764463
1518740435 331190 1360517292 764463
1518740445 331190 1360517292 764463
1518740455 331190 1360517292 764463
1518740465 331190 1360517292 764463
1518740475 331190 1360517292 764463
1518740485 331190 1360517292 764463
1518740496 331190 1360517292 764463
1518740506 331190 1360517292 764463
1518740516 331192 1360517292 764463
1518740526 331192 1360517292 764463
1518740536 331192 1360517292 764463
1518740547 331192 1360517292 764463
1518740557 331192 1360517292 764463
1518740567 331192 1360517292 764463
1518740577 331192 1360517292 764463
1518740587 331194 1360517292 764463
1518740597 331194 1360517292 764463
1518740608 331194 1360517292 764463
1518740618 331194 1360517292 764463
1518740628 331194 1360517292 764463
1518740638 331194 1360517292 764463
1518740648 331194 1360517292 764463
1518740658 331194 1360517292 764463
1518740668 331196 1360517292 764463
1518740679 331196 1360517292 764463
1518740689 331196 1360517292 764463
1518740699 331196 1360517292 764463
1518740709 331196 1360517292 764463
1518740719 331196 1360517292 764463
1518740729 331196 1360517292 764463
1518740742 331198 1360517292 764463
1518740752 331198 1360517292 764463
1518740762 331198 1360517292 764463
1518740772 331198 1360517292 764463
1518740782 331198 1360517292 764463
1518740793 331198 1360517292 764463
1518740803 331198 1360517292 764463
1518740813 331200 1360517292 764463
1518740823 331200 1360517292 764463
1518740833 331200 1360517292 764463
1518740843 331200 1360517292 764463
1518740854 331200 1360517292 764463
1518740864 331200 1360517292 764463
1518740874 331200 1360517292 764463
1518740884 331202 1360517292 764463
1518740894 331202 1360517292 764463
1518740904 331202 1360517292 764463
1518740914 331202 1360517292 764463
1518740925 331202 1360517292 764463
1518740935 331202 1360517292 764463
1518740945 331202 1360517292 764463
1518740955 331202 1360517292 764463
1518740965 331204 1360517292 764463
1518740975 331204 1360517292 764463
1518740986 331204 1360517292 764463
1518740996 331204 1360517292 764463
1518741006 331204 1360517292 764463
1518741016 331204 1360517292 764463
1518741026 331204 1360517292 764463
1518741036 331206 1360517292 764463
1518741046 331206 1360517292 764463
1518741057 331206 1360517292 764463
1518741067 331206 1360517292 764463
1518741077 331206 1360517292 764463
1518741087 331206 1360517292 764463
1518741097 331206 1360517292 764463
1518741107 331206 1360517292 764463
1518741118 331208 1360517292 764463
1518741128 331208 1360517292 764463
1518741138 331208 1360517292 764463
1518741148 331208 1360517292 764463
1518741158 331208 1360517292 764463
1518741168 331208 1360517292 764463
1518741178 331208 1360517292 764463
1518741189 331210 1360517292 764463
1518741199 331210 1360517292 764463
1518741209 331210 1360517292 764463
1518741219 331210 1360517292 764463
1518741229 331210 1360517292 764463
1518741239 331210 1360517292 764463
1518741250 331210 1360517292 764463
1518741260 331212 1360517292 764463
1518741270 331212 1360517292 764463
1518741280 331212 1360517292 764463
1518741290 331212 1360517292 764463
1518741300 331212 1360517292 764463
1518741310 331212 1360517292 764463
1518741321 331212 1360517292 764463
1518741331 331212 1360517292 764463
1518741341 331214 1360517292 764463
1518741351 331214 1360517292 764463
1518741361 331214 1360517292 764463
1518741371 331214 1360517292 764463
1518741382 331214 1360517292 764463
1518741392 331214 1360517292 764463
1518741402 331214 1360517292 764463
1518741412 331216 1360517292 764463
1518741422 331216 1360517292 764463
1518741432 331216 1360517292 764463
1518741442 331216 1360517292 764463
1518741453 331216 1360517292 764463
1518741463 331216 1360517292 764463
1518741473 331216 1360517292 764463
1518741483 331216 1360517292 764463
1518741493 331218 1360517292 764463
1518741503 331218 1360517292 764463
1518741514 331218 1360517292 764463
1518741524 331218 1360517292 764463
1518741534 331218 1360517292 764463
1518741544 331218 1360517292 764463
1518741554 331218 1360517292 764463
1518741564 331220 1360517292 764463
1518741575 331220 1360517292 764463
1518741585 331220 1360517292 764463
1518741595 331220 1360517292 764463
1518741605 331220 1360517292 764463
1518741615 331220 1360517292 764463
1518741625 331220 1360517292 764463
1518741636 331222 1360517292 764463
1518741646 331222 1360517292 764463
1518741656 331222 1360517292 764463
1518741666 331222 1360517292 764463
1518741676 331222 1360517292 764463
1518741686 331222 1360517292 764463
1518741697 331222 1360517292 764463
1518741707 331222 1360517292 764463
1518741717 331224 1360517292 764463
1518741727 331224 1360517292 764463
1518741738 331224 1360517292 764463
1518741748 331224 1360517292 764463
1518741758 331224 1360517292 764463
1518741768 331224 1360517292 764463
1518741778 331224 1360517292 764463
1518741788 331226 1360517292 764463
1518741798 331226 1360517292 764463
1518741809 331226 1360517292 764463
1518741819 331226 1360517292 764463
1518741829 331226 1360517292 764463
1518741839 331226 1360517292 764463
1518741849 331226 1360517292 764463
1518741859 331228 1360517292 764463
1518741870 331228 1360517292 764463
1518741880 331228 1360517292 764463
1518741890 331228 1360517292 764463
1518741900 331228 1360517292 764463
1518741910 331228 1360517292 764463
1518741920 331228 1360517292 764463
1518741931 331228 1360517292 764463
1518741941 331230 1360517292 764463
1518741951 331230 1360517292 764463
1518741961 331230 1360517292 764463
1518741971 331230 1360517292 764463
1518741981 331230 1360517292 764463
1518741991 331230 1360517292 764463
1518742002 331230 1360517292 764463
1518742012 331232 1360517292 764463
1518742022 331232 1360517292 764463
1518742032 331232 1360517292 764463
1518742042 331232 1360517292 764463
1518742052 331232 1360517292 764463
1518742063 331232 1360517292 764463
1518742073 331232 1360517292 764463
1518742083 331232 1360517292 764463
1518742093 331234 1360517292 764463
1518742103 331234 1360517292 764463
1518742113 331234 1360517292 764463
1518742123 331234 1360517292 764463
1518742134 331234 1360517292 764463
1518742144 331234 1360517292 764463
1518742154 331234 1360517292 764463
1518742164 331236 1360517292 764463
1518742174 331236 1360517292 764463
1518742184 331236 1360517292 764463
1518742195 331236 1360517292 764463
1518742205 331236 1360517292 764463
1518742215 331236 1360517292 764463
1518742225 331236 1360517292 764463
1518742235 331238 1360517292 764463
1518742245 331238 1360517292 764463
1518742256 331238 1360517292 764463
1518742266 331238 1360517292 764463
1518742276 331238 1360517292 764463
1518742286 331238 1360517292 764463
1518742296 331238 1360517292 764463
1518742306 331238 1360517292 764463
1518742316 331240 1360517292 764463
1518742327 331240 1360517292 764463
1518742337 331240 1360517292 764463
1518742347 331240 1360517292 764463
1518742357 331240 1360517292 764463
1518742367 331240 1360517292 764463
1518742377 331240 1360517292 764463
1518742388 331242 1360517292 764463
1518742398 331242 1360517292 764463
1518742408 331242 1360517292 764463
1518742418 331242 1360517292 764463
1518742428 331242 1360517292 764463
1518742438 331242 1360517292 764463
1518742448 331242 1360517292 764463
1518742459 331242 1360517292 764463
1518742469 331244 1360517292 764463
1518742479 331244 1360517292 764463
1518742489 331244 1360517292 764463
1518742499 331244 1360517292 764463
1518742509 331244 1360517292 764463
1518742520 331244 1360517292 764463
1518742530 331244 1360517292 764463
1518742540 331246 1360517292 764463
1518742550 331246 1360517292 764463
1518742560 331246 1360517292 764463
1518742570 331246 1360517292 764463
1518742580 331246 1360517292 764463
1518742591 331246 1360517292 764463
1518742601 331246 1360517292 764463
1518742611 331248 1360517292 764463
1518742621 331248 1360517292 764463
1518742631 331248 1360517292 764463
1518742641 331248 1360517292 764463
1518742652 331248 1360517292 764463
1518742662 331248 1360517292 764463
1518742672 331248 1360517292 764463
1518742682 331248 1360517292 764463
1518742692 331250 1360517292 764463
1518742702 331250 1360517292 764463
1518742712 331250 1360517292 764463
1518742723 331250 1360517292 764463
1518742733 331250 1360517292 764463
1518742743 331250 1360517292 764463
1518742753 331250 1360517292 764463
1518742763 331252 1360517292 764463
1518742773 331252 1360517292 764463
1518742784 331252 1360517292 764463
1518742794 331252 1360517292 764463
1518742804 331252 1360517292 764463
1518742814 331252 1360517292 764463
1518742825 331252 1360517292 764463
1518742835 331254 1360517292 764463
1518742845 331254 1360517292 764463
1518742855 331254 1360517292 764463
1518742865 331254 1360517292 764463
1518742875 331254 1360517292 764463
1518742886 331254 1360517292 764463
1518742896 331254 1360517292 764463
1518742906 331254 1360517292 764463
1518742916 331256 1360517292 764463
1518742926 331256 1360517292 764463
1518742936 331256 1360517292 764463
1518742947 331256 1360517292 764463
1518742957 331256 1360517292 764463
1518742967 331256 1360517292 764463
1518742977 331256 1360517292 764463
1518742987 331258 1360517292 764463
1518742997 331258 1360517292 764463
1518743007 331258 1360517292 764463
1518743018 331258 1360517292 764463
1518743028 331258 1360517292 764463
1518743038 331258 1360517292 764463
1518743048 331258 1360517292 764463
1518743058 331258 1360517292 764463
1518743068 331260 1360517292 764463
1518743079 331260 1360517292 764463
1518743089 331260 1360517292 764463
1518743099 331260 1360517292 764463
1518743109 331260 1360517292 764463
1518743119 331260 1360517292 764463
1518743129 331260 1360517292 764463
1518743139 331262 1360517292 764463
1518743150 331262 1360517292 764463
1518743160 331262 1360517292 764463
1518743170 331262 1360517292 764463
1518743180 331262 1360517292 764463
1518743190 331262 1360517292 764463
1518743200 331262 1360517292 764463
1518743211 331264 1360517292 764463
1518743221 331264 1360517292 764463
1518743231 331264 1360517292 764463
1518743241 331264 1360517292 764463
1518743251 331264 1360517292 764463
1518743261 331264 1360517292 764463
1518743271 331264 1360517292 764463
1518743282 331264 1360517292 764463
1518743292 331266 1360517292 764463
1518743302 331266 1360517292 764463
1518743312 331266 1360517292 764463
1518743322 331266 1360517292 764463
1518743332 331266 1360517292 764463
1518743343 331266 1360517292 764463
1518743353 331266 1360517292 764463
1518743363 331268 1360517292 764463
1518743373 331268 1360517292 764463
1518743383 331268 1360517292 764463
1518743393 331268 1360517292 764463
1518743404 331268 1360517292 764463
1518743414 331268 1360517292 764463
1518743424 331268 1360517292 764463
1518743434 331270 1360517292 764463
1518743444 331270 1360517292 764463
1518743454 331270 1360517292 764463
1518743464 331270 1360517292 764463
1518743475 331270 1360517292 764463
1518743485 331270 1360517292 764463
1518743495 331270 1360517292 764463
1518743505 331270 1360517292 764463
1518743515 331272 1360517292 764463
1518743525 331272 1360517292 764463
1518743536 331272 1360517292 764463
1518743546 331272 1360517292 764463
1518743556 331272 1360517292 764463
1518743566 331272 1360517292 764463
1518743576 331272 1360517292 764463
1518743586 331274 1360517292 764463
1518743597 331274 1360517292 764463
1518743607 331274 1360517292 764463
1518743617 331274 1360517292 764463
1518743627 331274 1360517292 764463
1518743637 331274 1360517292 764463
1518743648 331274 1360517292 764463
1518743658 331274 1360517292 764463
1518743668 331276 1360517292 764463
1518743678 331276 1360517292 764463
1518743688 331276 1360517292 764463
1518743698 331276 1360517292 764463
1518743709 331276 1360517292 764463
1518743719 331276 1360517292 764463
1518743729 331276 1360517292 764463
1518743739 331278 1360517292 764463
1518743749 331278 1360517292 764463
1518743759 331278 1360517292 764463
1518743769 331278 1360517292 764463
1518743780 331278 1360517292 764463
1518743790 331278 1360517292 764463
1518743800 331278 1360517292 764463
1518743810 331280 1360517292 764463
1518743820 331280 1360517292 764463
1518743830 331280 1360517292 764463
1518743841 331280 1360517292 764463
1518743851 331280 1360517292 764463
1518743861 331280 1360517292 764463
1518743871 331280 1360517292 764463
1518743881 331280 1360517292 764463
1518743891 331282 1360517292 764463
1518743902 331282 1360517292 764463
1518743912 331282 1360517292 764463
1518743922 331282 1360517292 764463
1518743932 331282 1360517292 764463
1518743942 331282 1360517292 764463
1518743952 331282 1360517292 764463
1518743963 331284 1360517292 764463
1518743973 331284 1360517292 764463
1518743983 331284 1360517292 764463
1518743993 331284 1360517292 764463
1518744003 331284 1360517292 764463
1518744013 331284 1360517292 764463
1518744024 331284 1360517292 764463
1518744034 331286 1360517292 764463
1518744044 331286 1360517292 764463
1518744054 331286 1360517292 764463
1518744064 331286 1360517292 764463
1518744074 331286 1360517292 764463
1518744085 331286 1360517292 764463
1518744095 331286 1360517292 764463
1518744105 331286 1360517292 764463
1518744115 331288 1360517292 764463
1518744126 331288 1360517292 764463
1518744136 331288 1360517292 764463
1518744146 331288 1360517292 764463
1518744156 331288 1360517292 764463
1518744166 331288 1360517292 764463
1518744177 331288 1360517292 764463
1518744187 331290 1360517292 764463
1518744197 331290 1360517292 764463
1518744207 331290 1360517292 764463
1518744217 331290 1360517292 764463
1518744228 331290 1360517292 764463
1518744238 331290 1360517292 764463
1518744248 331290 1360517292 764463
1518744258 331290 1360517292 764463
1518744269 331292 1360517292 764463
1518744279 331292 1360517292 764463
1518744289 331292 1360517292 764463
1518744299 331292 1360517292 764463
1518744309 331292 1360517292 764463
1518744319 331292 1360517292 764463
1518744330 331292 1360517292 764463
1518744340 331294 1360517292 764463
1518744350 331294 1360517292 764463
1518744360 331294 1360517292 764463
1518744371 331294 1360517292 764463
1518744381 331294 1360517292 764463
1518744391 331294 1360517292 764463
1518744401 331294 1360517292 764463
1518744412 331296 1360517292 764463
1518744422 331296 1360517292 764463
1518744432 331296 1360517292 764463
1518744442 331296 1360517292 764463
1518744452 331296 1360517292 764463
1518744462 331296 1360517292 764463
1518744473 331296 1360517292 764463
1518744483 331296 1360517292 764463
1518744493 331298 1360517292 764463
1518744503 331298 1360517292 764463
1518744513 331298 1360517292 764463
1518744523 331298 1360517292 764463
1518744533 331298 1360517292 764463
1518744544 331298 1360517292 764463
1518744554 331298 1360517292 764463
1518744564 331300 1360517292 764463
1518744574 331300 1360517292 764463
1518744584 331300 1360517292 764463
1518744594 331300 1360517292 764463
1518744605 331300 1360517292 764463
1518744615 331300 1360517292 764463
1518744625 331300 1360517292 764463
1518744635 331302 1360517292 764463
1518744645 331302 1360517292 764463
1518744655 331302 1360517292 764463
1518744665 331302 1360517292 764463
1518744676 331302 1360517292 764463
1518744686 331302 1360517292 764463
1518744696 331302 1360517292 764463
1518744706 331302 1360517292 764463
1518744716 331304 1360517292 764463
1518744726 331304 1360517292 764463
1518744737 331304 1360517292 764463
1518744747 331304 1360517292 764463
1518744757 331304 1360517292 764463
1518744767 331304 1360517292 764463
1518744777 331304 1360517292 764463
1518744787 331306 1360517292 764463
1518744797 331306 1360517292 764463
1518744808 331306 1360517292 764463
1518744818 331306 1360517292 764463
1518744828 331306 1360517292 764463
1518744838 331306 1360517292 764463
1518744848 331306 1360517292 764463
1518744858 331306 1360517292 764463
1518744869 331308 1360517292 764463
1518744879 331308 1360517292 764463
1518744889 331308 1360517292 764463
1518744899 331308 1360517292 764463
1518744909 331308 1360517292 764463
1518744919 331308 1360517292 764463
1518744930 331308 1360517292 764463
1518744940 331310 1360517292 764463
1518744950 331310 1360517292 764463
1518744960 331310 1360517292 764463
1518744970 331310 1360517292 764463
1518744980 331310 1360517292 764463
1518744990 331310 1360517292 764463
1518745001 331310 1360517292 764463
1518745011 331312 1360517292 764463
1518745021 331312 1360517292 764463
1518745031 331312 1360517292 764463
1518745042 331312 1360517292 764463
1518745052 331312 1360517292 764463
1518745062 331312 1360517292 764463
1518745072 331312 1360517292 764463
1518745082 331312 1360517292 764463
1518745092 331314 1360517292 764463
1518745102 331314 1360517292 764463
1518745113 331314 1360517292 764463
1518745123 331314 1360517292 764463
1518745133 331314 1360517292 764463
1518745143 331314 1360517292 764463
1518745153 331314 1360517292 764463
1518745163 331316 1360517292 764463
1518745174 331316 1360517292 764463
1518745184 331316 1360517292 764463
1518745194 331316 1360517292 764463
1518745204 331316 1360517292 764463
1518745214 331316 1360517292 764463
1518745224 331316 1360517292 764463
1518745235 331318 1360517292 764463
1518745245 331318 1360517292 764463
1518745255 331318 1360517292 764463
1518745265 331318 1360517292 764463
1518745275 331318 1360517292 764463
1518745285 331318 1360517292 764463
1518745295 331318 1360517292 764463
1518745306 331318 1360517292 764463
1518745316 331320 1360517292 764463
1518745326 331320 1360517292 764463
1518745336 331320 1360517292 764463
1518745346 331320 1360517292 764463
1518745356 331320 1360517292 764463
1518745367 331320 1360517292 764463
1518745377 331320 1360517292 764463
1518745387 331322 1360517292 764463
1518745397 331322 1360517292 764463
1518745407 331322 1360517292 764463
1518745417 331322 1360517292 764463
1518745428 331322 1360517292 764463
1518745438 331322 1360517292 764463
1518745448 331322 1360517292 764463
1518745458 331322 1360517292 764463
1518745468 331324 1360517292 764463
1518745478 331324 1360517292 764463
1518745488 331324 1360517292 764463
1518745499 331324 1360517292 764463
1518745509 331324 1360517292 764463
1518745519 331324 1360517292 764463
1518745529 331324 1360517292 764463
1518745539 331326 1360517292 764463
1518745549 331326 1360517292 764463
1518745560 331326 1360517292 764463
1518745570 331326 1360517292 764463
1518745580 331326 1360517292 764463
1518745590 331326 1360517292 764463
1518745600 331326 1360517292 764463
1518745610 331328 1360517292 764463
1518745621 331328 1360517292 764463
1518745631 331328 1360517292 764463
1518745641 331328 1360517292 764463
1518745651 331328 1360517292 764463
1518745661 331328 1360517292 764463
1518745671 331328 1360517292 764463
1518745681 331328 1360517292 764463
1518745692 331330 1360517292 764463
1518745702 331330 1360517292 764463
1518745712 331330 1360517292 764463
1518745722 331330 1360517292 764463
1518745732 331330 1360517292 764463
1518745742 331330 1360517292 764463
1518745753 331330 1360517292 764463
1518745763 331332 1360517292 764463
1518745773 331332 1360517292 764463
1518745783 331332 1360517292 764463
1518745793 331332 1360517292 764463
1518745803 331332 1360517292 764463
1518745814 331332 1360517292 764463
1518745824 331332 1360517292 764463
1518745834 331334 1360517292 764463
1518745844 331334 1360517292 764463
1518745854 331334 1360517292 764463
1518745864 331334 1360517292 764463
1518745874 331334 1360517292 764463
1518745885 331334 1360517292 764463
1518745895 331334 1360517292 764463
1518745905 331334 1360517292 764463
1518745915 331336 1360517292 764463
1518745925 331336 1360517292 764463
1518745935 331336 1360517292 764463
1518745946 331336 1360517292 764463
1518745956 331336 1360517292 764463
1518745966 331336 1360517292 764463
1518745976 331336 1360517292 764463
1518745986 331338 1360517292 764463
1518745996 331338 1360517292 764463
1518746007 331338 1360517292 764463
1518746017 331338 1360517292 764463
1518746027 331338 1360517292 764463
1518746037 331338 1360517292 764463
1518746047 331338 1360517292 764463
1518746057 331338 1360517292 764463
1518746067 331340 1360517292 764463
1518746078 331340 1360517292 764463
1518746088 331340 1360517292 764463
1518746098 331340 1360517292 764463
1518746108 331340 1360517292 764463
1518746118 331340 1360517292 764463
1518746128 331340 1360517292 764463
1518746139 331342 1360517292 764463
1518746149 331342 1360517292 764463
1518746159 331342 1360517292 764463
1518746169 331342 1360517292 764463
1518746179 331342 1360517292 764463
1518746189 331342 1360517292 764463
1518746199 331342 1360517292 764463
1518746210 331344 1360517292 764463
1518746220 331344 1360517292 764463
1518746230 331344 1360517292 764463
1518746240 331344 1360517292 764463
1518746250 331344 1360517292 764463
1518746260 331344 1360517292 764463
1518746271 331344 1360517292 764463
1518746281 331344 1360517292 764463
1518746291 331346 1360517292 764463
1518746301 331346 1360517292 764463
1518746311 331346 1360517292 764463
1518746321 331346 1360517292 764463
1518746332 331346 1360517292 764463
1518746342 331346 1360517292 764463
1518746352 331346 1360517292 764463
1518746362 331348 1360517292 764463
1518746372 331348 1360517292 764463
1518746382 331348 1360517292 764463
1518746393 331348 1360517292 764463
1518746403 331348 1360517292 764463
1518746413 331348 1360517292 764463
1518746423 331348 1360517292 764463
1518746433 331348 1360517292 764463
1518746443 331350 1360517292 764463
1518746454 331350 1360517292 764463
1518746464 331350 1360517292 764463
1518746474 331350 1360517292 764463
1518746484 331350 1360517292 764463
1518746494 331350 1360517292 764463
1518746504 331350 1360517292 764463
1518746515 331352 1360517292 764463
1518746525 331352 1360517292 764463
1518746535 331352 1360517292 764463
1518746545 331352 1360517292 764463
1518746555 331352 1360517292 764463
1518746565 331352 1360517292 764463
1518746576 331352 1360517292 764463
1518746586 331354 1360517292 764463
1518746596 331354 1360517292 764463
1518746606 331354 1360517292 764463
1518746616 331354 1360517292 764463
1518746626 331354 1360517292 764463
1518746636 331354 1360517292 764463
1518746647 331354 1360517292 764463
1518746657 331354 1360517292 764463
1518746667 331356 1360517292 764463
1518746677 331356 1360517292 764463
1518746687 331356 1360517292 764463
1518746697 331356 1360517292 764463
1518746708 331356 1360517292 764463
1518746718 331356 1360517292 764463
1518746728 331356 1360517292 764463
1518746738 331358 1360517292 764463
1518746748 331358 1360517292 764463
1518746758 331358 1360517292 764463
1518746768 331358 1360517292 764463
1518746779 331358 1360517292 764463
1518746789 331358 1360517292 764463
1518746799 331358 1360517292 764463
1518746809 331360 1360517292 764463
1518746819 331360 1360517292 764463
1518746829 331360 1360517292 764463
1518746840 331360 1360517292 764463
1518746850 331360 1360517292 764463
1518746860 331360 1360517292 764463
1518746870 331360 1360517292 764463
1518746880 331360 1360517292 764463
1518746890 331362 1360517292 764463
1518746901 331362 1360517292 764463
1518746911 331362 1360517292 764463
1518746921 331376 1360517292 764463
1518746931 331376 1360517292 764463
1518746941 331376 1360517292 764463
1518746951 331376 1360517292 764463
