TIMESTAMP        scratch-RQ       scratch-RD       scratch-WR       
1518729240 3476449 1332215022194 758917428770
1518729250 3476455 1332215022194 758917428770
1518729260 3476456 1332215022194 758917428770
1518729270 3476456 1332215022194 758917428770
1518729281 3476456 1332215022194 758917428770
1518729291 3476456 1332215022194 758917428770
1518729301 3476456 1332215022194 758917428770
1518729311 3476456 1332215022194 758917428770
1518729321 3476456 1332215022194 758917428770
1518729331 3476460 1332215022194 758917428770
1518729341 3476460 1332215022194 758917428770
1518729352 3476460 1332215022194 758917428770
1518729362 3476460 1332215022194 758917428770
1518729372 3476460 1332215022194 758917428770
1518729382 3476460 1332215022194 758917428770
1518729392 3476460 1332215022194 758917428770
1518729402 3476460 1332215022194 758917428770
1518729412 3476464 1332215022194 758917428770
1518729423 3476464 1332215022194 758917428770
1518729433 3476464 1332215022194 758917428770
1518729443 3476464 1332215022194 758917428770
1518729453 3476464 1332215022194 758917428770
1518729463 3476464 1332215022194 758917428770
1518729473 3476464 1332215022194 758917428770
1518729483 3476468 1332215022194 758917428770
1518729494 3476468 1332215022194 758917428770
1518729504 3476468 1332215022194 758917428770
1518729514 3476468 1332215022194 758917428770
1518729524 3476468 1332215022194 758917428770
1518729534 3476468 1332215022194 758917428770
1518729545 3476468 1332215022194 758917428770
1518729555 3476468 1332215022194 758917428770
1518729565 3476472 1332215022194 758917428770
1518729575 3476472 1332215022194 758917428770
1518729585 3476472 1332215022194 758917428770
1518729595 3476472 1332215022194 758917428770
1518729605 3476472 1332215022194 758917428770
1518729616 3476472 1332215022194 758917428770
1518729626 3476472 1332215022194 758917428770
1518729636 3476476 1332215022194 758917428770
1518729646 3476476 1332215022194 758917428770
1518729656 3476476 1332215022194 758917428770
1518729666 3476476 1332215022194 758917428770
1518729676 3476476 1332215022194 758917428770
1518729687 3476476 1332215022194 758917428770
1518729697 3476476 1332215022194 758917428770
1518729707 3476480 1332215022194 758917428770
1518729717 3476480 1332215022194 758917428770
1518729727 3476480 1332215022194 758917428770
1518729737 3476480 1332215022194 758917428770
1518729747 3476480 1332215022194 758917428770
1518729758 3476480 1332215022194 758917428770
1518729768 3476480 1332215022194 758917428770
1518729778 3476480 1332215022194 758917428770
1518729788 3476484 1332215022194 758917428770
1518729798 3476484 1332215022194 758917428770
1518729808 3476484 1332215022194 758917428770
1518729819 3476484 1332215022194 758917428770
1518729829 3476484 1332215022194 758917428770
1518729839 3476484 1332215022194 758917428770
1518729849 3476484 1332215022194 758917428770
1518729859 3476488 1332215022194 758917428770
1518729869 3476488 1332215022194 758917428770
1518729879 3476488 1332215022194 758917428770
1518729890 3476488 1332215022194 758917428770
1518729900 3476488 1332215022194 758917428770
1518729910 3476488 1332215022194 758917428770
1518729920 3476488 1332215022194 758917428770
1518729930 3476488 1332215022194 758917428770
1518729940 3476492 1332215022194 758917428770
1518729950 3476492 1332215022194 758917428770
1518729961 3476492 1332215022194 758917428770
1518729971 3476492 1332215022194 758917428770
1518729981 3476492 1332215022194 758917428770
1518729991 3476492 1332215022194 758917428770
1518730001 3476492 1332215022194 758917428770
1518730011 3476496 1332215022194 758917428770
1518730021 3476496 1332215022194 758917428770
1518730032 3476496 1332215022194 758917428770
1518730042 3476496 1332215022194 758917428770
1518730052 3476496 1332215022194 758917428770
1518730062 3476496 1332215022194 758917428770
1518730072 3476496 1332215022194 758917428770
1518730082 3476500 1332215022194 758917428770
1518730093 3476500 1332215022194 758917428770
1518730103 3476500 1332215022194 758917428770
1518730113 3476500 1332215022194 758917428770
1518730123 3476500 1332215022194 758917428770
1518730133 3476500 1332215022194 758917428770
1518730143 3476500 1332215022194 758917428770
1518730153 3476500 1332215022194 758917428770
1518730164 3476504 1332215022194 758917428770
1518730174 3476504 1332215022194 758917428770
1518730184 3476504 1332215022194 758917428770
1518730194 3476504 1332215022194 758917428770
1518730204 3476504 1332215022194 758917428770
1518730214 3476504 1332215022194 758917428770
1518730224 3476504 1332215022194 758917428770
1518730235 3476508 1332215022194 758917428770
1518730245 3476508 1332215022194 758917428770
1518730255 3476508 1332215022194 758917428770
1518730265 3476508 1332215022194 758917428770
1518730275 3476508 1332215022194 758917428770
1518730285 3476508 1332215022194 758917428770
1518730295 3476508 1332215022194 758917428770
1518730306 3476508 1332215022194 758917428770
1518730316 3476512 1332215022194 758917428770
1518730326 3476512 1332215022194 758917428770
1518730336 3476512 1332215022194 758917428770
1518730346 3476512 1332215022194 758917428770
1518730356 3476512 1332215022194 758917428770
1518730366 3476512 1332215022194 758917428770
1518730377 3476512 1332215022194 758917428770
1518730387 3476516 1332215022194 758917428770
1518730397 3476516 1332215022194 758917428770
1518730407 3476516 1332215022194 758917428770
1518730417 3476516 1332215022194 758917428770
1518730427 3476516 1332215022194 758917428770
1518730437 3476516 1332215022194 758917428770
1518730448 3476516 1332215022194 758917428770
1518730458 3476520 1332215022194 758917428770
1518730468 3476520 1332215022194 758917428770
1518730478 3476520 1332215022194 758917428770
1518730488 3476520 1332215022194 758917428770
1518730498 3476520 1332215022194 758917428770
1518730508 3476520 1332215022194 758917428770
1518730519 3476520 1332215022194 758917428770
1518730529 3476520 1332215022194 758917428770
1518730539 3476524 1332215022194 758917428770
1518730549 3476524 1332215022194 758917428770
1518730559 3476524 1332215022194 758917428770
1518730569 3476524 1332215022194 758917428770
1518730579 3476524 1332215022194 758917428770
1518730590 3476524 1332215022194 758917428770
1518730600 3476524 1332215022194 758917428770
1518730610 3476528 1332215022194 758917428770
1518730620 3476528 1332215022194 758917428770
1518730630 3476528 1332215022194 758917428770
1518730640 3476528 1332215022194 758917428770
1518730650 3476528 1332215022194 758917428770
1518730661 3476528 1332215022194 758917428770
1518730671 3476528 1332215022194 758917428770
1518730681 3476528 1332215022194 758917428770
1518730691 3476532 1332215022194 758917428770
1518730701 3476532 1332215022194 758917428770
1518730711 3476532 1332215022194 758917428770
1518730722 3476532 1332215022194 758917428770
1518730732 3476532 1332215022194 758917428770
1518730742 3476532 1332215022194 758917428770
1518730752 3476532 1332215022194 758917428770
1518730762 3476536 1332215022194 758917428770
1518730772 3476536 1332215022194 758917428770
1518730782 3476536 1332215022194 758917428770
1518730793 3476536 1332215022194 758917428770
1518730803 3476536 1332215022194 758917428770
1518730813 3476536 1332215022194 758917428770
1518730823 3476536 1332215022194 758917428770
1518730833 3476540 1332215022194 758917428770
1518730843 3476540 1332215022194 758917428770
1518730853 3476542 1332215022194 758917428770
1518730864 3476542 1332215022194 758917428770
1518730874 3476542 1332215022194 758917428770
1518730884 3476543 1332215022194 758917428770
1518730894 3476543 1332215022194 758917428770
1518730904 3476543 1332215022194 758917428770
1518730914 3476545 1332215022194 758917428770
1518730924 3476545 1332215022194 758917428770
1518730935 3476546 1332215022194 758917428770
1518730945 3476547 1332215022194 758917428770
1518730955 3476547 1332215022194 758917428770
1518730965 3476548 1332215022194 758917428770
1518730975 3476548 1332215022194 758917428770
1518730985 3476552 1332215022194 758917428770
1518730995 3476554 1332215022194 758917428770
1518731006 3476555 1332215022194 758917428770
1518731016 3476556 1332215022194 758917428770
1518731026 3476556 1332215022194 758917428770
1518731036 3476556 1332215022194 758917428770
1518731046 3476558 1332215022194 758917428770
1518731056 3476558 1332215022194 758917428770
1518731067 3476559 1332215022194 758917428770
1518731077 3476559 1332215022194 758917428770
1518731087 3476559 1332215022194 758917428770
1518731097 3476559 1332215022194 758917428770
1518731107 3476559 1332215022194 758917428770
1518731117 3476560 1332215022194 758917428770
1518731127 3476560 1332215022194 758917428770
1518731138 3476563 1332215022194 758917428770
1518731148 3476564 1332215022194 758917428770
1518731158 3476565 1332215022194 758917428770
1518731168 3476567 1332215022194 758917428770
1518731178 3476568 1332215022194 758917428770
1518731189 3476569 1332215022194 758917428770
1518731199 3476569 1332215022194 758917428770
1518731209 3476571 1332215022194 758917428770
1518731219 3476571 1332215022194 758917428770
1518731229 3476571 1332215022194 758917428770
1518731239 3476571 1332215022194 758917428770
1518731250 3476571 1332215022194 758917428770
1518731260 3476572 1332215022194 758917428770
1518731270 3476572 1332215022194 758917428770
1518731281 3476572 1332215022194 758917428770
1518731291 3476575 1332215022194 758917428770
1518731301 3476575 1332215022194 758917428770
1518731311 3476575 1332215022194 758917428770
1518731321 3476575 1332215022194 758917428770
1518731332 3476575 1332215022194 758917428770
1518731342 3476576 1332215022194 758917428770
1518731352 3476576 1332215022194 758917428770
1518731362 3476579 1332215022194 758917428770
1518731372 3476579 1332215022194 758917428770
1518731383 3476579 1332215022194 758917428770
1518731393 3476579 1332215022194 758917428770
1518731403 3476579 1332215022194 758917428770
1518731413 3476579 1332215022194 758917428770
1518731423 3476579 1332215022194 758917428770
1518731434 3476583 1332215022194 758917428770
1518731444 3476583 1332215022194 758917428770
1518731454 3476583 1332215022194 758917428770
1518731464 3476583 1332215022194 758917428770
1518731474 3476583 1332215022194 758917428770
1518731484 3476583 1332215022194 758917428770
1518731495 3476583 1332215022194 758917428770
1518731505 3476583 1332215022194 758917428770
1518731515 3476587 1332215022194 758917428770
1518731525 3476587 1332215022194 758917428770
1518731535 3476587 1332215022194 758917428770
1518731545 3476587 1332215022194 758917428770
1518731556 3476587 1332215022194 758917428770
1518731566 3476587 1332215022194 758917428770
1518731576 3476587 1332215022194 758917428770
1518731586 3476591 1332215022194 758917428770
1518731596 3476591 1332215022194 758917428770
1518731607 3476591 1332215022194 758917428770
1518731617 3476591 1332215022194 758917428770
1518731627 3476591 1332215022194 758917428770
1518731637 3476591 1332215022194 758917428770
1518731647 3476591 1332215022194 758917428770
1518731658 3476595 1332215022194 758917428770
1518731668 3476595 1332215022194 758917428770
1518731678 3476595 1332215022194 758917428770
1518731688 3476595 1332215022194 758917428770
1518731698 3476595 1332215022194 758917428770
1518731709 3476595 1332215022194 758917428770
1518731719 3476595 1332215022194 758917428770
1518731729 3476595 1332215022194 758917428770
1518731739 3476599 1332215022194 758917428770
1518731750 3476599 1332215022194 758917428770
1518731760 3476599 1332215022194 758917428770
1518731770 3476599 1332215022194 758917428770
1518731780 3476599 1332215022194 758917428770
1518731790 3476599 1332215022194 758917428770
1518731801 3476599 1332215022194 758917428770
1518731811 3476603 1332215022194 758917428770
1518731821 3476603 1332215022194 758917428770
1518731831 3476603 1332215022194 758917428770
1518731841 3476603 1332215022194 758917428770
1518731852 3476603 1332215022194 758917428770
1518731862 3476603 1332215022194 758917428770
1518731872 3476603 1332215022194 758917428770
1518731882 3476603 1332215022194 758917428770
1518731892 3476607 1332215022194 758917428770
1518731903 3476607 1332215022194 758917428770
1518731913 3476607 1332215022194 758917428770
1518731923 3476607 1332215022194 758917428770
1518731933 3476607 1332215022194 758917428770
1518731943 3476607 1332215022194 758917428770
1518731953 3476607 1332215022194 758917428770
1518731964 3476611 1332215022194 758917428770
1518731974 3476611 1332215022194 758917428770
1518731984 3476611 1332215022194 758917428770
1518731994 3476611 1332215022194 758917428770
1518732004 3476611 1332215022194 758917428770
1518732015 3476611 1332215022194 758917428770
1518732025 3476611 1332215022194 758917428770
1518732035 3476615 1332215022194 758917428770
1518732045 3476615 1332215022194 758917428770
1518732055 3476615 1332215022194 758917428770
1518732065 3476615 1332215022194 758917428770
1518732075 3476615 1332215022194 758917428770
1518732086 3476615 1332215022194 758917428770
1518732096 3476615 1332215022194 758917428770
1518732106 3476615 1332215022194 758917428770
1518732116 3476619 1332215022194 758917428770
1518732126 3476619 1332215022194 758917428770
1518732136 3476619 1332215022194 758917428770
1518732147 3476619 1332215022194 758917428770
1518732157 3476619 1332215022194 758917428770
1518732167 3476620 1332215022194 758917428770
1518732177 3476620 1332215022194 758917428770
1518732187 3476623 1332215022194 758917428770
1518732197 3476623 1332215022194 758917428770
1518732208 3476623 1332215022194 758917428770
1518732218 3476623 1332215022194 758917428770
1518732228 3476623 1332215022194 758917428770
1518732238 3476623 1332215022194 758917428770
1518732248 3476623 1332215022194 758917428770
1518732258 3476627 1332215022194 758917428770
1518732269 3476627 1332215022194 758917428770
1518732279 3476627 1332215022194 758917428770
1518732289 3476627 1332215022194 758917428770
1518732299 3476627 1332215022194 758917428770
1518732309 3476627 1332215022194 758917428770
1518732319 3476627 1332215022194 758917428770
1518732330 3476627 1332215022194 758917428770
1518732340 3476631 1332215022194 758917428770
1518732350 3476631 1332215022194 758917428770
1518732360 3476631 1332215022194 758917428770
1518732370 3476631 1332215022194 758917428770
1518732381 3476631 1332215022194 758917428770
1518732391 3476631 1332215022194 758917428770
1518732401 3476631 1332215022194 758917428770
1518732411 3476635 1332215022194 758917428770
1518732421 3476635 1332215022194 758917428770
1518732431 3476635 1332215022194 758917428770
1518732442 3476635 1332215022194 758917428770
1518732452 3476635 1332215022194 758917428770
1518732462 3476635 1332215022194 758917428770
1518732472 3476635 1332215022194 758917428770
1518732482 3476635 1332215022194 758917428770
1518732492 3476639 1332215022194 758917428770
1518732502 3476639 1332215022194 758917428770
1518732513 3476639 1332215022194 758917428770
1518732523 3476639 1332215022194 758917428770
1518732533 3476639 1332215022194 758917428770
1518732543 3476639 1332215022194 758917428770
1518732553 3476639 1332215022194 758917428770
1518732563 3476643 1332215022194 758917428770
1518732573 3476643 1332215022194 758917428770
1518732584 3476643 1332215022194 758917428770
1518732594 3476644 1332215022194 758917428770
1518732604 3476644 1332215022194 758917428770
1518732614 3476644 1332215022194 758917428770
1518732624 3476644 1332215022194 758917428770
1518732634 3476647 1332215022194 758917428770
1518732645 3476647 1332215022194 758917428770
1518732655 3476647 1332215022194 758917428770
1518732665 3476647 1332215022194 758917428770
1518732675 3476647 1332215022194 758917428770
1518732685 3476647 1332215022194 758917428770
1518732695 3476647 1332215022194 758917428770
1518732705 3476647 1332215022194 758917428770
1518732716 3476651 1332215022194 758917428770
1518732727 3476651 1332215022194 758917428770
1518732737 3476651 1332215022194 758917428770
1518732747 3476651 1332215022194 758917428770
1518732757 3476651 1332215022194 758917428770
1518732767 3476651 1332215022194 758917428770
1518732777 3476651 1332215022194 758917428770
1518732788 3476655 1332215022194 758917428770
1518732798 3476655 1332215022194 758917428770
1518732808 3476655 1332215022194 758917428770
1518732818 3476655 1332215022194 758917428770
1518732828 3476655 1332215022194 758917428770
1518732838 3476655 1332215022194 758917428770
1518732849 3476655 1332215022194 758917428770
1518732860 3476659 1332215022194 758917428770
1518732870 3476659 1332215022194 758917428770
1518732880 3476659 1332215022194 758917428770
1518732890 3476659 1332215022194 758917428770
1518732900 3476659 1332215022194 758917428770
1518732910 3476659 1332215022194 758917428770
1518732920 3476659 1332215022194 758917428770
1518732931 3476660 1332215022194 758917428770
1518732941 3476663 1332215022194 758917428770
1518732951 3476663 1332215022194 758917428770
1518732961 3476663 1332215022194 758917428770
1518732971 3476663 1332215022194 758917428770
1518732982 3476663 1332215022194 758917428770
1518732992 3476663 1332215022194 758917428770
1518733002 3476663 1332215022194 758917428770
1518733012 3476667 1332215022194 758917428770
1518733022 3476667 1332215022194 758917428770
1518733032 3476667 1332215022194 758917428770
1518733042 3476667 1332215022194 758917428770
1518733053 3476667 1332215022194 758917428770
1518733063 3476667 1332215022194 758917428770
1518733073 3476667 1332215022194 758917428770
1518733083 3476667 1332215022194 758917428770
1518733093 3476671 1332215022194 758917428770
1518733103 3476671 1332215022194 758917428770
1518733113 3476671 1332215022194 758917428770
1518733124 3476671 1332215022194 758917428770
1518733134 3476671 1332215022194 758917428770
1518733144 3476672 1332215022194 758917428770
1518733154 3476672 1332215022194 758917428770
1518733164 3476675 1332215022194 758917428770
1518733174 3476675 1332215022194 758917428770
1518733185 3476675 1332215022194 758917428770
1518733195 3476675 1332215022194 758917428770
1518733205 3476675 1332215022194 758917428770
1518733215 3476675 1332215022194 758917428770
1518733225 3476675 1332215022194 758917428770
1518733235 3476679 1332215022194 758917428770
1518733245 3476679 1332215022194 758917428770
1518733256 3476679 1332215022194 758917428770
1518733266 3476679 1332215022194 758917428770
1518733276 3476679 1332215022194 758917428770
1518733286 3476679 1332215022194 758917428770
1518733296 3476679 1332215022194 758917428770
1518733306 3476679 1332215022194 758917428770
1518733316 3476683 1332215022194 758917428770
1518733327 3476683 1332215022194 758917428770
1518733337 3476683 1332215022194 758917428770
1518733347 3476683 1332215022194 758917428770
1518733357 3476683 1332215022194 758917428770
1518733367 3476683 1332215022194 758917428770
1518733377 3476683 1332215022194 758917428770
1518733388 3476687 1332215022194 758917428770
1518733398 3476687 1332215022194 758917428770
1518733408 3476687 1332215022194 758917428770
1518733418 3476687 1332215022194 758917428770
1518733428 3476687 1332215022194 758917428770
1518733438 3476687 1332215022194 758917428770
1518733448 3476687 1332215022194 758917428770
1518733459 3476691 1332215022194 758917428770
1518733469 3476691 1332215022194 758917428770
1518733479 3476691 1332215022194 758917428770
1518733489 3476691 1332215022194 758917428770
1518733499 3476691 1332215022194 758917428770
1518733509 3476691 1332215022194 758917428770
1518733519 3476691 1332215022194 758917428770
1518733530 3476691 1332215022194 758917428770
1518733540 3476695 1332215022194 758917428770
1518733550 3476695 1332215022194 758917428770
1518733560 3476695 1332215022194 758917428770
1518733570 3476695 1332215022194 758917428770
1518733580 3476695 1332215022194 758917428770
1518733590 3476695 1332215022194 758917428770
1518733601 3476695 1332215022194 758917428770
1518733611 3476699 1332215022194 758917428770
1518733621 3476699 1332215022194 758917428770
1518733631 3476699 1332215022194 758917428770
1518733641 3476699 1332215022194 758917428770
1518733651 3476699 1332215022194 758917428770
1518733662 3476699 1332215022194 758917428770
1518733672 3476699 1332215022194 758917428770
1518733682 3476699 1332215022194 758917428770
1518733692 3476703 1332215022194 758917428770
1518733703 3476703 1332215022194 758917428770
1518733713 3476703 1332215022194 758917428770
1518733723 3476703 1332215022194 758917428770
1518733733 3476703 1332215022194 758917428770
1518733743 3476703 1332215022194 758917428770
1518733754 3476703 1332215022194 758917428770
1518733764 3476707 1332215022194 758917428770
1518733774 3476707 1332215022194 758917428770
1518733784 3476707 1332215022194 758917428770
1518733795 3476707 1332215022194 758917428770
1518733805 3476707 1332215022194 758917428770
1518733815 3476707 1332215022194 758917428770
1518733825 3476707 1332215022194 758917428770
1518733835 3476711 1332215022194 758917428770
1518733845 3476711 1332215022194 758917428770
1518733855 3476711 1332215022194 758917428770
1518733866 3476711 1332215022194 758917428770
1518733876 3476711 1332215022194 758917428770
1518733886 3476711 1332215022194 758917428770
1518733896 3476711 1332215022194 758917428770
1518733906 3476711 1332215022194 758917428770
1518733916 3476713 1332215022194 758917428770
1518733927 3476713 1332215022194 758917428770
1518733937 3476713 1332215022194 758917428770
1518733947 3476713 1332215022194 758917428770
1518733957 3476713 1332215022194 758917428770
1518733967 3476713 1332215022194 758917428770
1518733977 3476713 1332215022194 758917428770
1518733988 3476717 1332215022194 758917428770
1518733998 3476717 1332215022194 758917428770
1518734008 3476717 1332215022194 758917428770
1518734018 3476717 1332215022194 758917428770
1518734028 3476717 1332215022194 758917428770
1518734038 3476717 1332215022194 758917428770
1518734048 3476717 1332215022194 758917428770
1518734059 3476721 1332215022194 758917428770
1518734069 3476721 1332215022194 758917428770
1518734079 3476721 1332215022194 758917428770
1518734089 3476721 1332215022194 758917428770
1518734099 3476721 1332215022194 758917428770
1518734109 3476721 1332215022194 758917428770
1518734120 3476721 1332215022194 758917428770
1518734130 3476721 1332215022194 758917428770
1518734140 3476725 1332215022194 758917428770
1518734150 3476725 1332215022194 758917428770
1518734160 3476725 1332215022194 758917428770
1518734170 3476725 1332215022194 758917428770
1518734181 3476725 1332215022194 758917428770
1518734191 3476725 1332215022194 758917428770
1518734201 3476725 1332215022194 758917428770
1518734211 3476729 1332215022194 758917428770
1518734221 3476729 1332215022194 758917428770
1518734231 3476729 1332215022194 758917428770
1518734241 3476729 1332215022194 758917428770
1518734252 3476729 1332215022194 758917428770
1518734262 3476729 1332215022194 758917428770
1518734272 3476729 1332215022194 758917428770
1518734282 3476729 1332215022194 758917428770
1518734292 3476733 1332215022194 758917428770
1518734302 3476733 1332215022194 758917428770
1518734313 3476733 1332215022194 758917428770
1518734323 3476733 1332215022194 758917428770
1518734333 3476733 1332215022194 758917428770
1518734343 3476733 1332215022194 758917428770
1518734353 3476733 1332215022194 758917428770
1518734363 3476737 1332215022194 758917428770
1518734374 3476737 1332215022194 758917428770
1518734384 3476737 1332215022194 758917428770
1518734394 3476737 1332215022194 758917428770
1518734404 3476737 1332215022194 758917428770
1518734414 3476737 1332215022194 758917428770
1518734424 3476737 1332215022194 758917428770
1518734435 3476741 1332215022194 758917428770
1518734445 3476741 1332215022194 758917428770
1518734455 3476741 1332215022194 758917428770
1518734465 3476741 1332215022194 758917428770
1518734475 3476741 1332215022194 758917428770
1518734485 3476741 1332215022194 758917428770
1518734496 3476741 1332215022194 758917428770
1518734506 3476741 1332215022194 758917428770
1518734517 3476745 1332215022194 758917428770
1518734528 3476745 1332215022194 758917428770
1518734539 3476745 1332215022194 758917428770
1518734549 3476745 1332215022194 758917428770
1518734561 3476745 1332215022194 758917428770
1518734571 3476745 1332215022194 758917428770
1518734582 3476745 1332215022194 758917428770
1518734592 3476749 1332215022194 758917428770
1518734604 3476749 1332215022194 758917428770
1518734614 3476749 1332215022194 758917428770
1518734624 3476749 1332215022194 758917428770
1518734634 3476749 1332215022194 758917428770
1518734644 3476749 1332215022194 758917428770
1518734655 3476749 1332215022194 758917428770
1518734665 3476753 1332215022194 758917428770
1518734675 3476753 1332215022194 758917428770
1518734685 3476753 1332215022194 758917428770
1518734696 3476753 1332215022194 758917428770
1518734706 3476753 1332215022194 758917428770
1518734716 3476753 1332215022194 758917428770
1518734726 3476753 1332215022194 758917428770
1518734738 3476757 1332215022194 758917428770
1518734748 3476757 1332215022194 758917428770
1518734758 3476758 1332215022194 758917428770
1518734769 3476758 1332215022194 758917428770
1518734780 3476758 1332215022194 758917428770
1518734790 3476758 1332215022194 758917428770
1518734800 3476758 1332215022194 758917428770
1518734810 3476761 1332215022194 758917428770
1518734823 3476761 1332215022194 758917428770
1518734833 3476761 1332215022194 758917428770
1518734843 3476761 1332215022194 758917428770
1518734853 3476761 1332215022194 758917428770
1518734864 3476761 1332215022194 758917428770
1518734874 3476761 1332215022194 758917428770
1518734886 3476765 1332215022194 758917428770
1518734896 3476766 1332215022194 758917428770
1518734906 3476766 1332215022194 758917428770
1518734916 3476766 1332215022194 758917428770
1518734928 3476766 1332215022194 758917428770
1518734939 3476766 1332215022194 758917428770
1518734950 3476766 1332215022194 758917428770
1518734960 3476769 1332215022194 758917428770
1518734970 3476769 1332215022194 758917428770
1518734980 3476769 1332215022194 758917428770
1518734992 3476769 1332215022194 758917428770
1518735002 3476769 1332215022194 758917428770
1518735012 3476769 1332215022194 758917428770
1518735022 3476769 1332215022194 758917428770
1518735032 3476769 1332215022194 758917428770
1518735042 3476774 1332215022194 758917428770
1518735053 3476774 1332215022194 758917428770
1518735063 3476775 1332215022194 758917428770
1518735073 3476775 1332215022194 758917428770
1518735084 3476775 1332215022194 758917428770
1518735094 3476775 1332215022194 758917428770
1518735104 3476775 1332215022194 758917428770
1518735115 3476778 1332215022194 758917428770
1518735125 3476778 1332215022194 758917428770
1518735135 3476778 1332215022194 758917428770
1518735145 3476778 1332215022194 758917428770
1518735155 3476778 1332215022194 758917428770
1518735166 3476778 1332215022194 758917428770
1518735176 3476778 1332215022194 758917428770
1518735186 3476782 1332215022194 758917428770
1518735196 3476782 1332215022194 758917428770
1518735206 3476782 1332215022194 758917428770
1518735216 3476782 1332215022194 758917428770
1518735228 3476782 1332215022194 758917428770
1518735238 3476782 1332215022194 758917428770
1518735248 3476782 1332215022194 758917428770
1518735259 3476786 1332215022194 758917428770
1518735269 3476786 1332215022194 758917428770
1518735281 3476786 1332215022194 758917428770
1518735291 3476786 1332215022194 758917428770
1518735301 3476786 1332215022194 758917428770
1518735312 3476786 1332215022194 758917428770
1518735324 3476786 1332215022194 758917428770
1518735334 3476790 1332215022194 758917428770
1518735344 3476790 1332215022194 758917428770
1518735356 3476790 1332215022194 758917428770
1518735368 3476790 1332215022194 758917428770
1518735378 3476790 1332215022194 758917428770
1518735389 3476790 1332215022194 758917428770
1518735400 3476790 1332215022194 758917428770
1518735410 3476794 1332215022194 758917428770
1518735421 3476794 1332215022194 758917428770
1518735431 3476794 1332215022194 758917428770
1518735441 3476794 1332215022194 758917428770
1518735453 3476794 1332215022194 758917428770
1518735463 3476794 1332215022194 758917428770
1518735473 3476794 1332215022194 758917428770
1518735483 3476794 1332215022194 758917428770
1518735495 3476798 1332215022194 758917428770
1518735505 3476798 1332215022194 758917428770
1518735515 3476798 1332215022194 758917428770
1518735526 3476798 1332215022194 758917428770
1518735536 3476798 1332215022194 758917428770
1518735546 3476798 1332215022194 758917428770
1518735556 3476798 1332215022194 758917428770
1518735566 3476802 1332215022194 758917428770
1518735576 3476802 1332215022194 758917428770
1518735587 3476802 1332215022194 758917428770
1518735597 3476802 1332215022194 758917428770
1518735607 3476802 1332215022194 758917428770
1518735618 3476802 1332215022194 758917428770
1518735628 3476802 1332215022194 758917428770
1518735638 3476806 1332215022194 758917428770
1518735649 3476806 1332215022194 758917428770
1518735659 3476806 1332215022194 758917428770
1518735670 3476806 1332215022194 758917428770
1518735682 3476806 1332215022194 758917428770
1518735693 3476806 1332215022194 758917428770
1518735703 3476806 1332215022194 758917428770
1518735713 3476810 1332215022194 758917428770
1518735723 3476810 1332215022194 758917428770
1518735733 3476810 1332215022194 758917428770
1518735744 3476810 1332215022194 758917428770
1518735754 3476810 1332215022194 758917428770
1518735764 3476810 1332215022194 758917428770
1518735774 3476810 1332215022194 758917428770
1518735784 3476814 1332215022194 758917428770
1518735795 3476814 1332215022194 758917428770
1518735805 3476814 1332215022194 758917428770
1518735815 3476814 1332215022194 758917428770
1518735826 3476814 1332215022194 758917428770
1518735836 3476814 1332215022194 758917428770
1518735846 3476814 1332215022194 758917428770
1518735856 3476814 1332215022194 758917428770
1518735867 3476818 1332215022194 758917428770
1518735878 3476818 1332215022194 758917428770
1518735889 3476818 1332215022194 758917428770
1518735899 3476818 1332215022194 758917428770
1518735911 3476818 1332215022194 758917428770
1518735921 3476818 1332215022194 758917428770
1518735931 3476818 1332215022194 758917428770
1518735941 3476822 1332215022194 758917428770
1518735951 3476822 1332215022194 758917428770
1518735961 3476822 1332215022194 758917428770
1518735971 3476822 1332215022194 758917428770
1518735982 3476822 1332215022194 758917428770
1518735995 3476822 1332215022194 758917428770
1518736005 3476822 1332215022194 758917428770
1518736015 3476826 1332215022194 758917428770
1518736027 3476826 1332215022194 758917428770
1518736037 3476826 1332215022194 758917428770
1518736047 3476826 1332215022194 758917428770
1518736057 3476826 1332215022194 758917428770
1518736069 3476826 1332215022194 758917428770
1518736079 3476826 1332215022194 758917428770
1518736089 3476830 1332215022194 758917428770
1518736100 3476830 1332215022194 758917428770
1518736110 3476830 1332215022194 758917428770
1518736120 3476830 1332215022194 758917428770
1518736130 3476830 1332215022194 758917428770
1518736142 3476830 1332215022194 758917428770
1518736152 3476830 1332215022194 758917428770
1518736163 3476834 1332215022194 758917428770
1518736173 3476834 1332215022194 758917428770
1518736183 3476834 1332215022194 758917428770
1518736195 3476834 1332215022194 758917428770
1518736206 3476834 1332215022194 758917428770
1518736216 3476834 1332215022194 758917428770
1518736226 3476834 1332215022194 758917428770
1518736236 3476838 1332215022194 758917428770
1518736246 3476838 1332215022194 758917428770
1518736256 3476838 1332215022194 758917428770
1518736267 3476838 1332215022194 758917428770
1518736277 3476838 1332215022194 758917428770
1518736287 3476838 1332215022194 758917428770
1518736297 3476838 1332215022194 758917428770
1518736307 3476838 1332215022194 758917428770
1518736317 3476842 1332215022194 758917428770
1518736328 3476842 1332215022194 758917428770
1518736338 3476842 1332215022194 758917428770
1518736348 3476842 1332215022194 758917428770
1518736358 3476842 1332215022194 758917428770
1518736369 3476842 1332215022194 758917428770
1518736379 3476842 1332215022194 758917428770
1518736390 3476846 1332215022194 758917428770
1518736400 3476846 1332215022194 758917428770
1518736410 3476846 1332215022194 758917428770
1518736421 3476846 1332215022194 758917428770
1518736431 3476846 1332215022194 758917428770
1518736441 3476846 1332215022194 758917428770
1518736451 3476846 1332215022194 758917428770
1518736461 3476850 1332215022194 758917428770
1518736471 3476850 1332215022194 758917428770
1518736481 3476850 1332215022194 758917428770
1518736492 3476850 1332215022194 758917428770
1518736502 3476850 1332215022194 758917428770
1518736512 3476850 1332215022194 758917428770
1518736522 3476850 1332215022194 758917428770
1518736532 3476850 1332215022194 758917428770
1518736543 3476854 1332215022194 758917428770
1518736553 3476854 1332215022194 758917428770
1518736563 3476854 1332215022194 758917428770
1518736574 3476854 1332215022194 758917428770
1518736584 3476854 1332215022194 758917428770
1518736594 3476854 1332215022194 758917428770
1518736604 3476854 1332215022194 758917428770
1518736615 3476858 1332215022194 758917428770
1518736625 3476858 1332215022194 758917428770
1518736636 3476858 1332215022194 758917428770
1518736646 3476858 1332215022194 758917428770
1518736656 3476858 1332215022194 758917428770
1518736666 3476858 1332215022194 758917428770
1518736677 3476858 1332215022194 758917428770
1518736687 3476862 1332215022194 758917428770
1518736697 3476862 1332215022194 758917428770
1518736707 3476862 1332215022194 758917428770
1518736717 3476862 1332215022194 758917428770
1518736727 3476862 1332215022194 758917428770
1518736737 3476862 1332215022194 758917428770
1518736748 3476862 1332215022194 758917428770
1518736758 3476862 1332215022194 758917428770
1518736768 3476866 1332215022194 758917428770
1518736779 3476866 1332215022194 758917428770
1518736789 3476866 1332215022194 758917428770
1518736799 3476866 1332215022194 758917428770
1518736809 3476866 1332215022194 758917428770
1518736819 3476866 1332215022194 758917428770
1518736829 3476866 1332215022194 758917428770
1518736839 3476870 1332215022194 758917428770
1518736850 3476870 1332215022194 758917428770
1518736860 3476870 1332215022194 758917428770
1518736870 3476870 1332215022194 758917428770
1518736881 3476870 1332215022194 758917428770
1518736891 3476870 1332215022194 758917428770
1518736901 3476870 1332215022194 758917428770
1518736911 3476874 1332215022194 758917428770
1518736921 3476874 1332215022194 758917428770
1518736932 3476874 1332215022194 758917428770
1518736942 3476874 1332215022194 758917428770
1518736952 3476874 1332215022194 758917428770
1518736962 3476874 1332215022194 758917428770
1518736972 3476874 1332215022194 758917428770
1518736982 3476874 1332215022194 758917428770
1518736992 3476878 1332215022194 758917428770
1518737003 3476878 1332215022194 758917428770
1518737013 3476878 1332215022194 758917428770
1518737023 3476878 1332215022194 758917428770
1518737033 3476878 1332215022194 758917428770
1518737043 3476878 1332215022194 758917428770
1518737053 3476878 1332215022194 758917428770
1518737063 3476882 1332215022194 758917428770
1518737074 3476882 1332215022194 758917428770
1518737084 3476882 1332215022194 758917428770
1518737094 3476882 1332215022194 758917428770
1518737104 3476882 1332215022194 758917428770
1518737114 3476882 1332215022194 758917428770
1518737124 3476882 1332215022194 758917428770
1518737134 3476886 1332215022194 758917428770
1518737145 3476886 1332215022194 758917428770
1518737155 3476886 1332215022194 758917428770
1518737165 3476886 1332215022194 758917428770
1518737175 3476886 1332215022194 758917428770
1518737185 3476886 1332215022194 758917428770
1518737195 3476886 1332215022194 758917428770
1518737206 3476886 1332215022194 758917428770
1518737216 3476890 1332215022194 758917428770
1518737226 3476890 1332215022194 758917428770
1518737236 3476890 1332215022194 758917428770
1518737246 3476890 1332215022194 758917428770
1518737256 3476890 1332215022194 758917428770
1518737266 3476890 1332215022194 758917428770
1518737277 3476890 1332215022194 758917428770
1518737287 3476894 1332215022194 758917428770
1518737297 3476894 1332215022194 758917428770
1518737307 3476894 1332215022194 758917428770
1518737317 3476894 1332215022194 758917428770
1518737327 3476894 1332215022194 758917428770
1518737337 3476894 1332215022194 758917428770
1518737348 3476894 1332215022194 758917428770
1518737358 3476894 1332215022194 758917428770
1518737368 3476898 1332215022194 758917428770
1518737378 3476898 1332215022194 758917428770
1518737388 3476898 1332215022194 758917428770
1518737398 3476898 1332215022194 758917428770
1518737409 3476898 1332215022194 758917428770
1518737419 3476898 1332215022194 758917428770
1518737429 3476898 1332215022194 758917428770
1518737439 3476902 1332215022194 758917428770
1518737449 3476902 1332215022194 758917428770
1518737459 3476902 1332215022194 758917428770
1518737469 3476902 1332215022194 758917428770
1518737480 3476902 1332215022194 758917428770
1518737490 3476902 1332215022194 758917428770
1518737500 3476902 1332215022194 758917428770
1518737510 3476906 1332215022194 758917428770
1518737520 3476906 1332215022194 758917428770
1518737530 3476906 1332215022194 758917428770
1518737540 3476906 1332215022194 758917428770
1518737551 3476906 1332215022194 758917428770
1518737561 3476906 1332215022194 758917428770
1518737571 3476906 1332215022194 758917428770
1518737581 3476906 1332215022194 758917428770
1518737591 3476910 1332215022194 758917428770
1518737601 3476910 1332215022194 758917428770
1518737612 3476910 1332215022194 758917428770
1518737622 3476910 1332215022194 758917428770
1518737632 3476910 1332215022194 758917428770
1518737642 3476910 1332215022194 758917428770
1518737652 3476910 1332215022194 758917428770
1518737662 3476914 1332215022194 758917428770
1518737672 3476914 1332215022194 758917428770
1518737683 3476914 1332215022194 758917428770
1518737693 3476914 1332215022194 758917428770
1518737703 3476914 1332215022194 758917428770
1518737713 3476914 1332215022194 758917428770
1518737723 3476914 1332215022194 758917428770
1518737733 3476914 1332215022194 758917428770
1518737744 3476918 1332215022194 758917428770
1518737754 3476918 1332215022194 758917428770
1518737764 3476918 1332215022194 758917428770
1518737774 3476918 1332215022194 758917428770
1518737784 3476918 1332215022194 758917428770
1518737794 3476918 1332215022194 758917428770
1518737804 3476918 1332215022194 758917428770
1518737815 3476922 1332215022194 758917428770
1518737825 3476922 1332215022194 758917428770
1518737835 3476922 1332215022194 758917428770
1518737845 3476922 1332215022194 758917428770
1518737855 3476922 1332215022194 758917428770
1518737865 3476922 1332215022194 758917428770
1518737876 3476922 1332215022194 758917428770
1518737886 3476926 1332215022194 758917428770
1518737896 3476926 1332215022194 758917428770
1518737906 3476926 1332215022194 758917428770
1518737916 3476926 1332215022194 758917428770
1518737926 3476926 1332215022194 758917428770
1518737936 3476926 1332215022194 758917428770
1518737947 3476926 1332215022194 758917428770
1518737957 3476926 1332215022194 758917428770
1518737967 3476930 1332215022194 758917428770
1518737977 3476930 1332215022194 758917428770
1518737987 3476930 1332215022194 758917428770
1518737997 3476930 1332215022194 758917428770
1518738007 3476930 1332215022194 758917428770
1518738018 3476930 1332215022194 758917428770
1518738028 3476930 1332215022194 758917428770
1518738038 3476934 1332215022194 758917428770
1518738048 3476934 1332215022194 758917428770
1518738058 3476934 1332215022194 758917428770
1518738068 3476934 1332215022194 758917428770
1518738079 3476934 1332215022194 758917428770
1518738089 3476934 1332215022194 758917428770
1518738099 3476934 1332215022194 758917428770
1518738109 3476938 1332215022194 758917428770
1518738119 3476938 1332215022194 758917428770
1518738129 3476938 1332215022194 758917428770
1518738139 3476938 1332215022194 758917428770
1518738150 3476938 1332215022194 758917428770
1518738160 3476938 1332215022194 758917428770
1518738170 3476938 1332215022194 758917428770
1518738180 3476938 1332215022194 758917428770
1518738190 3476942 1332215022194 758917428770
1518738200 3476942 1332215022194 758917428770
1518738211 3476942 1332215022194 758917428770
1518738221 3476942 1332215022194 758917428770
1518738231 3476942 1332215022194 758917428770
1518738241 3476942 1332215022194 758917428770
1518738251 3476942 1332215022194 758917428770
1518738261 3476946 1332215022194 758917428770
1518738271 3476946 1332215022194 758917428770
1518738282 3476946 1332215022194 758917428770
1518738292 3476946 1332215022194 758917428770
1518738302 3476946 1332215022194 758917428770
1518738312 3476946 1332215022194 758917428770
1518738322 3476946 1332215022194 758917428770
1518738332 3476946 1332215022194 758917428770
1518738342 3476950 1332215022194 758917428770
1518738353 3476950 1332215022194 758917428770
1518738363 3476950 1332215022194 758917428770
1518738373 3476950 1332215022194 758917428770
1518738383 3476950 1332215022194 758917428770
1518738393 3476950 1332215022194 758917428770
1518738403 3476950 1332215022194 758917428770
1518738414 3476954 1332215022194 758917428770
1518738424 3476954 1332215022194 758917428770
1518738434 3476954 1332215022194 758917428770
1518738444 3476954 1332215022194 758917428770
1518738454 3476954 1332215022194 758917428770
1518738464 3476954 1332215022194 758917428770
1518738474 3476954 1332215022194 758917428770
1518738485 3476958 1332215022194 758917428770
1518738495 3476958 1332215022194 758917428770
1518738505 3476958 1332215022194 758917428770
1518738515 3476958 1332215022194 758917428770
1518738525 3476958 1332215022194 758917428770
1518738535 3476958 1332215022194 758917428770
1518738545 3476958 1332215022194 758917428770
1518738556 3476958 1332215022194 758917428770
1518738566 3476962 1332215022194 758917428770
1518738576 3476962 1332215022194 758917428770
1518738586 3476962 1332215022194 758917428770
1518738596 3476962 1332215022194 758917428770
1518738606 3476962 1332215022194 758917428770
1518738616 3476962 1332215022194 758917428770
1518738627 3476962 1332215022194 758917428770
1518738637 3476966 1332215022194 758917428770
1518738647 3476966 1332215022194 758917428770
1518738657 3476966 1332215022194 758917428770
1518738667 3476966 1332215022194 758917428770
1518738677 3476966 1332215022194 758917428770
1518738688 3476966 1332215022194 758917428770
1518738698 3476966 1332215022194 758917428770
1518738708 3476966 1332215022194 758917428770
1518738718 3476970 1332215022194 758917428770
1518738729 3476970 1332215022194 758917428770
1518738739 3476970 1332215022194 758917428770
1518738749 3476970 1332215022194 758917428770
1518738759 3476970 1332215022194 758917428770
1518738769 3476970 1332215022194 758917428770
1518738779 3476970 1332215022194 758917428770
1518738789 3476974 1332215022194 758917428770
1518738800 3476974 1332215022194 758917428770
1518738810 3476974 1332215022194 758917428770
1518738820 3476974 1332215022194 758917428770
1518738830 3476974 1332215022194 758917428770
1518738840 3476974 1332215022194 758917428770
1518738850 3476974 1332215022194 758917428770
1518738861 3476978 1332215022194 758917428770
1518738871 3476978 1332215022194 758917428770
1518738881 3476978 1332215022194 758917428770
1518738891 3476978 1332215022194 758917428770
1518738901 3476978 1332215022194 758917428770
1518738911 3476978 1332215022194 758917428770
1518738922 3476978 1332215022194 758917428770
1518738932 3476978 1332215022194 758917428770
1518738942 3476982 1332215022194 758917428770
1518738952 3476982 1332215022194 758917428770
1518738962 3476982 1332215022194 758917428770
1518738972 3476982 1332215022194 758917428770
1518738982 3476982 1332215022194 758917428770
1518738993 3476982 1332215022194 758917428770
1518739003 3476982 1332215022194 758917428770
1518739013 3476986 1332215022194 758917428770
1518739023 3476986 1332215022194 758917428770
1518739033 3476986 1332215022194 758917428770
1518739043 3476986 1332215022194 758917428770
1518739053 3476986 1332215022194 758917428770
1518739064 3476986 1332215022194 758917428770
1518739074 3476986 1332215022194 758917428770
1518739084 3476990 1332215022194 758917428770
1518739094 3476990 1332215022194 758917428770
1518739104 3476990 1332215022194 758917428770
1518739114 3476990 1332215022194 758917428770
1518739125 3476990 1332215022194 758917428770
1518739135 3476990 1332215022194 758917428770
1518739145 3476990 1332215022194 758917428770
1518739155 3476990 1332215022194 758917428770
1518739165 3476994 1332215022194 758917428770
1518739175 3476994 1332215022194 758917428770
1518739185 3476994 1332215022194 758917428770
1518739196 3476994 1332215022194 758917428770
1518739206 3476994 1332215022194 758917428770
1518739216 3476994 1332215022194 758917428770
1518739226 3476994 1332215022194 758917428770
1518739236 3476998 1332215022194 758917428770
1518739246 3476998 1332215022194 758917428770
1518739257 3476998 1332215022194 758917428770
1518739267 3476998 1332215022194 758917428770
1518739277 3476998 1332215022194 758917428770
1518739287 3476998 1332215022194 758917428770
1518739297 3476998 1332215022194 758917428770
1518739307 3476998 1332215022194 758917428770
1518739317 3477002 1332215022194 758917428770
1518739328 3477002 1332215022194 758917428770
1518739338 3477002 1332215022194 758917428770
1518739348 3477002 1332215022194 758917428770
1518739358 3477002 1332215022194 758917428770
1518739368 3477002 1332215022194 758917428770
1518739378 3477002 1332215022194 758917428770
1518739388 3477006 1332215022194 758917428770
1518739399 3477006 1332215022194 758917428770
1518739409 3477006 1332215022194 758917428770
1518739419 3477006 1332215022194 758917428770
1518739429 3477006 1332215022194 758917428770
1518739439 3477006 1332215022194 758917428770
1518739449 3477006 1332215022194 758917428770
1518739460 3477010 1332215022194 758917428770
1518739470 3477010 1332215022194 758917428770
1518739480 3477010 1332215022194 758917428770
1518739490 3477010 1332215022194 758917428770
1518739500 3477010 1332215022194 758917428770
1518739510 3477010 1332215022194 758917428770
1518739520 3477010 1332215022194 758917428770
1518739531 3477010 1332215022194 758917428770
1518739541 3477014 1332215022194 758917428770
1518739551 3477014 1332215022194 758917428770
1518739561 3477014 1332215022194 758917428770
1518739571 3477014 1332215022194 758917428770
1518739581 3477014 1332215022194 758917428770
1518739592 3477014 1332215022194 758917428770
1518739602 3477014 1332215022194 758917428770
1518739612 3477018 1332215022194 758917428770
1518739622 3477018 1332215022194 758917428770
1518739632 3477018 1332215022194 758917428770
1518739642 3477018 1332215022194 758917428770
1518739652 3477018 1332215022194 758917428770
1518739663 3477018 1332215022194 758917428770
1518739673 3477018 1332215022194 758917428770
1518739683 3477018 1332215022194 758917428770
1518739693 3477022 1332215022194 758917428770
1518739703 3477022 1332215022194 758917428770
1518739713 3477022 1332215022194 758917428770
1518739724 3477022 1332215022194 758917428770
1518739734 3477022 1332215022194 758917428770
1518739744 3477022 1332215022194 758917428770
1518739754 3477022 1332215022194 758917428770
1518739764 3477026 1332215022194 758917428770
1518739774 3477026 1332215022194 758917428770
1518739784 3477026 1332215022194 758917428770
1518739795 3477026 1332215022194 758917428770
1518739805 3477026 1332215022194 758917428770
1518739815 3477026 1332215022194 758917428770
1518739825 3477026 1332215022194 758917428770
1518739835 3477030 1332215022194 758917428770
1518739845 3477030 1332215022194 758917428770
1518739855 3477030 1332215022194 758917428770
1518739866 3477030 1332215022194 758917428770
1518739876 3477030 1332215022194 758917428770
1518739886 3477030 1332215022194 758917428770
1518739896 3477030 1332215022194 758917428770
1518739906 3477030 1332215022194 758917428770
1518739916 3477034 1332215022194 758917428770
1518739927 3477034 1332215022194 758917428770
1518739937 3477034 1332215022194 758917428770
1518739947 3477034 1332215022194 758917428770
1518739957 3477034 1332215022194 758917428770
1518739967 3477034 1332215022194 758917428770
1518739977 3477034 1332215022194 758917428770
1518739987 3477038 1332215022194 758917428770
1518739998 3477038 1332215022194 758917428770
1518740008 3477038 1332215022194 758917428770
1518740018 3477038 1332215022194 758917428770
1518740028 3477038 1332215022194 758917428770
1518740038 3477038 1332215022194 758917428770
1518740048 3477038 1332215022194 758917428770
1518740059 3477038 1332215022194 758917428770
1518740069 3477042 1332215022194 758917428770
1518740079 3477042 1332215022194 758917428770
1518740089 3477042 1332215022194 758917428770
1518740100 3477042 1332215022194 758917428770
1518740110 3477042 1332215022194 758917428770
1518740120 3477042 1332215022194 758917428770
1518740130 3477042 1332215022194 758917428770
1518740140 3477046 1332215022194 758917428770
1518740150 3477046 1332215022194 758917428770
1518740161 3477046 1332215022194 758917428770
1518740171 3477046 1332215022194 758917428770
1518740181 3477046 1332215022194 758917428770
1518740191 3477046 1332215022194 758917428770
1518740201 3477046 1332215022194 758917428770
1518740211 3477050 1332215022194 758917428770
1518740221 3477050 1332215022194 758917428770
1518740232 3477050 1332215022194 758917428770
1518740242 3477050 1332215022194 758917428770
1518740252 3477050 1332215022194 758917428770
1518740262 3477050 1332215022194 758917428770
1518740272 3477050 1332215022194 758917428770
1518740282 3477050 1332215022194 758917428770
1518740293 3477054 1332215022194 758917428770
1518740303 3477054 1332215022194 758917428770
1518740313 3477054 1332215022194 758917428770
1518740323 3477054 1332215022194 758917428770
1518740333 3477054 1332215022194 758917428770
1518740343 3477054 1332215022194 758917428770
1518740353 3477054 1332215022194 758917428770
1518740364 3477058 1332215022194 758917428770
1518740374 3477058 1332215022194 758917428770
1518740384 3477058 1332215022194 758917428770
1518740394 3477058 1332215022194 758917428770
1518740404 3477058 1332215022194 758917428770
1518740414 3477058 1332215022194 758917428770
1518740425 3477058 1332215022194 758917428770
1518740435 3477062 1332215022194 758917428770
1518740445 3477062 1332215022194 758917428770
1518740455 3477062 1332215022194 758917428770
1518740465 3477062 1332215022194 758917428770
1518740475 3477062 1332215022194 758917428770
1518740485 3477062 1332215022194 758917428770
1518740496 3477062 1332215022194 758917428770
1518740506 3477062 1332215022194 758917428770
1518740516 3477066 1332215022194 758917428770
1518740526 3477066 1332215022194 758917428770
1518740536 3477066 1332215022194 758917428770
1518740547 3477066 1332215022194 758917428770
1518740557 3477066 1332215022194 758917428770
1518740567 3477066 1332215022194 758917428770
1518740577 3477066 1332215022194 758917428770
1518740587 3477070 1332215022194 758917428770
1518740597 3477070 1332215022194 758917428770
1518740608 3477070 1332215022194 758917428770
1518740618 3477070 1332215022194 758917428770
1518740628 3477070 1332215022194 758917428770
1518740638 3477070 1332215022194 758917428770
1518740648 3477070 1332215022194 758917428770
1518740658 3477070 1332215022194 758917428770
1518740668 3477074 1332215022194 758917428770
1518740679 3477074 1332215022194 758917428770
1518740689 3477074 1332215022194 758917428770
1518740699 3477074 1332215022194 758917428770
1518740709 3477074 1332215022194 758917428770
1518740719 3477074 1332215022194 758917428770
1518740729 3477074 1332215022194 758917428770
1518740742 3477078 1332215022194 758917428770
1518740752 3477078 1332215022194 758917428770
1518740762 3477078 1332215022194 758917428770
1518740772 3477078 1332215022194 758917428770
1518740782 3477078 1332215022194 758917428770
1518740793 3477078 1332215022194 758917428770
1518740803 3477078 1332215022194 758917428770
1518740813 3477082 1332215022194 758917428770
1518740823 3477082 1332215022194 758917428770
1518740833 3477082 1332215022194 758917428770
1518740843 3477082 1332215022194 758917428770
1518740854 3477082 1332215022194 758917428770
1518740864 3477082 1332215022194 758917428770
1518740874 3477082 1332215022194 758917428770
1518740884 3477086 1332215022194 758917428770
1518740894 3477086 1332215022194 758917428770
1518740904 3477086 1332215022194 758917428770
1518740914 3477086 1332215022194 758917428770
1518740925 3477086 1332215022194 758917428770
1518740935 3477086 1332215022194 758917428770
1518740945 3477086 1332215022194 758917428770
1518740955 3477086 1332215022194 758917428770
1518740965 3477090 1332215022194 758917428770
1518740975 3477090 1332215022194 758917428770
1518740986 3477090 1332215022194 758917428770
1518740996 3477090 1332215022194 758917428770
1518741006 3477090 1332215022194 758917428770
1518741016 3477090 1332215022194 758917428770
1518741026 3477090 1332215022194 758917428770
1518741036 3477094 1332215022194 758917428770
1518741046 3477094 1332215022194 758917428770
1518741057 3477094 1332215022194 758917428770
1518741067 3477094 1332215022194 758917428770
1518741077 3477094 1332215022194 758917428770
1518741087 3477094 1332215022194 758917428770
1518741097 3477094 1332215022194 758917428770
1518741107 3477094 1332215022194 758917428770
1518741118 3477098 1332215022194 758917428770
1518741128 3477098 1332215022194 758917428770
1518741138 3477098 1332215022194 758917428770
1518741148 3477098 1332215022194 758917428770
1518741158 3477098 1332215022194 758917428770
1518741168 3477098 1332215022194 758917428770
1518741178 3477098 1332215022194 758917428770
1518741189 3477102 1332215022194 758917428770
1518741199 3477102 1332215022194 758917428770
1518741209 3477102 1332215022194 758917428770
1518741219 3477102 1332215022194 758917428770
1518741229 3477102 1332215022194 758917428770
1518741239 3477102 1332215022194 758917428770
1518741250 3477102 1332215022194 758917428770
1518741260 3477106 1332215022194 758917428770
1518741270 3477106 1332215022194 758917428770
1518741280 3477106 1332215022194 758917428770
1518741290 3477106 1332215022194 758917428770
1518741300 3477106 1332215022194 758917428770
1518741310 3477106 1332215022194 758917428770
1518741321 3477106 1332215022194 758917428770
1518741331 3477106 1332215022194 758917428770
1518741341 3477110 1332215022194 758917428770
1518741351 3477110 1332215022194 758917428770
1518741361 3477110 1332215022194 758917428770
1518741371 3477110 1332215022194 758917428770
1518741382 3477110 1332215022194 758917428770
1518741392 3477110 1332215022194 758917428770
1518741402 3477110 1332215022194 758917428770
1518741412 3477114 1332215022194 758917428770
1518741422 3477114 1332215022194 758917428770
1518741432 3477114 1332215022194 758917428770
1518741442 3477114 1332215022194 758917428770
1518741453 3477114 1332215022194 758917428770
1518741463 3477114 1332215022194 758917428770
1518741473 3477114 1332215022194 758917428770
1518741483 3477114 1332215022194 758917428770
1518741493 3477118 1332215022194 758917428770
1518741503 3477118 1332215022194 758917428770
1518741514 3477118 1332215022194 758917428770
1518741524 3477118 1332215022194 758917428770
1518741534 3477118 1332215022194 758917428770
1518741544 3477118 1332215022194 758917428770
1518741554 3477118 1332215022194 758917428770
1518741564 3477122 1332215022194 758917428770
1518741575 3477122 1332215022194 758917428770
1518741585 3477122 1332215022194 758917428770
1518741595 3477122 1332215022194 758917428770
1518741605 3477122 1332215022194 758917428770
1518741615 3477122 1332215022194 758917428770
1518741625 3477122 1332215022194 758917428770
1518741636 3477126 1332215022194 758917428770
1518741646 3477126 1332215022194 758917428770
1518741656 3477126 1332215022194 758917428770
1518741666 3477126 1332215022194 758917428770
1518741676 3477126 1332215022194 758917428770
1518741686 3477126 1332215022194 758917428770
1518741697 3477126 1332215022194 758917428770
1518741707 3477126 1332215022194 758917428770
1518741717 3477130 1332215022194 758917428770
1518741727 3477130 1332215022194 758917428770
1518741738 3477130 1332215022194 758917428770
1518741748 3477130 1332215022194 758917428770
1518741758 3477130 1332215022194 758917428770
1518741768 3477130 1332215022194 758917428770
1518741778 3477130 1332215022194 758917428770
1518741788 3477134 1332215022194 758917428770
1518741798 3477134 1332215022194 758917428770
1518741809 3477134 1332215022194 758917428770
1518741819 3477134 1332215022194 758917428770
1518741829 3477134 1332215022194 758917428770
1518741839 3477134 1332215022194 758917428770
1518741849 3477134 1332215022194 758917428770
1518741859 3477138 1332215022194 758917428770
1518741870 3477138 1332215022194 758917428770
1518741880 3477138 1332215022194 758917428770
1518741890 3477138 1332215022194 758917428770
1518741900 3477138 1332215022194 758917428770
1518741910 3477138 1332215022194 758917428770
1518741920 3477138 1332215022194 758917428770
1518741931 3477138 1332215022194 758917428770
1518741941 3477142 1332215022194 758917428770
1518741951 3477142 1332215022194 758917428770
1518741961 3477142 1332215022194 758917428770
1518741971 3477142 1332215022194 758917428770
1518741981 3477142 1332215022194 758917428770
1518741991 3477142 1332215022194 758917428770
1518742002 3477142 1332215022194 758917428770
1518742012 3477146 1332215022194 758917428770
1518742022 3477146 1332215022194 758917428770
1518742032 3477146 1332215022194 758917428770
1518742042 3477146 1332215022194 758917428770
1518742052 3477146 1332215022194 758917428770
1518742063 3477146 1332215022194 758917428770
1518742073 3477146 1332215022194 758917428770
1518742083 3477146 1332215022194 758917428770
1518742093 3477150 1332215022194 758917428770
1518742103 3477150 1332215022194 758917428770
1518742113 3477150 1332215022194 758917428770
1518742123 3477150 1332215022194 758917428770
1518742134 3477150 1332215022194 758917428770
1518742144 3477150 1332215022194 758917428770
1518742154 3477150 1332215022194 758917428770
1518742164 3477154 1332215022194 758917428770
1518742174 3477154 1332215022194 758917428770
1518742184 3477154 1332215022194 758917428770
1518742195 3477154 1332215022194 758917428770
1518742205 3477154 1332215022194 758917428770
1518742215 3477154 1332215022194 758917428770
1518742225 3477154 1332215022194 758917428770
1518742235 3477158 1332215022194 758917428770
1518742245 3477158 1332215022194 758917428770
1518742256 3477158 1332215022194 758917428770
1518742266 3477158 1332215022194 758917428770
1518742276 3477158 1332215022194 758917428770
1518742286 3477158 1332215022194 758917428770
1518742296 3477158 1332215022194 758917428770
1518742306 3477158 1332215022194 758917428770
1518742316 3477162 1332215022194 758917428770
1518742327 3477162 1332215022194 758917428770
1518742337 3477162 1332215022194 758917428770
1518742347 3477162 1332215022194 758917428770
1518742357 3477162 1332215022194 758917428770
1518742367 3477162 1332215022194 758917428770
1518742377 3477162 1332215022194 758917428770
1518742388 3477166 1332215022194 758917428770
1518742398 3477166 1332215022194 758917428770
1518742408 3477166 1332215022194 758917428770
1518742418 3477166 1332215022194 758917428770
1518742428 3477166 1332215022194 758917428770
1518742438 3477166 1332215022194 758917428770
1518742448 3477166 1332215022194 758917428770
1518742459 3477166 1332215022194 758917428770
1518742469 3477170 1332215022194 758917428770
1518742479 3477170 1332215022194 758917428770
1518742489 3477170 1332215022194 758917428770
1518742499 3477170 1332215022194 758917428770
1518742509 3477170 1332215022194 758917428770
1518742520 3477170 1332215022194 758917428770
1518742530 3477170 1332215022194 758917428770
1518742540 3477174 1332215022194 758917428770
1518742550 3477174 1332215022194 758917428770
1518742560 3477174 1332215022194 758917428770
1518742570 3477174 1332215022194 758917428770
1518742580 3477174 1332215022194 758917428770
1518742591 3477174 1332215022194 758917428770
1518742601 3477174 1332215022194 758917428770
1518742611 3477178 1332215022194 758917428770
1518742621 3477178 1332215022194 758917428770
1518742631 3477178 1332215022194 758917428770
1518742641 3477178 1332215022194 758917428770
1518742652 3477178 1332215022194 758917428770
1518742662 3477178 1332215022194 758917428770
1518742672 3477178 1332215022194 758917428770
1518742682 3477178 1332215022194 758917428770
1518742692 3477182 1332215022194 758917428770
1518742702 3477182 1332215022194 758917428770
1518742712 3477182 1332215022194 758917428770
1518742723 3477182 1332215022194 758917428770
1518742733 3477182 1332215022194 758917428770
1518742743 3477182 1332215022194 758917428770
1518742753 3477182 1332215022194 758917428770
1518742763 3477186 1332215022194 758917428770
1518742773 3477186 1332215022194 758917428770
1518742784 3477186 1332215022194 758917428770
1518742794 3477186 1332215022194 758917428770
1518742804 3477186 1332215022194 758917428770
1518742814 3477186 1332215022194 758917428770
1518742825 3477186 1332215022194 758917428770
1518742835 3477190 1332215022194 758917428770
1518742845 3477190 1332215022194 758917428770
1518742855 3477190 1332215022194 758917428770
1518742865 3477190 1332215022194 758917428770
1518742875 3477190 1332215022194 758917428770
1518742886 3477190 1332215022194 758917428770
1518742896 3477190 1332215022194 758917428770
1518742906 3477190 1332215022194 758917428770
1518742916 3477194 1332215022194 758917428770
1518742926 3477194 1332215022194 758917428770
1518742936 3477194 1332215022194 758917428770
1518742947 3477194 1332215022194 758917428770
1518742957 3477194 1332215022194 758917428770
1518742967 3477194 1332215022194 758917428770
1518742977 3477194 1332215022194 758917428770
1518742987 3477198 1332215022194 758917428770
1518742997 3477198 1332215022194 758917428770
1518743007 3477198 1332215022194 758917428770
1518743018 3477198 1332215022194 758917428770
1518743028 3477198 1332215022194 758917428770
1518743038 3477198 1332215022194 758917428770
1518743048 3477198 1332215022194 758917428770
1518743058 3477198 1332215022194 758917428770
1518743068 3477202 1332215022194 758917428770
1518743079 3477202 1332215022194 758917428770
1518743089 3477202 1332215022194 758917428770
1518743099 3477202 1332215022194 758917428770
1518743109 3477202 1332215022194 758917428770
1518743119 3477202 1332215022194 758917428770
1518743129 3477202 1332215022194 758917428770
1518743139 3477206 1332215022194 758917428770
1518743150 3477206 1332215022194 758917428770
1518743160 3477206 1332215022194 758917428770
1518743170 3477206 1332215022194 758917428770
1518743180 3477206 1332215022194 758917428770
1518743190 3477206 1332215022194 758917428770
1518743200 3477206 1332215022194 758917428770
1518743211 3477210 1332215022194 758917428770
1518743221 3477210 1332215022194 758917428770
1518743231 3477210 1332215022194 758917428770
1518743241 3477210 1332215022194 758917428770
1518743251 3477210 1332215022194 758917428770
1518743261 3477210 1332215022194 758917428770
1518743271 3477210 1332215022194 758917428770
1518743282 3477210 1332215022194 758917428770
1518743292 3477214 1332215022194 758917428770
1518743302 3477214 1332215022194 758917428770
1518743312 3477214 1332215022194 758917428770
1518743322 3477214 1332215022194 758917428770
1518743332 3477214 1332215022194 758917428770
1518743343 3477214 1332215022194 758917428770
1518743353 3477214 1332215022194 758917428770
1518743363 3477218 1332215022194 758917428770
1518743373 3477218 1332215022194 758917428770
1518743383 3477218 1332215022194 758917428770
1518743393 3477218 1332215022194 758917428770
1518743404 3477218 1332215022194 758917428770
1518743414 3477218 1332215022194 758917428770
1518743424 3477218 1332215022194 758917428770
1518743434 3477222 1332215022194 758917428770
1518743444 3477222 1332215022194 758917428770
1518743454 3477222 1332215022194 758917428770
1518743464 3477222 1332215022194 758917428770
1518743475 3477222 1332215022194 758917428770
1518743485 3477222 1332215022194 758917428770
1518743495 3477222 1332215022194 758917428770
1518743505 3477222 1332215022194 758917428770
1518743515 3477226 1332215022194 758917428770
1518743525 3477226 1332215022194 758917428770
1518743536 3477226 1332215022194 758917428770
1518743546 3477226 1332215022194 758917428770
1518743556 3477226 1332215022194 758917428770
1518743566 3477226 1332215022194 758917428770
1518743576 3477226 1332215022194 758917428770
1518743586 3477230 1332215022194 758917428770
1518743597 3477230 1332215022194 758917428770
1518743607 3477230 1332215022194 758917428770
1518743617 3477230 1332215022194 758917428770
1518743627 3477230 1332215022194 758917428770
1518743637 3477230 1332215022194 758917428770
1518743648 3477230 1332215022194 758917428770
1518743658 3477230 1332215022194 758917428770
1518743668 3477234 1332215022194 758917428770
1518743678 3477234 1332215022194 758917428770
1518743688 3477234 1332215022194 758917428770
1518743698 3477234 1332215022194 758917428770
1518743709 3477234 1332215022194 758917428770
1518743719 3477234 1332215022194 758917428770
1518743729 3477234 1332215022194 758917428770
1518743739 3477238 1332215022194 758917428770
1518743749 3477238 1332215022194 758917428770
1518743759 3477238 1332215022194 758917428770
1518743769 3477238 1332215022194 758917428770
1518743780 3477238 1332215022194 758917428770
1518743790 3477238 1332215022194 758917428770
1518743800 3477238 1332215022194 758917428770
1518743810 3477242 1332215022194 758917428770
1518743820 3477242 1332215022194 758917428770
1518743830 3477242 1332215022194 758917428770
1518743841 3477242 1332215022194 758917428770
1518743851 3477242 1332215022194 758917428770
1518743861 3477242 1332215022194 758917428770
1518743871 3477242 1332215022194 758917428770
1518743881 3477242 1332215022194 758917428770
1518743891 3477246 1332215022194 758917428770
1518743902 3477246 1332215022194 758917428770
1518743912 3477246 1332215022194 758917428770
1518743922 3477246 1332215022194 758917428770
1518743932 3477246 1332215022194 758917428770
1518743942 3477246 1332215022194 758917428770
1518743952 3477246 1332215022194 758917428770
1518743963 3477250 1332215022194 758917428770
1518743973 3477250 1332215022194 758917428770
1518743983 3477250 1332215022194 758917428770
1518743993 3477250 1332215022194 758917428770
1518744003 3477250 1332215022194 758917428770
1518744013 3477250 1332215022194 758917428770
1518744024 3477250 1332215022194 758917428770
1518744034 3477254 1332215022194 758917428770
1518744044 3477254 1332215022194 758917428770
1518744054 3477254 1332215022194 758917428770
1518744064 3477254 1332215022194 758917428770
1518744074 3477254 1332215022194 758917428770
1518744085 3477254 1332215022194 758917428770
1518744095 3477254 1332215022194 758917428770
1518744105 3477254 1332215022194 758917428770
1518744115 3477258 1332215022194 758917428770
1518744126 3477258 1332215022194 758917428770
1518744136 3477258 1332215022194 758917428770
1518744146 3477258 1332215022194 758917428770
1518744156 3477258 1332215022194 758917428770
1518744166 3477258 1332215022194 758917428770
1518744177 3477258 1332215022194 758917428770
1518744187 3477262 1332215022194 758917428770
1518744197 3477262 1332215022194 758917428770
1518744207 3477262 1332215022194 758917428770
1518744217 3477262 1332215022194 758917428770
1518744228 3477262 1332215022194 758917428770
1518744238 3477262 1332215022194 758917428770
1518744248 3477262 1332215022194 758917428770
1518744258 3477262 1332215022194 758917428770
1518744269 3477266 1332215022194 758917428770
1518744279 3477266 1332215022194 758917428770
1518744289 3477266 1332215022194 758917428770
1518744299 3477266 1332215022194 758917428770
1518744309 3477266 1332215022194 758917428770
1518744319 3477266 1332215022194 758917428770
1518744330 3477266 1332215022194 758917428770
1518744340 3477270 1332215022194 758917428770
1518744350 3477270 1332215022194 758917428770
1518744360 3477270 1332215022194 758917428770
1518744371 3477270 1332215022194 758917428770
1518744381 3477270 1332215022194 758917428770
1518744391 3477270 1332215022194 758917428770
1518744401 3477270 1332215022194 758917428770
1518744412 3477274 1332215022194 758917428770
1518744422 3477274 1332215022194 758917428770
1518744432 3477274 1332215022194 758917428770
1518744442 3477274 1332215022194 758917428770
1518744452 3477274 1332215022194 758917428770
1518744462 3477274 1332215022194 758917428770
1518744473 3477274 1332215022194 758917428770
1518744483 3477274 1332215022194 758917428770
1518744493 3477278 1332215022194 758917428770
1518744503 3477278 1332215022194 758917428770
1518744513 3477278 1332215022194 758917428770
1518744523 3477278 1332215022194 758917428770
1518744533 3477278 1332215022194 758917428770
1518744544 3477278 1332215022194 758917428770
1518744554 3477278 1332215022194 758917428770
1518744564 3477282 1332215022194 758917428770
1518744574 3477282 1332215022194 758917428770
1518744584 3477282 1332215022194 758917428770
1518744594 3477282 1332215022194 758917428770
1518744605 3477282 1332215022194 758917428770
1518744615 3477282 1332215022194 758917428770
1518744625 3477282 1332215022194 758917428770
1518744635 3477286 1332215022194 758917428770
1518744645 3477286 1332215022194 758917428770
1518744655 3477286 1332215022194 758917428770
1518744665 3477286 1332215022194 758917428770
1518744676 3477286 1332215022194 758917428770
1518744686 3477286 1332215022194 758917428770
1518744696 3477286 1332215022194 758917428770
1518744706 3477286 1332215022194 758917428770
1518744716 3477290 1332215022194 758917428770
1518744726 3477290 1332215022194 758917428770
1518744737 3477290 1332215022194 758917428770
1518744747 3477290 1332215022194 758917428770
1518744757 3477290 1332215022194 758917428770
1518744767 3477290 1332215022194 758917428770
1518744777 3477290 1332215022194 758917428770
1518744787 3477294 1332215022194 758917428770
1518744797 3477294 1332215022194 758917428770
1518744808 3477294 1332215022194 758917428770
1518744818 3477294 1332215022194 758917428770
1518744828 3477294 1332215022194 758917428770
1518744838 3477294 1332215022194 758917428770
1518744848 3477294 1332215022194 758917428770
1518744858 3477294 1332215022194 758917428770
1518744869 3477298 1332215022194 758917428770
1518744879 3477298 1332215022194 758917428770
1518744889 3477298 1332215022194 758917428770
1518744899 3477298 1332215022194 758917428770
1518744909 3477298 1332215022194 758917428770
1518744919 3477298 1332215022194 758917428770
1518744930 3477298 1332215022194 758917428770
1518744940 3477302 1332215022194 758917428770
1518744950 3477302 1332215022194 758917428770
1518744960 3477302 1332215022194 758917428770
1518744970 3477302 1332215022194 758917428770
1518744980 3477302 1332215022194 758917428770
1518744990 3477302 1332215022194 758917428770
1518745001 3477302 1332215022194 758917428770
1518745011 3477306 1332215022194 758917428770
1518745021 3477306 1332215022194 758917428770
1518745031 3477306 1332215022194 758917428770
1518745042 3477306 1332215022194 758917428770
1518745052 3477306 1332215022194 758917428770
1518745062 3477306 1332215022194 758917428770
1518745072 3477306 1332215022194 758917428770
1518745082 3477306 1332215022194 758917428770
1518745092 3477310 1332215022194 758917428770
1518745102 3477310 1332215022194 758917428770
1518745113 3477310 1332215022194 758917428770
1518745123 3477310 1332215022194 758917428770
1518745133 3477310 1332215022194 758917428770
1518745143 3477310 1332215022194 758917428770
1518745153 3477310 1332215022194 758917428770
1518745163 3477314 1332215022194 758917428770
1518745174 3477314 1332215022194 758917428770
1518745184 3477314 1332215022194 758917428770
1518745194 3477314 1332215022194 758917428770
1518745204 3477314 1332215022194 758917428770
1518745214 3477314 1332215022194 758917428770
1518745224 3477314 1332215022194 758917428770
1518745235 3477318 1332215022194 758917428770
1518745245 3477318 1332215022194 758917428770
1518745255 3477318 1332215022194 758917428770
1518745265 3477318 1332215022194 758917428770
1518745275 3477318 1332215022194 758917428770
1518745285 3477318 1332215022194 758917428770
1518745295 3477318 1332215022194 758917428770
1518745306 3477318 1332215022194 758917428770
1518745316 3477322 1332215022194 758917428770
1518745326 3477322 1332215022194 758917428770
1518745336 3477322 1332215022194 758917428770
1518745346 3477322 1332215022194 758917428770
1518745356 3477322 1332215022194 758917428770
1518745367 3477322 1332215022194 758917428770
1518745377 3477322 1332215022194 758917428770
1518745387 3477326 1332215022194 758917428770
1518745397 3477326 1332215022194 758917428770
1518745407 3477326 1332215022194 758917428770
1518745417 3477326 1332215022194 758917428770
1518745428 3477326 1332215022194 758917428770
1518745438 3477326 1332215022194 758917428770
1518745448 3477326 1332215022194 758917428770
1518745458 3477326 1332215022194 758917428770
1518745468 3477330 1332215022194 758917428770
1518745478 3477330 1332215022194 758917428770
1518745488 3477330 1332215022194 758917428770
1518745499 3477330 1332215022194 758917428770
1518745509 3477330 1332215022194 758917428770
1518745519 3477330 1332215022194 758917428770
1518745529 3477330 1332215022194 758917428770
1518745539 3477334 1332215022194 758917428770
1518745549 3477334 1332215022194 758917428770
1518745560 3477334 1332215022194 758917428770
1518745570 3477334 1332215022194 758917428770
1518745580 3477334 1332215022194 758917428770
1518745590 3477334 1332215022194 758917428770
1518745600 3477334 1332215022194 758917428770
1518745610 3477338 1332215022194 758917428770
1518745621 3477338 1332215022194 758917428770
1518745631 3477338 1332215022194 758917428770
1518745641 3477338 1332215022194 758917428770
1518745651 3477338 1332215022194 758917428770
1518745661 3477338 1332215022194 758917428770
1518745671 3477338 1332215022194 758917428770
1518745681 3477338 1332215022194 758917428770
1518745692 3477342 1332215022194 758917428770
1518745702 3477342 1332215022194 758917428770
1518745712 3477342 1332215022194 758917428770
1518745722 3477342 1332215022194 758917428770
1518745732 3477342 1332215022194 758917428770
1518745742 3477342 1332215022194 758917428770
1518745753 3477342 1332215022194 758917428770
1518745763 3477346 1332215022194 758917428770
1518745773 3477346 1332215022194 758917428770
1518745783 3477346 1332215022194 758917428770
1518745793 3477346 1332215022194 758917428770
1518745803 3477346 1332215022194 758917428770
1518745814 3477346 1332215022194 758917428770
1518745824 3477346 1332215022194 758917428770
1518745834 3477350 1332215022194 758917428770
1518745844 3477350 1332215022194 758917428770
1518745854 3477350 1332215022194 758917428770
1518745864 3477350 1332215022194 758917428770
1518745874 3477350 1332215022194 758917428770
1518745885 3477350 1332215022194 758917428770
1518745895 3477350 1332215022194 758917428770
1518745905 3477350 1332215022194 758917428770
1518745915 3477354 1332215022194 758917428770
1518745925 3477354 1332215022194 758917428770
1518745935 3477354 1332215022194 758917428770
1518745946 3477354 1332215022194 758917428770
1518745956 3477354 1332215022194 758917428770
1518745966 3477354 1332215022194 758917428770
1518745976 3477354 1332215022194 758917428770
1518745986 3477358 1332215022194 758917428770
1518745996 3477358 1332215022194 758917428770
1518746007 3477358 1332215022194 758917428770
1518746017 3477358 1332215022194 758917428770
1518746027 3477358 1332215022194 758917428770
1518746037 3477358 1332215022194 758917428770
1518746047 3477358 1332215022194 758917428770
1518746057 3477358 1332215022194 758917428770
1518746067 3477362 1332215022194 758917428770
1518746078 3477362 1332215022194 758917428770
1518746088 3477362 1332215022194 758917428770
1518746098 3477362 1332215022194 758917428770
1518746108 3477362 1332215022194 758917428770
1518746118 3477362 1332215022194 758917428770
1518746128 3477362 1332215022194 758917428770
1518746139 3477366 1332215022194 758917428770
1518746149 3477366 1332215022194 758917428770
1518746159 3477366 1332215022194 758917428770
1518746169 3477366 1332215022194 758917428770
1518746179 3477366 1332215022194 758917428770
1518746189 3477366 1332215022194 758917428770
1518746199 3477366 1332215022194 758917428770
1518746210 3477370 1332215022194 758917428770
1518746220 3477370 1332215022194 758917428770
1518746230 3477370 1332215022194 758917428770
1518746240 3477370 1332215022194 758917428770
1518746250 3477370 1332215022194 758917428770
1518746260 3477370 1332215022194 758917428770
1518746271 3477370 1332215022194 758917428770
1518746281 3477370 1332215022194 758917428770
1518746291 3477374 1332215022194 758917428770
1518746301 3477374 1332215022194 758917428770
1518746311 3477374 1332215022194 758917428770
1518746321 3477374 1332215022194 758917428770
1518746332 3477374 1332215022194 758917428770
1518746342 3477374 1332215022194 758917428770
1518746352 3477374 1332215022194 758917428770
1518746362 3477378 1332215022194 758917428770
1518746372 3477378 1332215022194 758917428770
1518746382 3477378 1332215022194 758917428770
1518746393 3477378 1332215022194 758917428770
1518746403 3477378 1332215022194 758917428770
1518746413 3477378 1332215022194 758917428770
1518746423 3477378 1332215022194 758917428770
1518746433 3477378 1332215022194 758917428770
1518746443 3477382 1332215022194 758917428770
1518746454 3477382 1332215022194 758917428770
1518746464 3477382 1332215022194 758917428770
1518746474 3477382 1332215022194 758917428770
1518746484 3477382 1332215022194 758917428770
1518746494 3477382 1332215022194 758917428770
1518746504 3477382 1332215022194 758917428770
1518746515 3477386 1332215022194 758917428770
1518746525 3477386 1332215022194 758917428770
1518746535 3477386 1332215022194 758917428770
1518746545 3477386 1332215022194 758917428770
1518746555 3477386 1332215022194 758917428770
1518746565 3477386 1332215022194 758917428770
1518746576 3477386 1332215022194 758917428770
1518746586 3477390 1332215022194 758917428770
1518746596 3477390 1332215022194 758917428770
1518746606 3477390 1332215022194 758917428770
1518746616 3477390 1332215022194 758917428770
1518746626 3477390 1332215022194 758917428770
1518746636 3477390 1332215022194 758917428770
1518746647 3477390 1332215022194 758917428770
1518746657 3477390 1332215022194 758917428770
1518746667 3477394 1332215022194 758917428770
1518746677 3477394 1332215022194 758917428770
1518746687 3477394 1332215022194 758917428770
1518746697 3477394 1332215022194 758917428770
1518746708 3477394 1332215022194 758917428770
1518746718 3477394 1332215022194 758917428770
1518746728 3477394 1332215022194 758917428770
1518746738 3477398 1332215022194 758917428770
1518746748 3477398 1332215022194 758917428770
1518746758 3477398 1332215022194 758917428770
1518746768 3477398 1332215022194 758917428770
1518746779 3477398 1332215022194 758917428770
1518746789 3477398 1332215022194 758917428770
1518746799 3477398 1332215022194 758917428770
1518746809 3477402 1332215022194 758917428770
1518746819 3477402 1332215022194 758917428770
1518746829 3477402 1332215022194 758917428770
1518746840 3477402 1332215022194 758917428770
1518746850 3477402 1332215022194 758917428770
1518746860 3477402 1332215022194 758917428770
1518746870 3477402 1332215022194 758917428770
1518746880 3477402 1332215022194 758917428770
1518746890 3477406 1332215022194 758917428770
1518746901 3477406 1332215022194 758917428770
1518746911 3477406 1332215022194 758917428770
1518746921 3477406 1332215022194 758917428770
1518746931 3477406 1332215022194 758917428770
1518746941 3477406 1332215022194 758917428770
1518746951 3477406 1332215022194 758917428770
