TIMESTAMP        work-RQ          work-RD          work-WR          
1518729240 407205 14777744150 3914415981
1518729250 407294 14780636895 3917381304
1518729260 407340 14780647595 3917388940
1518729270 407386 14780658295 3917396576
1518729281 407434 14780668995 3917404212
1518729291 407482 14780679695 3917411848
1518729301 407530 14780690395 3917419484
1518729311 407578 14780701097 3917427121
1518729321 407626 14780711799 3917434758
1518729331 407674 14780722501 3917442395
1518729341 407722 14780733203 3917450032
1518729352 407770 14780743905 3917457669
1518729362 407818 14780754607 3917465306
1518729372 407866 14780765309 3917472943
1518729382 407916 14780776011 3917480580
1518729392 407964 14780786713 3917488217
1518729402 408012 14780797415 3917495854
1518729412 408060 14780808117 3917503491
1518729423 408108 14780818819 3917511139
1518729433 408156 14780829521 3917518776
1518729443 408204 14780840223 3917526413
1518729453 408252 14780850925 3917534050
1518729463 408300 14780861627 3917541687
1518729473 408350 14780872329 3917549324
1518729483 408398 14780883031 3917556961
1518729494 408446 14780893733 3917564598
1518729504 408494 14780904435 3917572235
1518729514 408544 14780915137 3917579872
1518729524 408592 14780925839 3917587509
1518729534 408640 14780936541 3917595146
1518729545 408688 14780947243 3917602783
1518729555 408735 14780957945 3917610420
1518729565 408783 14780968647 3917618057
1518729575 408863 14780979349 3932539214
1518729585 408911 14780990051 3957370303
1518729595 408959 14781000753 3983485270
1518729605 409007 14781011455 4008095349
1518729616 409055 14781022157 4033155052
1518729626 409103 14781032859 4057661707
1518729636 409151 14781043561 4082556657
1518729646 409199 14781054263 4107458460
1518729656 409249 14781064965 4133435065
1518729666 409297 14781075667 4158294055
1518729676 409345 14781086369 4184914364
1518729687 409394 14781097071 4208700436
1518729697 409442 14781107773 4234015674
1518729707 409490 14781118475 4259313743
1518729717 409538 14781129177 4284233045
1518729727 409586 14781139879 4308720822
1518729737 409634 14781150581 4332735974
1518729747 409682 14781161283 4357252912
1518729758 409730 14781171985 4381023910
1518729768 409780 14781182687 4405482501
1518729778 409828 14781193389 4429528038
1518729788 409876 14781204091 4452548807
1518729798 409924 14781214793 4476402119
1518729808 409972 14781225495 4501080762
1518729819 410020 14781236197 4524907674
1518729829 410068 14781246899 4548220622
1518729839 410116 14781257601 4572597954
1518729849 410164 14781268303 4594727303
1518729859 410214 14781279005 4617563743
1518729869 410262 14781289707 4639985388
1518729879 410312 14781300409 4662291157
1518729890 410360 14781311111 4684320254
1518729900 410408 14781321813 4706399371
1518729910 410456 14781332515 4728837456
1518729920 410502 14781343217 4750262442
1518729930 410573 14784228960 4753086055
1518729940 410621 14787262141 4753093692
1518729950 410669 14790565625 4753101329
1518729961 410717 14793762626 4753108966
1518729971 410765 14797041537 4753116603
1518729981 410813 14800320448 4753124240
1518729991 410863 14803607552 4753131878
1518730001 410911 14806878276 4753139517
1518730011 410959 14810042517 4753147156
1518730021 411007 14813272286 4753154794
1518730032 411055 14816510246 4753162433
1518730042 411103 14819690869 4753170072
1518730052 411151 14822863301 4753177711
1518730062 411199 14826052115 4753185350
1518730072 411247 14829265502 4753192989
1518730082 411295 14832429743 4753200628
1518730093 411343 14835667703 4753208267
1518730103 411391 14838856517 4753215906
1518730113 411439 14842086286 4753223545
1518730123 411487 14845340628 4753231184
1518730133 411535 14848554015 4753238823
1518730143 411583 14851579009 4753246462
1518730153 411631 14854612194 4753254101
1518730164 411679 14857735480 4753261740
1518730174 411727 14860261244 4753269442
1518730184 411775 14860271950 4753277081
1518730194 411823 14860282656 4753284720
1518730204 411871 14860293362 4753292359
1518730214 411919 14860304068 4753299998
1518730224 411967 14860314774 4753307637
1518730235 412015 14860325480 4753315276
1518730245 412063 14860336186 4753322915
1518730255 412111 14860346892 4753330554
1518730265 412159 14860357598 4753338193
1518730275 412207 14860368304 4753345832
1518730285 412257 14860379010 4753353471
1518730295 412305 14860389716 4753361110
1518730306 412353 14860400422 4753368749
1518730316 412401 14860411128 4753376388
1518730326 412447 14860421834 4753384027
1518730336 412495 14860432540 4753391666
1518730346 412543 14860443246 4753399305
1518730356 412591 14860453952 4753406944
1518730366 412639 14860464658 4753414583
1518730377 412687 14860475364 4753422222
1518730387 412735 14860486072 4753429862
1518730397 412783 14860496780 4753437502
1518730407 412831 14860507488 4753445142
1518730417 412879 14860518196 4753452782
1518730427 412927 14860528904 4753460422
1518730437 412975 14860539612 4753468062
1518730448 413023 14860550320 4753475702
1518730458 413071 14860561028 4753483342
1518730468 413119 14860571736 4753490982
1518730478 413169 14860582444 4753498622
1518730488 413217 14860593152 4753506262
1518730498 413265 14860603860 4753513902
1518730508 413313 14860614568 4753521542
1518730519 413361 14860625276 4753529182
1518730529 413409 14860635984 4753536822
1518730539 413457 14860646692 4753544462
1518730549 413505 14860657400 4753552102
1518730559 413555 14860668108 4753559742
1518730569 413603 14860678816 4753567382
1518730579 413651 14860689524 4753575022
1518730590 413699 14860700232 4753582662
1518730600 413747 14860710940 4753590302
1518730610 413795 14860721648 4753597942
1518730620 413843 14860732356 4753605582
1518730630 413891 14860743064 4753613222
1518730640 413939 14860753772 4753620862
1518730650 413989 14860764480 4753628502
1518730661 414037 14860775188 4753636141
1518730671 414085 14860785896 4753643781
1518730681 414133 14860796604 4753651421
1518730691 414181 14860807312 4753659061
1518730701 414244 14861005863 4753666786
1518730711 414294 14861016571 4753674427
1518730722 414342 14861027279 4753682068
1518730732 414390 14861037987 4753689709
1518730742 414438 14861048695 4753697352
1518730752 414484 14861059403 4753704993
1518730762 414532 14861070111 4753712634
1518730772 414580 14861080819 4753720293
1518730782 414628 14861091527 4753727934
1518730793 414676 14861102235 4753735575
1518730803 414724 14861112943 4753743216
1518730813 414774 14861123651 4753750857
1518730823 414822 14861134359 4753758498
1518730833 414870 14861145067 4753766139
1518730843 414918 14861155775 4753773780
1518730853 414967 14861166483 4753781439
1518730864 415017 14861177191 4753789080
1518730874 415065 14861187899 4753796721
1518730884 415113 14861198607 4753804362
1518730894 415161 14861209315 4753812003
1518730904 415209 14861220023 4753819644
1518730914 415257 14861230731 4753827285
1518730924 415305 14861241439 4753834926
1518730935 415353 14861252147 4753842567
1518730945 415401 14861262855 4753850208
1518730955 415449 14861273563 4753857867
1518730965 415497 14861284271 4753865508
1518730975 415545 14861294979 4753873149
1518730985 415593 14861305687 4753880790
1518730995 415641 14861316395 4753888431
1518731006 415689 14861327103 4753896072
1518731016 415737 14861337811 4753903713
1518731026 415785 14861348519 4753911354
1518731036 415833 14861359227 4753918995
1518731046 415881 14861369935 4753926636
1518731056 415929 14861380643 4753934277
1518731067 415977 14861391351 4753941918
1518731077 416025 14861402059 4753949559
1518731087 416073 14861412767 4753957200
1518731097 416121 14861423475 4753964841
1518731107 416169 14861434183 4753972482
1518731117 416219 14861444891 4753980123
1518731127 416267 14861455599 4753987764
1518731138 416315 14861466307 4753995405
1518731148 416363 14861477015 4754003046
1518731158 416411 14861487723 4754010687
1518731168 416458 14861498431 4754018346
1518731178 416506 14861509139 4754025987
1518731189 416554 14861519847 4754033628
1518731199 416602 14861530555 4754041269
1518731209 416652 14861541263 4754048910
1518731219 416700 14861551971 4754056551
1518731229 416748 14861562679 4754064192
1518731239 416796 14861573387 4754071833
1518731250 416844 14861584095 4754079474
1518731260 416892 14861594803 4754087115
1518731270 416940 14861605511 4754094756
1518731281 416988 14861616219 4754102397
1518731291 417036 14861626927 4754110038
1518731301 417084 14861637635 4754117679
1518731311 417132 14861648343 4754125320
1518731321 417180 14861659051 4754132961
1518731332 417228 14861669759 4754140602
1518731342 417276 14861680467 4754148243
1518731352 417324 14861691175 4754155884
1518731362 417372 14861701883 4754163525
1518731372 417420 14861712591 4754171166
1518731383 417468 14861723299 4754178825
1518731393 417516 14861734007 4754186466
1518731403 417564 14861744715 4754194107
1518731413 417614 14861755423 4754201748
1518731423 417662 14861766131 4754209389
1518731434 417711 14861776839 4754217030
1518731444 417759 14861787547 4754224671
1518731454 417805 14861798255 4754232312
1518731464 417853 14861808963 4754239953
1518731474 417901 14861819671 4754247594
1518731484 417949 14861830379 4754255235
1518731495 417997 14861841087 4754262876
1518731505 418045 14861851795 4754270517
1518731515 418093 14861862503 4754278158
1518731525 418141 14861873211 4754285799
1518731535 418189 14861883919 4754293440
1518731545 418237 14861894627 4754301081
1518731556 418285 14861905335 4754308722
1518731566 418333 14861916043 4754316363
1518731576 418381 14861926751 4754324005
1518731586 418429 14861937459 4754331646
1518731596 418477 14861948167 4754339287
1518731607 418525 14861958875 4754346927
1518731617 418573 14861969583 4754354586
1518731627 418621 14861980291 4754362227
1518731637 418669 14861990999 4754369868
1518731647 418717 14862001707 4754377509
1518731658 418765 14862012415 4754385150
1518731668 418813 14862023123 4754392791
1518731678 418861 14862033831 4754400432
1518731688 418909 14862044539 4754408073
1518731698 418957 14862055247 4754415714
1518731709 419005 14862065955 4754423355
1518731719 419055 14862076663 4754430996
1518731729 419103 14862087371 4754438637
1518731739 419151 14862098079 4754446278
1518731750 419197 14862108787 4754453919
1518731760 419245 14862119495 4754461560
1518731770 419293 14862130203 4754469201
1518731780 419341 14862140911 4754476842
1518731790 419389 14862151619 4754484483
1518731801 419437 14862162327 4754492124
1518731811 419485 14862173035 4754499765
1518731821 419533 14862183743 4754507406
1518731831 419581 14862194451 4754515047
1518731841 419629 14862205159 4754522688
1518731852 419677 14862215867 4754530329
1518731862 419725 14862226575 4754537970
1518731872 419773 14862237283 4754545629
1518731882 419821 14862247991 4754553270
1518731892 419869 14862258699 4754560911
1518731903 419917 14862269407 4754568552
1518731913 419965 14862280115 4754576193
1518731923 420013 14862290823 4754583834
1518731933 420061 14862301531 4754591475
1518731943 420109 14862312239 4754599116
1518731953 420157 14862322947 4754606757
1518731964 420205 14862333655 4754614398
1518731974 420253 14862344363 4754622039
1518731984 420303 14862355071 4754629680
1518731994 420351 14862365779 4754637321
1518732004 420399 14862376487 4754644962
1518732015 420449 14862387195 4754652603
1518732025 420495 14862397903 4754660244
1518732035 420543 14862408611 4754667885
1518732045 420591 14862419319 4754675526
1518732055 420639 14862430027 4754683167
1518732065 420687 14862440735 4754690807
1518732075 420735 14862451443 4754698448
1518732086 420783 14862462151 4754706089
1518732096 420831 14862472859 4754713730
1518732106 420879 14862483567 4754721371
1518732116 420927 14862494275 4754729012
1518732126 420975 14862504983 4754736653
1518732136 421025 14862515691 4754744294
1518732147 421073 14862526399 4754751935
1518732157 421121 14862537107 4754759576
1518732167 421170 14862547815 4754767217
1518732177 421218 14862558523 4754774858
1518732187 421266 14862569231 4754782499
1518732197 421314 14862579939 4754790140
1518732208 421362 14862590647 4754797781
1518732218 421410 14862601355 4754805422
1518732228 421460 14862612063 4754813082
1518732238 421508 14862622771 4754820723
1518732248 421556 14862633479 4754828364
1518732258 421604 14862644187 4754836005
1518732269 421652 14862654895 4754843646
1518732279 421702 14862665603 4754851287
1518732289 421750 14862676311 4754858928
1518732299 421798 14862687019 4754866569
1518732309 421846 14862697727 4754874210
1518732319 421894 14862708435 4754881851
1518732330 421942 14862719143 4754889492
1518732340 421994 14862729851 4754897133
1518732350 422042 14862740559 4754904774
1518732360 422090 14862751267 4754912415
1518732370 422138 14862761975 4754920056
1518732381 422184 14862772683 4754927697
1518732391 422232 14862783391 4754935338
1518732401 422280 14862794099 4754942979
1518732411 422328 14862804807 4754950620
1518732421 422376 14862815515 4754958261
1518732431 422424 14862826223 4754965902
1518732442 422472 14862836931 4754973543
1518732452 422520 14862847639 4754981184
1518732462 422568 14862858347 4754988825
1518732472 422616 14862869055 4754996466
1518732482 422664 14862879763 4755004107
1518732492 422714 14862890471 4755011748
1518732502 422762 14862901179 4755019389
1518732513 422810 14862911887 4755027029
1518732523 422858 14862922595 4755034670
1518732533 422906 14862933303 4755042311
1518732543 422954 14862944011 4755049952
1518732553 423002 14862954719 4755057593
1518732563 423050 14862965427 4755065233
1518732573 423098 14862976135 4755072874
1518732584 423148 14862986843 4755080515
1518732594 423196 14862997551 4755088156
1518732604 423244 14863008259 4755095816
1518732614 423292 14863018967 4755103457
1518732624 423340 14863029675 4755111098
1518732634 423388 14863040383 4755118739
1518732645 423436 14863051091 4755126380
1518732655 423484 14863061799 4755134021
1518732665 423532 14863072507 4755141662
1518732675 423582 14863083215 4755149303
1518732685 423630 14863093923 4755156944
1518732695 423678 14863104631 4755164585
1518732705 423726 14863115339 4755172226
1518732716 423776 14863126047 4755179867
1518732727 423824 14863136755 4755187508
1518732737 423872 14863147463 4755195149
1518732747 423918 14863158171 4755202790
1518732757 423966 14863168879 4755210431
1518732767 424014 14863179587 4755218072
1518732777 424062 14863190295 4755225715
1518732788 424110 14863201003 4755233356
1518732798 424158 14863211711 4755240997
1518732808 424206 14863222419 4755248638
1518732818 424254 14863233127 4755256279
1518732828 424302 14863243835 4755263920
1518732838 424350 14863254543 4755271561
1518732849 424398 14863265251 4755279202
1518732860 424446 14863275959 4755286843
1518732870 424494 14863286667 4755294484
1518732880 424542 14863297375 4755302125
1518732890 424590 14863308083 4755309766
1518732900 424638 14863318791 4755317407
1518732910 424686 14863329499 4755325048
1518732920 424734 14863340207 4755332689
1518732931 424782 14863350915 4755340330
1518732941 424830 14863361623 4755347971
1518732951 424878 14863372331 4755355612
1518732961 424926 14863383039 4755363253
1518732971 424974 14863393747 4755370894
1518732982 425022 14863404455 4755378535
1518732992 425070 14863415163 4755386175
1518733002 425118 14863425871 4755393816
1518733012 425168 14863436579 4755401457
1518733022 425216 14863447287 4755409098
1518733032 425264 14863457995 4755416739
1518733042 425310 14863468703 4755424380
1518733053 425358 14863479411 4755432021
1518733063 425406 14863490119 4755439662
1518733073 425454 14863500827 4755447303
1518733083 425502 14863511535 4755454944
1518733093 425550 14863522243 4755462585
1518733103 425598 14863532951 4755470226
1518733113 425646 14863543659 4755477867
1518733124 425696 14863554367 4755485508
1518733134 425744 14863565075 4755493149
1518733144 425802 14863575783 4755500809
1518733154 425851 14863586491 4755508450
1518733164 425899 14863597199 4755516091
1518733174 425947 14863607907 4755523732
1518733185 425995 14863618615 4755531373
1518733195 426043 14863629323 4755539014
1518733205 426091 14863640031 4755546655
1518733215 426139 14863650739 4755554296
1518733225 426187 14863661447 4755561937
1518733235 426235 14863672155 4755569578
1518733245 426283 14863682863 4755577219
1518733256 426331 14863693571 4755584860
1518733266 426379 14863704279 4755592501
1518733276 426427 14863714987 4755600142
1518733286 426475 14863725695 4755607783
1518733296 426523 14863736403 4755615424
1518733306 426571 14863747111 4755623065
1518733316 426619 14863757819 4755630706
1518733327 426667 14863768527 4755638347
1518733337 426715 14863779235 4755645988
1518733347 426763 14863789943 4755653629
1518733357 426813 14863800651 4755661270
1518733367 426863 14863811359 4755668911
1518733377 426911 14863822067 4755676552
1518733388 426961 14863832775 4755684193
1518733398 427009 14863843483 4755691834
1518733408 427057 14863854191 4755699475
1518733418 427105 14863864899 4755707116
1518733428 427151 14863875607 4755714757
1518733438 427199 14863886315 4755722398
1518733448 427249 14863897023 4755730039
1518733459 427297 14863907731 4755737680
1518733469 427346 14863918439 4755745321
1518733479 427395 14863929147 4755752962
1518733489 427444 14863939855 4755760603
1518733499 427492 14863950563 4755768244
1518733509 427540 14863961271 4755775885
1518733519 427588 14863971979 4755783526
1518733530 427636 14863982687 4755791167
1518733540 427684 14863993395 4755798808
1518733550 427732 14864004103 4755806449
1518733560 427780 14864014811 4755814090
1518733570 427828 14864025519 4755821731
1518733580 427876 14864036227 4755829372
1518733590 427924 14864046935 4755837013
1518733601 427972 14864057643 4755844654
1518733611 428020 14864068351 4755852295
1518733621 428068 14864079059 4755859936
1518733631 428116 14864089767 4755867577
1518733641 428173 14864108481 4755879221
1518733651 428230 14864127199 4755890886
1518733662 428287 14864145919 4755902533
1518733672 428341 14864161967 4755912844
1518733682 428401 14864183351 4755925823
1518733692 428461 14864204735 4755938802
1518733703 428521 14864226119 4755951781
1518733713 428581 14864247503 4755964760
1518733723 428643 14864268887 4755977739
1518733733 428704 14864290271 4755990718
1518733743 428765 14864311655 4756003697
1518733754 428826 14864333039 4756016676
1518733764 428885 14864354423 4756029655
1518733774 428946 14864375807 4756042634
1518733784 429007 14864397191 4756055613
1518733795 429068 14864418575 4756068592
1518733805 429129 14864439959 4756081571
1518733815 429190 14864461343 4756094550
1518733825 429251 14864482727 4756107529
1518733835 429311 14864504111 4756120508
1518733845 429371 14864525495 4756133487
1518733855 429431 14864546879 4756146466
1518733866 429491 14864568263 4756159445
1518733876 429551 14864589647 4756172424
1518733886 429611 14864611031 4756185403
1518733896 429671 14864632415 4756198382
1518733906 429731 14864653799 4756211361
1518733916 429791 14864675183 4756224340
1518733927 429851 14864696567 4756237319
1518733937 429913 14864717951 4756250298
1518733947 429973 14864739335 4756263277
1518733957 430033 14864760719 4756276256
1518733967 430093 14864782103 4756289235
1518733977 430153 14864803487 4756302214
1518733988 430213 14864824871 4756315192
1518733998 430273 14864846255 4756328171
1518734008 430333 14864867639 4756341150
1518734018 430393 14864889023 4756354129
1518734028 430453 14864910407 4756367108
1518734038 430513 14864931791 4756380087
1518734048 430573 14864953175 4756393066
1518734059 430635 14864974559 4756406045
1518734069 430695 14864995943 4756419024
1518734079 430755 14865017327 4756432003
1518734089 430815 14865038711 4756444982
1518734099 430873 14865060095 4756457961
1518734109 430933 14865081479 4756470940
1518734120 430993 14865102863 4756483919
1518734130 431053 14865124247 4756496898
1518734140 431113 14865145631 4756509877
1518734150 431173 14865167015 4756522856
1518734160 431233 14865188399 4756535835
1518734170 431293 14865209783 4756548814
1518734181 431353 14865231167 4756561812
1518734191 431413 14865252551 4756574791
1518734201 431473 14865273935 4756587770
1518734211 431533 14865295319 4756600749
1518734221 431593 14865316703 4756613728
1518734231 431653 14865338087 4756626707
1518734241 431713 14865359471 4756639686
1518734252 431773 14865380855 4756652665
1518734262 431833 14865402239 4756665644
1518734272 431893 14865423623 4756678623
1518734282 431953 14865445007 4756691602
1518734292 432013 14865466391 4756704581
1518734302 432073 14865487775 4756717560
1518734313 432133 14865509159 4756730539
1518734323 432193 14865530543 4756743517
1518734333 432253 14865551927 4756756496
1518734343 432313 14865573311 4756769475
1518734353 432373 14865594695 4756782454
1518734363 432434 14865616079 4756795433
1518734374 432495 14865637463 4756808411
1518734384 432556 14865658847 4756821390
1518734394 432617 14865680231 4756834369
1518734404 432678 14865701615 4756847348
1518734414 432741 14865722999 4756860327
1518734424 432802 14865744383 4756873306
1518734435 432863 14865765767 4756886285
1518734445 432924 14865787151 4756899264
1518734455 432983 14865808535 4756912243
1518734465 433044 14865829919 4756925222
1518734475 433105 14865851303 4756938201
1518734485 433166 14865872687 4756951180
1518734496 433227 14865894071 4756964159
1518734506 433288 14865915455 4756977138
1518734517 433349 14865936839 4756990117
1518734528 433410 14865958223 4757003096
1518734539 433471 14865979607 4757016075
1518734549 433532 14866000991 4757029054
1518734561 433595 14866022375 4757042033
1518734571 433656 14866043759 4757055012
1518734582 433717 14866065143 4757067991
1518734592 433775 14866086527 4757080970
1518734604 433836 14866107911 4757093949
1518734614 433897 14866129295 4757106928
1518734624 433958 14866150679 4757119907
1518734634 434019 14866172063 4757132886
1518734644 434080 14866193447 4757145865
1518734655 434142 14866214831 4757158844
1518734665 434203 14866236215 4757171823
1518734675 434264 14866257599 4757184802
1518734685 434325 14866278983 4757197781
1518734696 434384 14866300367 4757210760
1518734706 434444 14866321751 4757223739
1518734716 434504 14866343135 4757236718
1518734726 434564 14866364519 4757249697
1518734738 434624 14866385903 4757262676
1518734748 434684 14866407287 4757275674
1518734758 434746 14866428671 4757288653
1518734769 434804 14866450055 4757301632
1518734780 434864 14866471439 4757314611
1518734790 434924 14866492823 4757327590
1518734800 434984 14866514207 4757340569
1518734810 435044 14866535591 4757353548
1518734823 435104 14866556975 4757366527
1518734833 435166 14866578359 4757379506
1518734843 435226 14866599743 4757392485
1518734853 435286 14866621127 4757405464
1518734864 435347 14866642511 4757418443
1518734874 435406 14866663895 4757431422
1518734886 435466 14866685279 4757444401
1518734896 435526 14866706663 4757457380
1518734906 435588 14866728047 4757470359
1518734916 435648 14866749431 4757483338
1518734928 435708 14866770815 4757496317
1518734939 435770 14866792199 4757509296
1518734950 435830 14866813583 4757522275
1518734960 435891 14866834967 4757535254
1518734970 435949 14866856351 4757548233
1518734980 436011 14866877735 4757561212
1518734992 436071 14866899119 4757574191
1518735002 436131 14866920503 4757587170
1518735012 436191 14866941887 4757600149
1518735022 436251 14866963271 4757613128
1518735032 436309 14866984655 4757626107
1518735042 436369 14867006039 4757639086
1518735053 436429 14867027423 4757652065
1518735063 436491 14867048807 4757665044
1518735073 436551 14867070191 4757678023
1518735084 436611 14867091575 4757691002
1518735094 436671 14867112959 4757703981
1518735104 436729 14867134343 4757716960
1518735115 436791 14867155727 4757729939
1518735125 436851 14867177111 4757742918
1518735135 436911 14867198495 4757755897
1518735145 436971 14867219879 4757768876
1518735155 437029 14867241263 4757781855
1518735166 437089 14867262647 4757794834
1518735176 437149 14867284031 4757807813
1518735186 437209 14867305415 4757820792
1518735196 437269 14867326799 4757833771
1518735206 437329 14867348183 4757846750
1518735216 437389 14867369567 4757859729
1518735228 437449 14867390951 4757872708
1518735238 437509 14867412335 4757885687
1518735248 437569 14867433719 4757898665
1518735259 437629 14867455103 4757911644
1518735269 437689 14867476487 4757924623
1518735281 437751 14867497871 4757937602
1518735291 437811 14867519255 4757950581
1518735301 437871 14867540639 4757963560
1518735312 437931 14867562023 4757976538
1518735324 437989 14867583407 4757989517
1518735334 438049 14867604791 4758002496
1518735344 438097 14867615499 4758010137
1518735356 438147 14867626207 4758017778
1518735368 438196 14867636915 4758025438
1518735378 438245 14867647623 4758033079
1518735389 438294 14867658331 4758040720
1518735400 438340 14867669039 4758048361
1518735410 438388 14867679747 4758056002
1518735421 438436 14867690455 4758063643
1518735431 438484 14867701163 4758071284
1518735441 438532 14867711871 4758078925
1518735453 438582 14867722579 4758086566
1518735463 438630 14867733287 4758094207
1518735473 438678 14867743995 4758101848
1518735483 438726 14867754703 4758109489
1518735495 438773 14867765411 4758117130
1518735505 438822 14867776119 4758124771
1518735515 438871 14867786827 4758132412
1518735526 438920 14867797535 4758140053
1518735536 438969 14867808243 4758147694
1518735546 439018 14867818951 4758155335
1518735556 439067 14867829659 4758162976
1518735566 439116 14867840367 4758170617
1518735576 439165 14867851075 4758178258
1518735587 439213 14867861783 4758185899
1518735597 439261 14867872491 4758193540
1518735607 439309 14867883199 4758201181
1518735618 439357 14867893907 4758208822
1518735628 439405 14867904615 4758216463
1518735638 439453 14867915323 4758224104
1518735649 439501 14867926031 4758231745
1518735659 439549 14867936739 4758239386
1518735670 439599 14867947447 4758247027
1518735682 439647 14867958155 4758254668
1518735693 439695 14867968863 4758262309
1518735703 439741 14867979571 4758269950
1518735713 439789 14867990279 4758277591
1518735723 439837 14868000987 4758285232
1518735733 439885 14868011695 4758292873
1518735744 439933 14868022403 4758300514
1518735754 439981 14868033111 4758308155
1518735764 440029 14868043819 4758315796
1518735774 440077 14868054527 4758323437
1518735784 440125 14868065235 4758331078
1518735795 440175 14868075943 4758338719
1518735805 440223 14868086651 4758346360
1518735815 440271 14868097359 4758354001
1518735826 440319 14868108067 4758361642
1518735836 440367 14868118775 4758369283
1518735846 440415 14868129483 4758376924
1518735856 440461 14868140191 4758384565
1518735867 440509 14868150899 4758392206
1518735878 440557 14868161607 4758399847
1518735889 440605 14868172315 4758407488
1518735899 440653 14868183023 4758415129
1518735911 440703 14868193731 4758422770
1518735921 440751 14868204439 4758430411
1518735931 440799 14868215147 4758438052
1518735941 440847 14868225855 4758445693
1518735951 440893 14868236563 4758453334
1518735961 440941 14868247271 4758460975
1518735971 440989 14868257979 4758468616
1518735982 441037 14868268687 4758476257
1518735995 441085 14868279395 4758483898
1518736005 441134 14868290103 4758491539
1518736015 441183 14868300811 4758499180
1518736027 441234 14868311519 4758506821
1518736037 441283 14868322227 4758514462
1518736047 441332 14868332935 4758522103
1518736057 441379 14868343643 4758529744
1518736069 441428 14868354351 4758537385
1518736079 441476 14868365059 4758545026
1518736089 441524 14868375767 4758552667
1518736100 441572 14868386475 4758560308
1518736110 441620 14868397183 4758567968
1518736120 441668 14868407891 4758575609
1518736130 441716 14868418599 4758583250
1518736142 441766 14868429307 4758590891
1518736152 441814 14868440015 4758598532
1518736163 441862 14868450723 4758606173
1518736173 441908 14868461431 4758613814
1518736183 441956 14868472139 4758621455
1518736195 442004 14868482847 4758629096
1518736206 442053 14868493555 4758636737
1518736216 442104 14868504263 4758644378
1518736226 442151 14868514971 4758652019
1518736236 442200 14868525679 4758659660
1518736246 442249 14868536387 4758667301
1518736256 442297 14868547095 4758674942
1518736267 442345 14868557803 4758682583
1518736277 442393 14868568511 4758690224
1518736287 442441 14868579219 4758697865
1518736297 442489 14868589927 4758705506
1518736307 442537 14868600635 4758713147
1518736317 442585 14868611343 4758720788
1518736328 442633 14868622051 4758728429
1518736338 442681 14868632759 4758736070
1518736348 442729 14868643467 4758743711
1518736358 442777 14868654175 4758751352
1518736369 442825 14868664883 4758758993
1518736379 442873 14868675591 4758766633
1518736390 442921 14868686299 4758774274
1518736400 442971 14868697007 4758781915
1518736410 443019 14868707715 4758789556
1518736421 443067 14868718423 4758797197
1518736431 443115 14868729131 4758804838
1518736441 443163 14868739839 4758812479
1518736451 443211 14868750547 4758820120
1518736461 443260 14868761255 4758827760
1518736471 443310 14868771963 4758835401
1518736481 443358 14868782671 4758843042
1518736492 443406 14868793379 4758850683
1518736502 443454 14868804087 4758858324
1518736512 443500 14868814795 4758865965
1518736522 443548 14868825503 4758873606
1518736532 443596 14868836211 4758881247
1518736543 443644 14868846919 4758888888
1518736553 443692 14868857627 4758896529
1518736563 443740 14868868335 4758904170
1518736574 443788 14868879043 4758911811
1518736584 443836 14868889751 4758919452
1518736594 443884 14868900459 4758927093
1518736604 443932 14868911167 4758934734
1518736615 443980 14868921875 4758942375
1518736625 444028 14868932583 4758950016
1518736636 444076 14868943291 4758957657
1518736646 444124 14868953999 4758965298
1518736656 444173 14868964707 4758972939
1518736666 444222 14868975415 4758980580
1518736677 444271 14868986123 4758988221
1518736687 444320 14868996831 4758995862
1518736697 444369 14869007539 4759003503
1518736707 444418 14869018247 4759011144
1518736717 444467 14869028955 4759018785
1518736727 444516 14869039663 4759026426
1518736737 444565 14869050371 4759034067
1518736748 444614 14869061079 4759041708
1518736758 444663 14869071787 4759049349
1518736768 444714 14869082495 4759056990
1518736779 444763 14869093203 4759064631
1518736789 444812 14869103911 4759072272
1518736799 444859 14869114619 4759079913
1518736809 444908 14869125327 4759087554
1518736819 444957 14869136037 4759095195
1518736829 445006 14869146747 4759102837
1518736839 445055 14869157457 4759110479
1518736850 445104 14869168167 4759118121
1518736860 445153 14869178877 4759125763
1518736870 445202 14869189587 4759133405
1518736881 445251 14869200297 4759141047
1518736891 445300 14869211007 4759148689
1518736901 445349 14869221717 4759156331
1518736911 445398 14869232427 4759163992
1518736921 445447 14869243137 4759171634
1518736932 445496 14869253847 4759179276
1518736942 445545 14869264557 4759186918
1518736952 445593 14869275269 4759194561
1518736962 445641 14869285981 4759202204
1518736972 445689 14869296693 4759209847
1518736982 445737 14869307405 4759217490
1518736992 445785 14869318117 4759225133
1518737003 445833 14869328829 4759232776
1518737013 445881 14869339541 4759240419
1518737023 445929 14869350253 4759248062
1518737033 445977 14869360965 4759255705
1518737043 446035 14869371677 4759263348
1518737053 446083 14869382389 4759270991
1518737063 446132 14869393101 4759278634
1518737074 446181 14869403813 4759286277
1518737084 446232 14869414525 4759293920
1518737094 446281 14869425237 4759301563
1518737104 446330 14869435949 4759309206
1518737114 446379 14869446661 4759316849
1518737124 446426 14869457373 4759324492
1518737134 446474 14869468085 4759332135
1518737145 446522 14869478797 4759339778
1518737155 446570 14869489509 4759347421
1518737165 446618 14869500221 4759355064
1518737175 446666 14869510933 4759362707
1518737185 446714 14869521645 4759370350
1518737195 446762 14869532357 4759377993
1518737206 446810 14869543069 4759385636
1518737216 446858 14869553781 4759393279
1518737226 446906 14869564493 4759400922
1518737236 446954 14869575205 4759408565
1518737246 447002 14869585917 4759416208
1518737256 447050 14869596629 4759423851
1518737266 447098 14869607341 4759431494
1518737277 447146 14869618053 4759439137
1518737287 447194 14869628765 4759446780
1518737297 447242 14869639477 4759454423
1518737307 447290 14869650189 4759462066
1518737317 447338 14869660901 4759469709
1518737327 447386 14869671613 4759477352
1518737337 447434 14869682325 4759484995
1518737348 447482 14869693037 4759492638
1518737358 447530 14869703749 4759500281
1518737368 447578 14869714461 4759507924
1518737378 447626 14869725173 4759515567
1518737388 447674 14869735885 4759523210
1518737398 447722 14869746597 4759530853
1518737409 447770 14869757309 4759538496
1518737419 447818 14869768021 4759546139
1518737429 447866 14869778733 4759553782
1518737439 447914 14869789445 4759561425
1518737449 447962 14869800157 4759569068
1518737459 448010 14869810869 4759576711
1518737469 448060 14869821581 4759584354
1518737480 448108 14869832293 4759591997
1518737490 448156 14869843005 4759599640
1518737500 448204 14869853717 4759607283
1518737510 448251 14869864429 4759614926
1518737520 448299 14869875141 4759622569
1518737530 448347 14869885853 4759630212
1518737540 448395 14869896565 4759637855
1518737551 448443 14869907277 4759645498
1518737561 448491 14869917989 4759653141
1518737571 448539 14869928701 4759660784
1518737581 448587 14869939413 4759668427
1518737591 448635 14869950125 4759676070
1518737601 448683 14869960837 4759683713
1518737612 448731 14869971549 4759691356
1518737622 448779 14869982261 4759698999
1518737632 448827 14869992973 4759706642
1518737642 448875 14870003685 4759714285
1518737652 448923 14870014397 4759721928
1518737662 448971 14870025109 4759729571
1518737672 449019 14870035821 4759737214
1518737683 449067 14870046533 4759744857
1518737693 449115 14870057245 4759752500
1518737703 449163 14870067957 4759760143
1518737713 449211 14870078669 4759767786
1518737723 449259 14870089381 4759775429
1518737733 449308 14870100093 4759783072
1518737744 449357 14870110805 4759790715
1518737754 449406 14870121517 4759798358
1518737764 449457 14870132229 4759806020
1518737774 449506 14870142941 4759813663
1518737784 449555 14870153653 4759821306
1518737794 449604 14870164365 4759828949
1518737804 449653 14870175077 4759836592
1518737815 449702 14870185789 4759844235
1518737825 449751 14870196501 4759851878
1518737835 449802 14870207213 4759859521
1518737845 449851 14870217925 4759867164
1518737855 449900 14870228637 4759874807
1518737865 449949 14870239349 4759882450
1518737876 449996 14870250061 4759890093
1518737886 450044 14870260773 4759897736
1518737896 450092 14870271485 4759905379
1518737906 450140 14870282197 4759913022
1518737916 450188 14870292909 4759920665
1518737926 450236 14870303621 4759928308
1518737936 450284 14870314333 4759935951
1518737947 450332 14870325045 4759943594
1518737957 450380 14870335757 4759951237
1518737967 450428 14870346469 4759958880
1518737977 450476 14870357181 4759966523
1518737987 450524 14870367893 4759974166
1518737997 450572 14870378605 4759981809
1518738007 450620 14870389317 4759989452
1518738018 450668 14870400029 4759997095
1518738028 450716 14870410741 4760004738
1518738038 450764 14870421453 4760012381
1518738048 450812 14870432165 4760020024
1518738058 450860 14870442877 4760027667
1518738068 450908 14870453589 4760035310
1518738079 450956 14870464301 4760042953
1518738089 451004 14870475013 4760050596
1518738099 451052 14870485725 4760058239
1518738109 451100 14870496437 4760065882
1518738119 451148 14870507149 4760073525
1518738129 451196 14870517861 4760081168
1518738139 451244 14870528573 4760088810
1518738150 451292 14870539285 4760096453
1518738160 451340 14870549997 4760104096
1518738170 451388 14870560709 4760111739
1518738180 451436 14870571421 4760119382
1518738190 451484 14870582133 4760127025
1518738200 451532 14870592845 4760134668
1518738211 451580 14870603557 4760142311
1518738221 451628 14870614269 4760149954
1518738231 451676 14870624981 4760157597
1518738241 451726 14870635693 4760165240
1518738251 451774 14870646405 4760172883
1518738261 451823 14870657117 4760180526
1518738271 451871 14870667829 4760188169
1518738282 451917 14870678541 4760195812
1518738292 451965 14870689253 4760203455
1518738302 452013 14870699965 4760211098
1518738312 452061 14870710677 4760218741
1518738322 452109 14870721389 4760226384
1518738332 452157 14870732101 4760234027
1518738342 452205 14870742813 4760241670
1518738353 452253 14870753525 4760249313
1518738363 452301 14870764237 4760256956
1518738373 452349 14870774949 4760264599
1518738383 452397 14870785661 4760272242
1518738393 452445 14870796373 4760279885
1518738403 452493 14870807085 4760287528
1518738414 452542 14870817797 4760295171
1518738424 452591 14870828509 4760302814
1518738434 452640 14870839221 4760310457
1518738444 452689 14870849933 4760318100
1518738454 452738 14870860645 4760325743
1518738464 452787 14870871357 4760333386
1518738474 452836 14870882069 4760341029
1518738485 452885 14870892781 4760348672
1518738495 452933 14870903493 4760356315
1518738505 452982 14870914205 4760363958
1518738515 453030 14870924917 4760371601
1518738525 453078 14870935629 4760379244
1518738535 453126 14870946341 4760386887
1518738545 453174 14870957053 4760394530
1518738556 453222 14870967765 4760402173
1518738566 453270 14870978477 4760409816
1518738576 453318 14870989189 4760417459
1518738586 453366 14870999901 4760425102
1518738596 453414 14871010613 4760432745
1518738606 453463 14871021325 4760440388
1518738616 453512 14871032037 4760448031
1518738627 453561 14871042749 4760455674
1518738637 453612 14871053461 4760463317
1518738647 453661 14871064173 4760470979
1518738657 453710 14871074885 4760478622
1518738667 453758 14871085597 4760486265
1518738677 453805 14871096309 4760493908
1518738688 453853 14871107021 4760501551
1518738698 453901 14871117733 4760509194
1518738708 453949 14871128445 4760516837
1518738718 453997 14871139157 4760524480
1518738729 454045 14871149869 4760532123
1518738739 454093 14871160581 4760539766
1518738749 454141 14871171293 4760547409
1518738759 454189 14871182005 4760555052
1518738769 454237 14871192717 4760562694
1518738779 454285 14871203429 4760570337
1518738789 454333 14871214143 4760577981
1518738800 454381 14871224857 4760585625
1518738810 454429 14871235571 4760593269
1518738820 454477 14871246285 4760600913
1518738830 454525 14871256999 4760608557
1518738840 454573 14871267713 4760616201
1518738850 454621 14871278427 4760623845
1518738861 454669 14871289141 4760631489
1518738871 454717 14871299855 4760639133
1518738881 454765 14871310569 4760646777
1518738891 454813 14871321283 4760654421
1518738901 454861 14871331997 4760662065
1518738911 454909 14871342711 4760669709
1518738922 454957 14871353425 4760677353
1518738932 455005 14871364139 4760684997
1518738942 455053 14871374853 4760692641
1518738952 455101 14871385567 4760700285
1518738962 455149 14871396281 4760707929
1518738972 455197 14871406995 4760715573
1518738982 455245 14871417709 4760723217
1518738993 455295 14871428423 4760730861
1518739003 455343 14871439137 4760738505
1518739013 455391 14871449851 4760746149
1518739023 455437 14871460565 4760753793
1518739033 455485 14871471279 4760761437
1518739043 455533 14871481993 4760769081
1518739053 455581 14871492707 4760776725
1518739064 455630 14871503421 4760784369
1518739074 455679 14871514135 4760792013
1518739084 455728 14871524849 4760799657
1518739094 455777 14871535563 4760807301
1518739104 455826 14871546277 4760814945
1518739114 455875 14871556991 4760822589
1518739125 455924 14871567705 4760830233
1518739135 455973 14871578419 4760837877
1518739145 456022 14871589133 4760845521
1518739155 456071 14871599847 4760853165
1518739165 456120 14871610561 4760860809
1518739175 456169 14871621275 4760868453
1518739185 456218 14871631989 4760876097
1518739196 456267 14871642703 4760883741
1518739206 456316 14871653417 4760891385
1518739216 456365 14871664131 4760899029
1518739226 456413 14871674845 4760906673
1518739236 456461 14871685559 4760914317
1518739246 456509 14871696273 4760921961
1518739257 456557 14871706987 4760929605
1518739267 456605 14871717701 4760937249
1518739277 456653 14871728415 4760944893
1518739287 456701 14871739129 4760952537
1518739297 456749 14871749843 4760960181
1518739307 456798 14871760557 4760967825
1518739317 456847 14871771271 4760975469
1518739328 456896 14871781985 4760983113
1518739338 456945 14871792699 4760990757
1518739348 456994 14871803413 4760998401
1518739358 457042 14871814127 4761006045
1518739368 457090 14871824841 4761013689
1518739378 457140 14871835555 4761021333
1518739388 457188 14871846269 4761028977
1518739399 457236 14871856983 4761036621
1518739409 457284 14871867697 4761044265
1518739419 457332 14871878411 4761051909
1518739429 457378 14871889125 4761059553
1518739439 457426 14871899839 4761067197
1518739449 457474 14871910553 4761074841
1518739460 457522 14871921267 4761082485
1518739470 457570 14871931981 4761090129
1518739480 457618 14871942695 4761097773
1518739490 457666 14871953409 4761105417
1518739500 457714 14871964123 4761113061
1518739510 457762 14871974837 4761120705
1518739520 457810 14871985551 4761128349
1518739531 457858 14871996265 4761135993
1518739541 457906 14872006979 4761143637
1518739551 457954 14872017693 4761151281
1518739561 458002 14872028407 4761158925
1518739571 458050 14872039121 4761166569
1518739581 458098 14872049835 4761174232
1518739592 458146 14872060549 4761181876
1518739602 458194 14872071263 4761189520
1518739612 458242 14872081977 4761197164
1518739622 458290 14872092691 4761204808
1518739632 458338 14872103405 4761212452
1518739642 458386 14872114119 4761220096
1518739652 458434 14872124833 4761227739
1518739663 458482 14872135547 4761235383
1518739673 458530 14872146261 4761243027
1518739683 458578 14872156975 4761250671
1518739693 458626 14872167689 4761258315
1518739703 458674 14872178403 4761265959
1518739713 458722 14872189117 4761273603
1518739724 458771 14872199831 4761281247
1518739734 458820 14872210545 4761288891
1518739744 458869 14872221259 4761296535
1518739754 458918 14872231973 4761304179
1518739764 458967 14872242687 4761311823
1518739774 459016 14872253401 4761319467
1518739784 459065 14872264115 4761327111
1518739795 459116 14872274829 4761334755
1518739805 459165 14872285543 4761342399
1518739815 459214 14872296257 4761350043
1518739825 459263 14872306971 4761357687
1518739835 459310 14872317685 4761365331
1518739845 459359 14872328399 4761372975
1518739855 459407 14872339113 4761380619
1518739866 459455 14872349827 4761388263
1518739876 459503 14872360541 4761395907
1518739886 459551 14872371255 4761403551
1518739896 459599 14872381969 4761411195
1518739906 459647 14872392683 4761418839
1518739916 459695 14872403397 4761426483
1518739927 459743 14872414111 4761434127
1518739937 459791 14872424825 4761441771
1518739947 459839 14872435539 4761449415
1518739957 459887 14872446253 4761457059
1518739967 459936 14872456967 4761464703
1518739977 459985 14872467681 4761472347
1518739987 460034 14872478395 4761479992
1518739998 460083 14872489109 4761487636
1518740008 460132 14872499823 4761495280
1518740018 460181 14872510537 4761502924
1518740028 460230 14872521251 4761510568
1518740038 460279 14872531965 4761518212
1518740048 460328 14872542679 4761525856
1518740059 460377 14872553393 4761533500
1518740069 460426 14872564107 4761541144
1518740079 460474 14872574821 4761548788
1518740089 460522 14872585535 4761556432
1518740100 460570 14872596249 4761564076
1518740110 460618 14872606963 4761571720
1518740120 460666 14872617677 4761579364
1518740130 460714 14872628391 4761587008
1518740140 460762 14872639105 4761594652
1518740150 460816 14872649819 4761602296
1518740161 460864 14872660533 4761609940
1518740171 460912 14872671247 4761617584
1518740181 460960 14872681961 4761625228
1518740191 461008 14872692675 4761632872
1518740201 461056 14872703389 4761640516
1518740211 461104 14872714103 4761648160
1518740221 461152 14872724817 4761655804
1518740232 461200 14872735531 4761663448
1518740242 461248 14872746245 4761671092
1518740252 461296 14872756959 4761678736
1518740262 461344 14872767673 4761686380
1518740272 461392 14872778387 4761694024
1518740282 461440 14872789101 4761701668
1518740293 461488 14872799815 4761709312
1518740303 461536 14872810529 4761716956
1518740313 461584 14872821243 4761724600
1518740323 461632 14872831957 4761732244
1518740333 461680 14872842671 4761739888
1518740343 461728 14872853385 4761747532
1518740353 461777 14872864099 4761755176
1518740364 461826 14872874813 4761762820
1518740374 461875 14872885527 4761770464
1518740384 461924 14872896241 4761778108
1518740394 461973 14872906955 4761785752
1518740404 462022 14872917669 4761793396
1518740414 462070 14872928383 4761801040
1518740425 462118 14872939097 4761808684
1518740435 462166 14872949811 4761816328
1518740445 462214 14872960525 4761823972
1518740455 462262 14872971239 4761831616
1518740465 462310 14872981953 4761839260
1518740475 462358 14872992667 4761846904
1518740485 462406 14873003381 4761854548
1518740496 462454 14873014095 4761862192
1518740506 462502 14873024809 4761869836
1518740516 462550 14873035523 4761877480
1518740526 462598 14873046237 4761885124
1518740536 462646 14873056951 4761892768
1518740547 462694 14873067665 4761900431
1518740557 462742 14873078379 4761908075
1518740567 462790 14873089093 4761915719
1518740577 462838 14873099807 4761923363
1518740587 462886 14873110521 4761931007
1518740597 462934 14873121235 4761938651
1518740608 462982 14873131949 4761946295
1518740618 463031 14873142663 4761953939
1518740628 463080 14873153377 4761961583
1518740638 463128 14873164091 4761969227
1518740648 463176 14873174805 4761976871
1518740658 463224 14873185519 4761984515
1518740668 463272 14873196233 4761992159
1518740679 463320 14873206947 4761999803
1518740689 463368 14873217661 4762007447
1518740699 463416 14873228375 4762015091
1518740709 463464 14873239089 4762022735
1518740719 463512 14873249803 4762030379
1518740729 463560 14873260517 4762038023
1518740742 463608 14873271231 4762045667
1518740752 463656 14873281945 4762053311
1518740762 463704 14873292659 4762060955
1518740772 463752 14873303373 4762068599
1518740782 463800 14873314087 4762076243
1518740793 463848 14873324801 4762083887
1518740803 463896 14873335515 4762091531
1518740813 463944 14873346229 4762099175
1518740823 463992 14873356943 4762106819
1518740833 464040 14873367657 4762114463
1518740843 464088 14873378371 4762122107
1518740854 464136 14873389085 4762129751
1518740864 464184 14873399799 4762137395
1518740874 464232 14873410513 4762145039
1518740884 464280 14873421227 4762152683
1518740894 464328 14873431941 4762160327
1518740904 464376 14873442655 4762167971
1518740914 464424 14873453369 4762175615
1518740925 464472 14873464083 4762183259
1518740935 464520 14873474797 4762190903
1518740945 464577 14873485511 4762198547
1518740955 464625 14873496225 4762206191
1518740965 464673 14873506939 4762213835
1518740975 464721 14873517653 4762221479
1518740986 464769 14873528367 4762229123
1518740996 464817 14873539081 4762236767
1518741006 464865 14873549795 4762244411
1518741016 464913 14873560509 4762252055
1518741026 464961 14873571223 4762259699
1518741036 465009 14873581937 4762267343
1518741046 465057 14873592651 4762274987
1518741057 465105 14873603365 4762282631
1518741067 465153 14873614079 4762290275
1518741077 465201 14873624793 4762297919
1518741087 465249 14873635507 4762305563
1518741097 465297 14873646221 4762313207
1518741107 465345 14873656935 4762320851
1518741118 465393 14873667649 4762328495
1518741128 465442 14873678363 4762336139
1518741138 465491 14873689077 4762343783
1518741148 465540 14873699791 4762351427
1518741158 465589 14873710505 4762359071
1518741168 465638 14873721219 4762366715
1518741178 465687 14873731933 4762374359
1518741189 465736 14873742647 4762382003
1518741199 465785 14873753361 4762389647
1518741209 465834 14873764075 4762397291
1518741219 465883 14873774789 4762404935
1518741229 465929 14873785503 4762412579
1518741239 465975 14873796217 4762420223
1518741250 466023 14873806931 4762427867
1518741260 466069 14873817645 4762435511
1518741270 466117 14873828359 4762443155
1518741280 466165 14873839073 4762450799
1518741290 466213 14873849787 4762458443
1518741300 466261 14873860501 4762466087
1518741310 466309 14873871215 4762473731
1518741321 466357 14873881929 4762481375
1518741331 466405 14873892643 4762489019
1518741341 466453 14873903357 4762496663
1518741351 466501 14873914071 4762504307
1518741361 466549 14873924785 4762511951
1518741371 466597 14873935499 4762519595
1518741382 466645 14873946213 4762527239
1518741392 466693 14873956927 4762534883
1518741402 466747 14873967641 4762542527
1518741412 466795 14873978355 4762550171
1518741422 466843 14873989069 4762557815
1518741432 466891 14873999783 4762565459
1518741442 466939 14874010497 4762573103
1518741453 466987 14874021211 4762580747
1518741463 467035 14874031925 4762588391
1518741473 467083 14874042639 4762596035
1518741483 467131 14874053353 4762603679
1518741493 467179 14874064067 4762611323
1518741503 467227 14874074781 4762618967
1518741514 467275 14874085495 4762626611
1518741524 467323 14874096209 4762634255
1518741534 467371 14874106923 4762641899
1518741544 467419 14874117637 4762649543
1518741554 467467 14874128351 4762657187
1518741564 467515 14874139065 4762664831
1518741575 467563 14874149779 4762672494
1518741585 467611 14874160493 4762680138
1518741595 467659 14874171207 4762687782
1518741605 467707 14874181921 4762695426
1518741615 467755 14874192635 4762703070
1518741625 467803 14874203349 4762710714
1518741636 467851 14874214063 4762718358
1518741646 467899 14874224777 4762726002
1518741656 467947 14874235491 4762733645
1518741666 467995 14874246205 4762741289
1518741676 468043 14874256919 4762748933
1518741686 468091 14874267633 4762756577
1518741697 468139 14874278347 4762764221
1518741707 468187 14874289061 4762771865
1518741717 468235 14874299775 4762779509
1518741727 468283 14874310489 4762787153
1518741738 468331 14874321203 4762794797
1518741748 468379 14874331917 4762802441
1518741758 468427 14874342631 4762810085
1518741768 468475 14874353345 4762817729
1518741778 468523 14874364059 4762825373
1518741788 468572 14874374773 4762833017
1518741798 468621 14874385487 4762840661
1518741809 468670 14874396201 4762848305
1518741819 468719 14874406915 4762855949
1518741829 468768 14874417629 4762863593
1518741839 468817 14874428343 4762871237
1518741849 468866 14874439057 4762878881
1518741859 468915 14874449771 4762886525
1518741870 468964 14874460485 4762894169
1518741880 469013 14874471199 4762901813
1518741890 469062 14874481913 4762909457
1518741900 469111 14874492627 4762917101
1518741910 469160 14874503341 4762924745
1518741920 469209 14874514055 4762932389
1518741931 469257 14874524769 4762940033
1518741941 469305 14874535483 4762947677
1518741951 469353 14874546197 4762955321
1518741961 469401 14874556911 4762962965
1518741971 469449 14874567625 4762970609
1518741981 469497 14874578339 4762978253
1518741991 469545 14874589053 4762985897
1518742002 469593 14874599767 4762993541
1518742012 469641 14874610481 4763001185
1518742022 469689 14874621195 4763008829
1518742032 469737 14874631909 4763016473
1518742042 469785 14874642623 4763024117
1518742052 469833 14874653337 4763031761
1518742063 469881 14874664051 4763039405
1518742073 469929 14874674765 4763047049
1518742083 469977 14874685479 4763054693
1518742093 470025 14874696193 4763062337
1518742103 470073 14874706907 4763069981
1518742113 470121 14874717621 4763077625
1518742123 470169 14874728335 4763085269
1518742134 470218 14874739049 4763092913
1518742144 470267 14874749763 4763100557
1518742154 470316 14874760477 4763108201
1518742164 470365 14874771191 4763115845
1518742174 470414 14874781905 4763123489
1518742184 470462 14874792619 4763131133
1518742195 470510 14874803333 4763138777
1518742205 470558 14874814047 4763146421
1518742215 470606 14874824761 4763154065
1518742225 470654 14874835475 4763161709
1518742235 470702 14874846189 4763169353
1518742245 470750 14874856903 4763176997
1518742256 470798 14874867617 4763184641
1518742266 470846 14874878331 4763192285
1518742276 470894 14874889045 4763199929
1518742286 470942 14874899759 4763207573
1518742296 470990 14874910473 4763215217
1518742306 471038 14874921187 4763222861
1518742316 471086 14874931901 4763230505
1518742327 471134 14874942615 4763238149
1518742337 471182 14874953329 4763245793
1518742347 471230 14874964043 4763253437
1518742357 471278 14874974757 4763261081
1518742367 471326 14874985471 4763268725
1518742377 471374 14874996185 4763276369
1518742388 471422 14875006899 4763284013
1518742398 471470 14875017613 4763291657
1518742408 471518 14875028327 4763299301
1518742418 471566 14875039041 4763306945
1518742428 471614 14875049755 4763314589
1518742438 471662 14875060469 4763322233
1518742448 471710 14875071183 4763329877
1518742459 471758 14875081897 4763337521
1518742469 471806 14875092611 4763345165
1518742479 471854 14875103325 4763352809
1518742489 471902 14875114039 4763360453
1518742499 471950 14875124753 4763368097
1518742509 471998 14875135467 4763375741
1518742520 472046 14875146181 4763383385
1518742530 472094 14875156895 4763391029
1518742540 472142 14875167609 4763398673
1518742550 472190 14875178323 4763406317
1518742560 472238 14875189037 4763413961
1518742570 472286 14875199751 4763421605
1518742580 472334 14875210465 4763429249
1518742591 472383 14875221179 4763436893
1518742601 472432 14875231893 4763444537
1518742611 472481 14875242607 4763452181
1518742621 472530 14875253321 4763459825
1518742631 472579 14875264035 4763467469
1518742641 472630 14875274749 4763475132
1518742652 472679 14875285463 4763482776
1518742662 472728 14875296177 4763490420
1518742672 472777 14875306891 4763498064
1518742682 472826 14875317605 4763505708
1518742692 472874 14875328319 4763513354
1518742702 472922 14875339033 4763520998
1518742712 472971 14875349747 4763528642
1518742723 473020 14875360461 4763536286
1518742733 473069 14875371175 4763543930
1518742743 473118 14875381889 4763551574
1518742753 473167 14875392603 4763559218
1518742763 473216 14875403317 4763566862
1518742773 473264 14875414031 4763574506
1518742784 473313 14875424745 4763582150
1518742794 473362 14875435459 4763589794
1518742804 473411 14875446173 4763597438
1518742814 473460 14875456887 4763605082
1518742825 473509 14875467601 4763612726
1518742835 473558 14875478315 4763620370
1518742845 473607 14875489029 4763628014
1518742855 473656 14875499743 4763635658
1518742865 473705 14875510457 4763643302
1518742875 473753 14875521171 4763650946
1518742886 473801 14875531885 4763658590
1518742896 473849 14875542599 4763666234
1518742906 473897 14875553313 4763673878
1518742916 473945 14875564027 4763681522
1518742926 473993 14875574741 4763689166
1518742936 474041 14875585455 4763696810
1518742947 474089 14875596169 4763704454
1518742957 474137 14875606883 4763712098
1518742967 474185 14875617597 4763719742
1518742977 474233 14875628311 4763727386
1518742987 474281 14875639025 4763735030
1518742997 474329 14875649739 4763742674
1518743007 474377 14875660453 4763750318
1518743018 474425 14875671167 4763757962
1518743028 474473 14875681881 4763765606
1518743038 474521 14875692595 4763773250
1518743048 474569 14875703309 4763780894
1518743058 474617 14875714023 4763788538
1518743068 474665 14875724737 4763796182
1518743079 474713 14875735451 4763803826
1518743089 474761 14875746165 4763811470
1518743099 474809 14875756879 4763819114
1518743109 474857 14875767593 4763826758
1518743119 474905 14875778307 4763834402
1518743129 474953 14875789021 4763842046
1518743139 475001 14875799735 4763849690
1518743150 475049 14875810449 4763857334
1518743160 475097 14875821163 4763864978
1518743170 475145 14875831877 4763872622
1518743180 475193 14875842591 4763880266
1518743190 475241 14875853305 4763887910
1518743200 475289 14875864019 4763895554
1518743211 475337 14875874733 4763903198
1518743221 475385 14875885447 4763910842
1518743231 475433 14875896161 4763918486
1518743241 475481 14875906875 4763926130
1518743251 475529 14875917589 4763933774
1518743261 475577 14875928303 4763941418
1518743271 475625 14875939017 4763949062
1518743282 475673 14875949731 4763956706
1518743292 475721 14875960445 4763964350
1518743302 475769 14875971159 4763971994
1518743312 475817 14875981873 4763979638
1518743322 475865 14875992587 4763987282
1518743332 475913 14876003301 4763994926
1518743343 475961 14876014015 4764002570
1518743353 476009 14876024729 4764010214
1518743363 476057 14876035443 4764017858
1518743373 476105 14876046157 4764025502
1518743383 476153 14876056871 4764033146
1518743393 476201 14876067585 4764040790
1518743404 476249 14876078299 4764048434
1518743414 476297 14876089013 4764056078
1518743424 476345 14876099727 4764063722
1518743434 476393 14876110441 4764071366
1518743444 476441 14876121155 4764079010
1518743454 476489 14876131869 4764086654
1518743464 476537 14876142583 4764094298
1518743475 476585 14876153297 4764101942
1518743485 476633 14876164011 4764109586
1518743495 476681 14876174725 4764117230
1518743505 476729 14876185439 4764124874
1518743515 476777 14876196153 4764132518
1518743525 476825 14876206867 4764140162
1518743536 476873 14876217581 4764147806
1518743546 476921 14876228295 4764155450
1518743556 476969 14876239009 4764163094
1518743566 477017 14876249723 4764170738
1518743576 477065 14876260437 4764178382
1518743586 477113 14876271151 4764186026
1518743597 477161 14876281865 4764193670
1518743607 477209 14876292579 4764201314
1518743617 477257 14876303293 4764208958
1518743627 477305 14876314007 4764216602
1518743637 477353 14876324721 4764224246
1518743648 477401 14876335435 4764231890
1518743658 477449 14876346149 4764239534
1518743668 477497 14876356863 4764247178
1518743678 477545 14876367577 4764254822
1518743688 477593 14876378291 4764262466
1518743698 477641 14876389005 4764270110
1518743709 477689 14876399719 4764277754
1518743719 477737 14876410433 4764285398
1518743729 477785 14876421147 4764293042
1518743739 477833 14876431861 4764300686
1518743749 477882 14876442575 4764308330
1518743759 477931 14876453289 4764315974
1518743769 477980 14876464003 4764323618
1518743780 478029 14876474717 4764331262
1518743790 478078 14876485431 4764338925
1518743800 478126 14876496145 4764346569
1518743810 478174 14876506859 4764354213
1518743820 478222 14876517573 4764361857
1518743830 478270 14876528287 4764369501
1518743841 478318 14876539001 4764377145
1518743851 478366 14876549715 4764384789
1518743861 478414 14876560429 4764392433
1518743871 478462 14876571143 4764400077
1518743881 478510 14876581857 4764407721
1518743891 478558 14876592571 4764415365
1518743902 478606 14876603285 4764423009
1518743912 478654 14876613999 4764430653
1518743922 478702 14876624713 4764438297
1518743932 478750 14876635427 4764445941
1518743942 478798 14876646141 4764453585
1518743952 478846 14876656855 4764461229
1518743963 478894 14876667569 4764468873
1518743973 478942 14876678283 4764476517
1518743983 478990 14876688997 4764484161
1518743993 479038 14876699711 4764491805
1518744003 479086 14876710425 4764499449
1518744013 479134 14876721139 4764507093
1518744024 479183 14876731853 4764514737
1518744034 479232 14876742567 4764522381
1518744044 479281 14876753281 4764530025
1518744054 479329 14876763995 4764537669
1518744064 479377 14876774709 4764545313
1518744074 479425 14876785423 4764552957
1518744085 479473 14876796137 4764560601
1518744095 479521 14876806851 4764568245
1518744105 479569 14876817565 4764575889
1518744115 479617 14876828279 4764583533
1518744126 479665 14876838993 4764591177
1518744136 479713 14876849707 4764598821
1518744146 479761 14876860421 4764606465
1518744156 479809 14876871135 4764614109
1518744166 479857 14876881849 4764621753
1518744177 479905 14876892563 4764629397
1518744187 479953 14876903277 4764637041
1518744197 480001 14876913991 4764644685
1518744207 480049 14876924705 4764652329
1518744217 480097 14876935419 4764659973
1518744228 480145 14876946133 4764667617
1518744238 480193 14876956847 4764675261
1518744248 480241 14876967561 4764682905
1518744258 480289 14876978275 4764690549
1518744269 480337 14876988989 4764698193
1518744279 480385 14876999703 4764705837
1518744289 480433 14877010417 4764713481
1518744299 480481 14877021131 4764721125
1518744309 480529 14877031845 4764728769
1518744319 480577 14877042559 4764736413
1518744330 480625 14877053273 4764744057
1518744340 480673 14877063987 4764751701
1518744350 480721 14877074701 4764759345
1518744360 480769 14877085415 4764766989
1518744371 480817 14877096129 4764774633
1518744381 480865 14877106843 4764782277
1518744391 480913 14877117557 4764789921
1518744401 480961 14877128271 4764797565
1518744412 481009 14877138985 4764805209
1518744422 481057 14877149699 4764812853
1518744432 481105 14877160413 4764820497
1518744442 481153 14877171127 4764828141
1518744452 481201 14877181841 4764835785
1518744462 481249 14877192555 4764843429
1518744473 481297 14877203269 4764851073
1518744483 481346 14877213983 4764858717
1518744493 481395 14877224697 4764866361
1518744503 481444 14877235411 4764874005
1518744513 481493 14877246125 4764881649
1518744523 481541 14877256839 4764889293
1518744533 481589 14877267553 4764896937
1518744544 481637 14877278267 4764904581
1518744554 481685 14877288981 4764912225
1518744564 481733 14877299695 4764919869
1518744574 481781 14877310409 4764927513
1518744584 481829 14877321123 4764935157
1518744594 481877 14877331837 4764942801
1518744605 481925 14877342551 4764950445
1518744615 481973 14877353265 4764958089
1518744625 482021 14877363979 4764965733
1518744635 482069 14877374693 4764973377
1518744645 482117 14877385407 4764981021
1518744655 482165 14877396121 4764988665
1518744665 482213 14877406835 4764996309
1518744676 482261 14877417549 4765003953
1518744686 482309 14877428263 4765011597
1518744696 482357 14877438977 4765019241
1518744706 482405 14877449691 4765026885
1518744716 482453 14877460405 4765034529
1518744726 482501 14877471119 4765042173
1518744737 482549 14877481833 4765049817
1518744747 482597 14877492547 4765057461
1518744757 482645 14877503261 4765065105
1518744767 482693 14877513975 4765072749
1518744777 482741 14877524689 4765080393
1518744787 482789 14877535403 4765088037
1518744797 482837 14877546117 4765095681
1518744808 482885 14877556831 4765103325
1518744818 482934 14877567545 4765110969
1518744828 482983 14877578259 4765118613
1518744838 483032 14877588973 4765126257
1518744848 483090 14877599687 4765133901
1518744858 483139 14877610401 4765141545
1518744869 483188 14877621115 4765149189
1518744879 483237 14877631829 4765156833
1518744889 483286 14877642543 4765164477
1518744899 483335 14877653257 4765172121
1518744909 483384 14877663971 4765179765
1518744919 483433 14877674685 4765187409
1518744930 483482 14877685399 4765195053
1518744940 483531 14877696113 4765202697
1518744950 483580 14877706827 4765210341
1518744960 483629 14877717541 4765217985
1518744970 483678 14877728255 4765225629
1518744980 483727 14877738969 4765233292
1518744990 483776 14877749683 4765240936
1518745001 483825 14877760397 4765248580
1518745011 483874 14877771111 4765256224
1518745021 483923 14877781825 4765263868
1518745031 483972 14877792539 4765271512
1518745042 484020 14877803253 4765279156
1518745052 484068 14877813967 4765286800
1518745062 484116 14877824681 4765294444
1518745072 484164 14877835395 4765302088
1518745082 484212 14877846109 4765309732
1518745092 484260 14877856823 4765317376
1518745102 484308 14877867537 4765325020
1518745113 484356 14877878251 4765332664
1518745123 484404 14877888965 4765340308
1518745133 484452 14877899679 4765347952
1518745143 484500 14877910393 4765355596
1518745153 484548 14877921107 4765363240
1518745163 484596 14877931821 4765370884
1518745174 484644 14877942535 4765378528
1518745184 484692 14877953249 4765386172
1518745194 484740 14877963963 4765393816
1518745204 484788 14877974677 4765401460
1518745214 484836 14877985391 4765409104
1518745224 484884 14877996105 4765416748
1518745235 484932 14878006819 4765424392
1518745245 484980 14878017533 4765432036
1518745255 485028 14878028247 4765439680
1518745265 485076 14878038961 4765447324
1518745275 485124 14878049675 4765454968
1518745285 485172 14878060389 4765462612
1518745295 485220 14878071103 4765470256
1518745306 485268 14878081817 4765477900
1518745316 485316 14878092531 4765485544
1518745326 485364 14878103245 4765493188
1518745336 485412 14878113959 4765500832
1518745346 485460 14878124673 4765508476
1518745356 485508 14878135387 4765516120
1518745367 485556 14878146101 4765523764
1518745377 485604 14878156815 4765531408
1518745387 485652 14878167529 4765539052
1518745397 485700 14878178243 4765546696
1518745407 485748 14878188957 4765554340
1518745417 485796 14878199671 4765561984
1518745428 485844 14878210385 4765569628
1518745438 485892 14878221099 4765577272
1518745448 485941 14878231813 4765584916
1518745458 485990 14878242527 4765592560
1518745468 486039 14878253241 4765600204
1518745478 486088 14878263955 4765607848
1518745488 486137 14878274669 4765615492
1518745499 486186 14878285383 4765623136
1518745509 486235 14878296097 4765630780
1518745519 486284 14878306811 4765638424
1518745529 486333 14878317525 4765646068
1518745539 486382 14878328239 4765653712
1518745549 486431 14878338953 4765661356
1518745560 486480 14878349667 4765669000
1518745570 486529 14878360381 4765676644
1518745580 486578 14878371095 4765684288
1518745590 486627 14878381809 4765691932
1518745600 486676 14878392523 4765699576
1518745610 486725 14878403237 4765707220
1518745621 486774 14878413951 4765714864
1518745631 486823 14878424665 4765722508
1518745641 486872 14878435379 4765730152
1518745651 486921 14878446093 4765737796
1518745661 486969 14878456807 4765745440
1518745671 487017 14878467521 4765753084
1518745681 487065 14878478235 4765760728
1518745692 487113 14878488949 4765768372
1518745702 487161 14878499663 4765776016
1518745712 487209 14878510377 4765783660
1518745722 487257 14878521091 4765791304
1518745732 487305 14878531805 4765798948
1518745742 487353 14878542519 4765806592
1518745753 487401 14878553233 4765814236
1518745763 487449 14878563947 4765821880
1518745773 487497 14878574661 4765829524
1518745783 487545 14878585375 4765837168
1518745793 487593 14878596089 4765844812
1518745803 487641 14878606803 4765852456
1518745814 487689 14878617517 4765860100
1518745824 487737 14878628231 4765867744
1518745834 487785 14878638945 4765875388
1518745844 487833 14878649659 4765883032
1518745854 487881 14878660373 4765890676
1518745864 487929 14878671087 4765898320
1518745874 487977 14878681801 4765905964
1518745885 488025 14878692515 4765913608
1518745895 488073 14878703229 4765921252
1518745905 488121 14878713943 4765928896
1518745915 488169 14878724657 4765936540
1518745925 488217 14878735371 4765944184
1518745935 488265 14878746085 4765951828
1518745946 488313 14878756799 4765959472
1518745956 488361 14878767513 4765967116
1518745966 488409 14878778227 4765974760
1518745976 488457 14878788941 4765982404
1518745986 488505 14878799655 4765990048
1518745996 488553 14878810369 4765997692
1518746007 488601 14878821083 4766005336
1518746017 488649 14878831797 4766012980
1518746027 488697 14878842511 4766020624
1518746037 488745 14878853225 4766028268
1518746047 488793 14878863939 4766035912
1518746057 488841 14878874653 4766043556
1518746067 488889 14878885367 4766051200
1518746078 488937 14878896081 4766058844
1518746088 488985 14878906795 4766066488
1518746098 489034 14878917509 4766074132
1518746108 489083 14878928223 4766081776
1518746118 489132 14878938937 4766089420
1518746128 489181 14878949651 4766097064
1518746139 489230 14878960365 4766104708
1518746149 489279 14878971079 4766112352
1518746159 489328 14878981793 4766119996
1518746169 489377 14878992507 4766127640
1518746179 489426 14879003221 4766135284
1518746189 489475 14879013935 4766142928
1518746199 489524 14879024649 4766150572
1518746210 489573 14879035363 4766158216
1518746220 489622 14879046077 4766165860
1518746230 489701 14879939335 4766173532
1518746240 489750 14893819105 4766181175
1518746250 489799 14906445499 4766188819
1518746260 489848 14918850709 4766196463
1518746271 489897 14932836975 4766204107
1518746281 489946 14945684553 4766211751
1518746291 489995 14958343715 4766219395
1518746301 490044 14971101181 4766227039
1518746311 490093 14984030679 4766234683
1518746321 490141 14996968369 4766242327
1518746332 490189 15009013131 4766249971
1518746342 490237 15020877669 4766257614
1518746352 490285 15033921855 4766265258
1518746362 490333 15046531865 4766272902
1518746372 490381 15059338483 4766280546
1518746382 490429 15072595661 4766288190
1518746393 490477 15086254247 4766295834
1518746403 490524 15099986561 4766303478
1518746413 490573 15112694875 4766311122
1518746423 490621 15126181429 4766318766
1518746433 490669 15140380687 4766326410
1518746443 490717 15152826857 4766334054
1518746454 490765 15164388291 4766341698
1518746464 490813 15177432477 4766349342
1518746474 490860 15190525815 4766356986
1518746484 490909 15204389201 4766364630
1518746494 490958 15217359659 4766372274
1518746504 491006 15230100741 4766379918
1518746515 491054 15242964703 4766387562
1518746525 491102 15257196729 4766395206
1518746535 491150 15270011539 4766402850
1518746545 491199 15282424941 4766410494
1518746555 491248 15294690887 4766418137
1518746565 491296 15307259937 4766425780
1518746576 491344 15319411195 4766433424
1518746586 491393 15331488725 4766441068
1518746596 491442 15343336879 4766448712
1518746606 491490 15354537865 4766456356
1518746616 491538 15367450979 4766464000
1518746626 491586 15378758461 4766471644
1518746636 491634 15390573847 4766479288
1518746647 491682 15401258737 4766486931
1518746657 491730 15412697291 4766494575
1518746667 491778 15424610981 4766502219
1518746677 491826 15436033151 4766509863
1518746687 491874 15447905881 4766517507
1518746697 491922 15460065331 4766525151
1518746708 491971 15471626765 4766532795
1518746718 492020 15483237351 4766540439
1518746728 492069 15494929857 4766548083
1518746738 492117 15506384795 4766555727
1518746748 492165 15518224757 4766563371
1518746758 492213 15531309903 4766571015
1518746768 492261 15542527273 4766578659
1518746779 492310 15554907907 4766586302
1518746789 492359 15567796445 4766593946
1518746799 492408 15579316919 4766601589
1518746809 492457 15591713937 4766609232
1518746819 492506 15603373675 4766616876
1518746829 492555 15616131141 4766624520
1518746840 492604 15626660383 4766632164
1518746850 492652 15638197241 4766639808
1518746860 492701 15650389459 4766647451
1518746870 492750 15662204845 4766655094
1518746880 492799 15674044807 4766662738
1518746890 492848 15685458785 4766670382
1518746901 492897 15695324475 4766678026
1518746911 492946 15706123600 4766685670
1518746921 493004 15714096366 4766693346
1518746931 493053 15714107080 4766700990
1518746941 493104 15714117794 4766900288
1518746951 493152 15714128508 4766907932
