0.000833292 0.068728 0.220136 0.00280008 0.000106463 0.273526 0.000117949 0.177667 0.00884831 0.0566725 0.027527 0.00044646 0.16186 3.56876e-05 0.000337523 2.58011e-05 5.20582e-05 0.000135616 3.77959e-05 0.000102107
0.0652949 0.000448249 0.191248 0.000123195 0.000379796 0.274392 0.0011122 0.182409 0.0518538 0.0108829 0.0149819 0.00201251 0.201436 0.00100712 0.000629421 0.00111838 0.000158192 0.000112801 2.1978e-05 8.31609e-05
0.0637688 0.000469771 0.179284 0.279175 0.0017382 0.000109358 0.000534148 0.20652 0.0663096 0.00942488 0.014423 0.000492836 0.176109 0.00126626 8.4503e-05 0.00013538 8.4345e-05
6.59929e-05 0.0650189 0.20281 0.256657 0.000968239 0.000292524 0.000135261 0.183118 0.0559359 0.00546097 0.017968 0.000463122 0.209904 0.000366908 5.5051e-05 0.000241047 6.52144e-05 0.000343817 2.55102e-06 4.71358e-06 5.01851e-05 3.52646e-05 3.84312e-06 1.54709e-06 1.54039e-05 3.09003e-06 4.47371e-06 3.25765e-06
0.000436358 0.0668651 0.212974 0.249884 0.000812916 0.00157903 0.001165 0.182134 0.0108494 0.060969 0.0183679 0.00115926 0.190559 0.00101496 0.00119889 1.56843e-05 1.39595e-05
0.00117856 0.0699466 0.200057 0.280397 0.000106067 0.00118963 0.172259 0.00245797 0.00995529 0.0439448 0.00966475 0.0010194 0.207788 9.97716e-06 1.31056e-05 9.19909e-06 1.42142e-07 2.31502e-06 3.76858e-07
0.000909895 0.0691028 0.21695 0.284174 0.000420002 0.00108551 0.182956 0.000473176 0.00910197 0.0507384 0.0103871 0.17363 1.28767e-08 1.94972e-05 4.29136e-05
0.000376263 0.0641104 0.228857 0.00189684 0.284463 0.00206369 0.000929082 0.183972 0.00542622 0.0535561 0.0081741 0.165045 0.000105907 0.000333122 0.000640435 1.84104e-05 1.63282e-05 3.02908e-06 2.80973e-06 9.67228e-06
0.000304845 0.0641892 0.226366 0.000114337 0.292785 0.00066802 0.000952834 0.181608 0.00407255 0.044524 0.1693 0.0145571 0.000203351 9.13998e-05 1.4885e-05 0.000231713
0.000176739 0.0582376 0.242105 2.62311e-05 0.266783 0.000410114 0.000560286 0.194335 0.00694267 0.056872 0.164944 0.00773174 0.00067865 0.000107291 1.7532e-05 2.51026e-05 1.32374e-05
0.000399755 0.0582025 0.217767 0.000708537 0.262722 0.000172912 0.00231939 0.010362 0.207615 0.053342 0.178557 0.00668691 0.000352162 0.00029636 3.80596e-05 0.000325104 5.69332e-05
0.0555034 0.214527 0.00012738 0.0014424 0.287815 0.0012236 0.00190051 0.0133521 0.191199 0.0430997 0.180082 0.00504149 0.00391133 0.000399933 0.000147009 9.81017e-05 6.97959e-05 5.25502e-05
0.0622856 0.267436 0.000257613 0.000252587 0.277161 0.000533771 0.000996723 0.00427815 0.183538 0.03961 0.158841 0.00448738 0.00023718
0.0557178 0.265915 0.0014799 0.00101886 0.283816 0.000120285 0.0012777 0.00967632 0.178294 0.0472961 0.152271 0.0027304 0.000183838 0.000151499
0.0534441 0.272236 0.0010429 6.5887e-05 0.303883 0.000429532 0.000124889 0.00431333 0.188171 0.0310928 0.144216 0.000848737 1.82733e-05 7.35374e-05
0.0513114 0.288262 0.00263774 0.303228 0.00169123 0.000707762 5.76166e-05 0.00317756 0.181366 0.0458175 0.119999 0.000525728 0.000118059 8.24023e-05 0.000526409 5.04752e-05 0.000266907 0.000103048 1.66296e-05 1.21183e-05 5.27616e-06 7.35826e-06 2.47562e-05
0.0544318 0.316551 0.00115983 0.297387 0.00109239 0.0012622 0.00289782 0.00363391 0.165278 0.0353996 0.119267 0.000951585 0.000441008
0.0601225 0.000486038 0.313986 0.294091 0.00113499 4.74296e-05 0.000289506 0.00571056 0.192656 0.0233845 0.106693 0.000228739 0.00115796
0.00035658 0.0769655 0.304025 0.27118 0.00029763 0.000604098 0.0035101 0.00113653 0.200948 0.0277582 0.111185 0.00123757 0.000226831 4.08857e-05 0.0002458 9.409e-05 8.87213e-05
0.000117797 0.0483416 0.315862 0.315806 0.000851947 0.000882557 0.00628144 0.000170735 0.175286 0.0200045 0.114041 0.00226198
0.000617663 0.0668284 0.282541 0.30895 2.31562e-05 0.0025988 0.000749163 0.00201862 0.197766 0.0306408 0.102558 0.0034453 0.000190992 0.000143878 0.000131229 0.000104225 0.000279667 5.26225e-05 0.000292273
0.000158293 0.0557611 0.323777 0.00016776 0.315469 0.000820675 0.00221444 0.000801134 0.16149 0.0269295 0.109966 0.00212847 9.19632e-05 2.86785e-05
0.000434292 0.0600862 0.290564 0.000271724 0.316151 0.00227858 0.00176588 0.000438883 0.202033 0.0183124 0.105318 0.00220242 7.14719e-05 1.11593e-05 1.86586e-05 7.66531e-07 3.19904e-05
0.000786169 0.062619 0.307124 0.316301 0.000609084 0.00127765 0.00094102 0.0016655 0.179069 0.023325 0.101909 0.0012722 0.00208115 0.000307748 0.000370204 3.84891e-05 0.000233706 2.02098e-05 1.04936e-05 3.7287e-05
0.0687745 0.00115389 0.305217 0.311878 0.00154726 0.00721338 0.000967982 0.000743959 0.174048 0.0244524 0.0950064 0.00716215 0.00112536 0.000327335 9.67131e-05 0.000170193 9.80613e-05
0.0583739 0.000402245 0.283348 0.322635 0.000511483 0.00184665 0.000243916 0.196034 0.000351923 0.0216776 0.11091 0.00345642 2.14732e-05 0.000150686 2.70973e-05
0.0537935 0.00130342 0.31538 0.299308 0.00139048 0.00486607 0.000980866 0.205941 0.0250477 0.000720151 0.0861402 0.00472994 0.000388899 1.05243e-06
0.0558872 0.000619212 0.307975 0.336061 0.000387811 0.00287329 0.000166571 0.196361 0.0160288 0.0784239 0.00378947 0.00139174
0.0397908 0.000416019 0.324613 0.353218 0.00171232 0.00778866 0.000493558 0.177653 0.022416 0.068933 0.000422727 0.00219817 6.73956e-05 0.000118837 3.27677e-05 5.39604e-05 3.35865e-05 1.29808e-05 1.87158e-05
0.0335196 0.000101747 0.32831 0.293404 0.00102608 0.00151938 8.79561e-05 0.234986 0.0299872 0.0744401 0.0004823 0.00174599 2.4319e-05 7.80406e-05
0.0183278 0.000508909 0.361453 0.288254 0.00245154 0.00072411 8.21008e-05 0.240168 0.0289906 0.0518896 0.000613854 0.0054651 8.29324e-05 7.02925e-05 0.000313945 0.000364737 3.50728e-05 3.40987e-05
0.000407521 0.0206842 0.342874 0.299849 0.000485132 0.00113192 0.00011356 0.243141 0.0474166 0.0395064 0.000388763 0.00253664 4.4566e-05 0.00047378 0.000248228 0.000266106 0.000297088 0.000112386
0.00163474 0.0228592 0.288355 0.376972 5.12087e-05 0.000700802 3.99461e-05 0.207244 0.0508425 0.0473329 0.000487016 0.00135536 0.000747873 0.000448955 0.000375776 0.000187947 0.000301693 3.01672e-05 2.27954e-05 3.70272e-06
0.000678744 0.0140901 0.316219 0.356013 0.00173742 0.000873886 0.221357 0.000727305 0.0464648 0.0395343 0.000261192 0.00132587 0.000288199 8.82653e-05 0.000201433 5.04986e-05 3.06577e-05 5.5119e-05
5.71714e-05 0.00809178 0.294553 0.340711 0.000509674 0.00113665 0.262526 0.000954651 0.0392291 0.0516641 0.00031429 0.00019896 5.99367e-06 1.2773e-06 1.18419e-05 1.04685e-06 5.7231e-06 2.05624e-05
0.000669524 0.00875697 0.28345 0.392084 0.00156375 0.231965 0.000253594 0.00128423 0.037959 0.041169 0.00070861 6.71673e-06 8.85626e-06 4.89958e-05 1.37594e-05 8.88293e-06 2.9975e-05 6.3204e-06 1.09285e-05
0.00104765 0.0123732 0.29752 0.387464 0.0002689 0.227829 0.00273587 0.000145788 0.0339374 0.0328933 0.000788799 0.000623299 0.000389579 0.000631965 0.00100744 0.000160981
0.000295618 0.260205 0.00551064 0.000822374 0.407387 0.239326 0.000282156 0.00240599 0.033606 0.0458217 0.000683693 0.0025169 0.000448668 0.00025158 3.61489e-06 1.89687e-05 7.65233e-05 2.57701e-06 0.000314717
0.277803 0.00203781 0.0115915 0.000580828 0.396733 0.244983 0.00289101 0.000391814 0.0205498 0.0416683 3.64004e-05 0.000368277 0.000318662
0.306716 1.12972e-05 0.000812417 0.388481 0.00866946 0.243662 0.00152669 0.000277475 0.0156104 0.0329414 0.000256708 8.27552e-05 0.000146262 0.00044306 7.33287e-05 2.55607e-05 0.00018104 6.3346e-05
0.314032 1.80688e-05 0.000243353 0.00780947 0.379939 0.247618 0.00240431 0.000156015 0.0159018 0.0305049 0.000872221 0.000333885 0.000126023 9.90868e-06 1.65432e-06 4.16716e-06 8.51608e-06 2.78531e-06 9.15993e-06
0.313328 0.000119589 0.00131029 0.00510575 0.380952 0.255152 0.000895533 5.73281e-05 0.020123 0.0217028 0.000138943 0.000728175 5.45159e-05 0.000193722
0.320108 0.00074884 0.000434149 0.00279481 0.396546 0.239651 0.000410672 0.0249407 0.000211308 0.0129797 0.000491765 0.000569742 6.68878e-05 4.73007e-06 1.63908e-06 1.22567e-05 2.18059e-05 3.6705e-06
0.302219 0.00101155 0.00121687 0.0039875 0.421335 0.2351 0.0213924 0.00446709 0.00204124 0.00673053 0.000162807 0.000251732 3.42066e-05 3.58593e-05
0.308001 0.000123691 0.00046192 5.7099e-05 0.400779 0.256046 0.0251536 0.000551709 0.000327395 0.00700554 0.00103046 0.000147048 9.13598e-05 1.50498e-06 3.35473e-05 2.78317e-05 0.000117164
0.313979 0.00161989 0.000258762 0.00109141 0.416268 0.241797 0.0176318 0.00222136 0.00368628 0.000903804 5.17793e-05 3.78889e-06 0.000158361 0.000283881 2.29074e-05
0.318652 0.000344978 0.0009285 9.5559e-05 0.415139 0.234376 0.0248771 0.00447727 0.000148719 0.0003045 0.000565282
0.297425 0.000195575 0.000251327 0.434039 0.000126994 0.239744 0.0231069 0.00304083 0.000136593 0.0014189
0.311973 0.00143007 0.000693137 0.409174 0.243749 0.000157694 0.0260128 0.00569268 0.00105388
0.31197 0.000971829 0.000343174 0.416121 0.244021 0.0241901 0.000912627 0.00132528 8.1897e-05
0.308895 4.7409e-05 0.002845 0.399572 0.25443 0.0316592 0.000412291 0.00161784 0.000280373 8.79171e-05
0.324261 0.000442838 0.00284099 0.408937 0.241128 0.0178555 0.00178286 0.00261423
0.303892 0.00529528 0.000494618 0.42488 0.240109 0.0249653 0.000107294 0.000209431 2.94853e-05 1.47995e-05 6.56319e-07
0.326916 0.00193245 0.00199897 0.396393 0.253862 0.0162835 0.000880683 0.00162981
0.00506356 0.31851 0.425571 0.000145827 0.241014 0.00942137
0.323457 0.000693094 0.429425 0.238215 2.945e-06 0.00783568 0.000356642
0.000477914 0.320357 0.255449 0.412705 0.00267215 0.00820542
0.325538 0.00486619 0.262058 0.40619 0.000107084 0.00123463
0.345493 0.00442761 0.229703 0.417576 0.00216241 0.000145734 0.000141461 0.000105243 2.0423e-05 1.18845e-06 0.000168158
0.323839 0.241807 0.00252199 0.429826 0.000627374 0.000474838 0.000717702 0.000119941
0.329071 0.242012 0.425308 1.44379e-05 0.00334005 0.000137115
0.320285 0.264244 0.413998 2.11778e-05 0.000825487 0.000441382
0.321846 0.426356 0.251216 0.000315922 0.000216403
0.316506 0.265628 0.417791
0.252619 0.323046 0.423472 0.000588066 5.7564e-06 0.000165486 5.88895e-05
0.241098 0.417009 0.341857
0.238021 0.412247 0.348945 0.000380703 1.14588e-05 0.000244064
0.433415 0.242012 0.324519
0.42502 0.258514 0.315784
0.404848 0.344418 0.250704
0.30389 0.443238 0.251268 0.00135525 0.000123107 0.000124509
0.327164 0.409627 0.262847 0.000219424 6.40743e-05 6.76855e-05 1.94801e-06 1.91181e-06 1.85946e-06 4.40023e-06
0.331505 0.408969 0.25936 9.59894e-05 4.14066e-05
0.409739 0.327983 0.262274
0.351561 0.418508 0.22993
0.326767 0.253191 0.420038
0.315718 0.423032 0.261249
0.426654 0.328059 0.243506 0.00177729
0.387841 0.340181 0.271969
0.334574 0.403744 0.261228 4.49197e-05 0.000235607 0.000133154
0.441394 0.31235 0.246239
0.325052 0.394919 0.278617 0.00112223
0.407726 0.334719 0.257398
0.425814 0.248227 0.324958 0.000460003 0.000477058 1.93654e-05 4.02623e-06 2.70223e-05
0.422761 0.317753 0.259486
0.397304 0.267404 0.335292
0.253135 0.419312 0.327551
0.247535 0.343751 0.408328
0.238288 0.449289 0.31237
0.416292 0.25497 0.328737
0.425264 0.324859 0.249282
0.426481 0.245152 0.328363
0.432285 0.304503 0.263194
0.412582 0.253786 0.333626
0.238551 0.410878 0.350565
0.401376 0.258783 0.339371
0.419558 0.343564 0.236869
0.341581 0.423027 0.234581 0.000243595 0.000179557 0.00031834
0.322126 0.448137 0.228927 0.000809772
0.409957 0.323206 0.266725
