0.401961 0.659397
0.403614 0.659397
0.413408 0.759397
0.416667 0.759397
0.42233 0.850942
0.422018 0.938849
0.423913 0.854259
0.423554 0.895035
0.422925 0.816281
0.426415 0.892452
0.433213 1.04001
0.435986 1.04001
0.433555 1.04001
0.436102 1.07378
0.44 1.1395
0.440233 1.1075
0.443662 1.1387
0.443383 1.19959
0.442384 1.16986
0.445161 1.25702
0.450932 1.39906
0.452121 1.42686
0.451348 1.42686
0.45268 1.42686
0.448391 1.37459
0.445405 1.2977
0.444211 1.27255
0.433095 1.02568
0.425 0.807472
0.417722 0.640725
0.411037 0.453415
