1200
2
Variable1
Variable2
0
-3.77777 0.4649742 1.507647
-5.140541 -0.07636782 2.384949
-5.91376 0.3912201 -0.197385
-5.325717 -0.1013632 0.3298822
-4.711057 -1.165448 3.725244
-5.049362 -0.3691407 -1.107806
-5.181716 1.297619 0.842859
-5.134447 -0.1790639 1.8513
-5.336645 0.5143662 2.847826
-6.183686 -0.6518936 1.113182
-6.011824 -0.5343848 2.426741
-5.451672 -0.1335408 1.886333
-6.823386 -0.5296004 1.221832
-5.173307 -1.155638 1.153906
-6.564454 0.1940069 2.739948
-6.39126 -0.6792579 1.22703
-6.123354 -0.7500716 0.4120506
-4.225274 -0.7202838 2.242429
-4.150491 0.07639576 3.256754
-5.326259 1.940345 4.649685
-6.408705 -0.3203868 5.160579
-5.184135 -0.3471205 3.011314
-3.818314 -0.1261406 -0.2689933
-4.849331 -0.2629609 2.861753
-5.830815 -0.4470837 0.1685975
-4.514863 0.5947771 3.081363
-4.74161 0.6202657 3.726143
-4.449575 -0.03276906 -0.02209119
-5.001731 0.3685027 4.022887
-5.071851 0.02175007 3.640053
-4.601919 0.2371126 4.387972
-5.664057 -0.5377675 1.921329
-4.847961 -0.08873319 0.4649825
-3.236909 0.1622082 1.772139
-5.393717 0.4044937 0.6841882
-5.433762 -0.3282206 3.360262
-5.002087 0.9938388 1.014946
-5.128275 -1.607818 1.029745
-5.609907 0.4774367 0.737021
-5.044689 -1.177061 0.9264472
-5.324976 -0.1426764 1.871693
-6.116337 -1.792799 2.567258
-4.304105 0.4083781 3.756062
-4.167503 0.5056786 1.188157
-4.621613 0.4685999 6.304872
-7.664914 -0.1630163 -0.1447432
-5.180313 0.7792081 1.225773
-1.900573 0.05837251 3.559922
-4.94094 -0.5049104 0.2405194
-7.2639 0.004348377 3.462742
-5.149648 -1.541121 2.970202
-6.853288 0.7815462 -2.545527
-5.983325 1.358182 2.553563
-6.060583 -0.2017881 2.055517
-2.465835 0.8137367 -0.5122198
-5.237593 0.06728433 2.506896
-3.610746 -0.729503 3.671586
-7.04918 0.2869905 3.606464
-6.943012 -0.3994532 2.546884
-4.859073 -0.04725722 -0.5306403
-5.437398 0.981118 1.700639
-6.910465 0.1091719 4.111707
-4.907973 0.232969 2.134671
-6.900447 0.3145459 1.680718
-4.241538 0.3410894 0.9442822
-4.221478 0.313397 3.502821
-6.21135 -0.9813693 0.708957
-3.44482 0.1319534 1.700014
-5.959434 -0.3323603 -0.3249946
-5.711637 0.03569662 2.95532
-5.114458 -1.241248 2.766873
-5.892297 1.43274 1.181705
-2.875765 0.6480809 1.495657
-4.885003 0.2565702 -0.2357849
-4.480115 -0.3597534 1.058236
-4.98045 -0.3994133 2.647719
-5.431917 1.495513 1.346548
-5.666024 0.1102479 3.048941
-5.763281 -0.1546321 5.890862
-3.820536 -0.9591829 4.364143
-4.493186 0.1320831 0.8724931
-5.261876 -0.9999375 3.567724
-5.759041 0.4599787 3.602354
-6.703193 -0.429233 -0.9134618
-3.849805 0.3325128 2.373007
-6.608311 -0.6128303 -0.4974838
-6.373015 -0.2952673 1.826304
-5.891333 -1.323649 4.096479
-5.285715 1.69591 3.987284
-3.98853 0.3798492 3.299003
-3.355941 1.079594 3.04775
-4.754427 -0.02862051 0.3956405
-6.484274 -1.094528 0.3557387
-4.366535 0.2216406 4.375803
-6.945527 -0.08504714 4.40347
-5.344212 0.1765117 1.331931
-3.013388 -0.2865112 4.536819
-4.658794 -1.318302 1.579526
-4.883959 -1.885068 4.160746
-5.819319 -0.08141681 2.295901
-6.654894 -0.1047787 1.849023
-4.132379 1.206044 1.014182
-6.558314 -0.143424 1.381367
-4.598855 0.3702127 -0.2606092
-3.189249 0.4341328 2.084416
-5.199497 0.3571936 1.978847
-6.669778 0.3423889 2.389989
-4.857818 0.4010348 -0.02378667
-6.768848 0.4317083 5.353548
-3.92224 -1.240544 -1.574312
-6.022317 1.221809 2.237168
-4.0633 -0.6762124 0.8350508
-7.218948 0.1801882 1.146387
-4.844925 -0.8096136 2.708031
-7.376498 -0.4854923 4.14364
-5.270569 -1.026299 1.736222
-6.036817 0.4301941 1.352663
-3.738229 -0.002818884 -1.242685
-4.107082 -0.6775098 -1.453716
-3.243889 -0.1688749 5.791402
-4.139219 -0.01923463 -1.233644
-3.926819 -0.3322117 4.714906
-5.936 -0.2869612 1.911503
-5.354543 0.1645566 3.219643
-2.642147 -0.6074545 3.435446
-6.323762 -0.7656757 -0.7853264
-4.141249 0.2650336 5.513053
-4.942534 0.2108816 4.040628
-4.410605 0.2244484 2.693621
-6.466141 -1.075859 6.406671
-5.387539 -0.7525699 1.731085
-6.730925 0.1151138 7.557784
-5.448615 1.900639 1.961873
-2.598963 0.1550997 2.301294
-6.884106 -0.4159629 0.5084885
-5.541444 0.01335031 -0.1835216
-6.141529 0.5467487 5.043073
-5.573676 0.5641345 1.34231
-5.518547 0.04191513 4.53959
-6.271166 0.432663 -0.1082383
-4.386477 0.6796765 1.356845
-4.872016 -0.8474451 4.189962
-4.416942 -0.2904485 1.618761
-4.469073 0.6281134 4.644346
-6.351524 0.7979713 1.681102
-7.297107 -0.7889445 2.945439
-5.269623 -0.4262833 -0.8260978
-4.315737 -0.1245527 0.9838709
-6.37426 0.9168096 1.403734
-4.580687 1.155129 0.7904551
-5.488406 0.236323 4.14293
-4.258516 0.5280757 0.7968276
-5.96672 -1.075009 3.326142
-6.675484 -1.300552 4.109521
-6.294283 -0.2956681 0.798822
-3.575681 -0.6219508 2.978772
-5.060216 -0.785327 4.214351
-7.156404 0.2122896 2.892635
-4.565786 -0.2209167 4.006778
-5.842692 -0.3778517 -0.07810307
-3.684245 0.02342896 3.225482
-4.241499 -0.4908002 2.829977
-2.840158 0.2841351 0.7789533
-4.700711 0.5018951 2.455346
-4.536063 -0.8810445 2.20095
-3.611111 -1.165289 2.81013
-7.141172 0.5939717 2.698768
-5.776176 0.6546438 3.651197
-4.332592 -0.2032465 2.4387
-5.412639 0.002138711 -0.7543033
-3.346682 0.7105827 4.502579
-4.247412 -0.6737292 4.40089
-4.992074 0.303951 0.4845187
-5.591554 1.048405 3.472722
-6.043369 0.8592735 2.967886
-6.086615 -1.121788 4.56022
-4.327185 1.316811 3.894678
-4.517791 0.9057427 2.024774
-4.659901 0.5375984 1.113297
-6.244302 -0.8184065 1.007328
-4.408769 -0.1879909 1.1602
-6.301444 0.8257942 -0.6628527
-4.648621 1.666835 0.5434065
-3.597779 1.168059 -0.3952864
-6.892018 0.3946234 0.1787558
-4.820081 -1.281492 1.452719
-4.14654 -0.4810314 3.700237
-3.630356 0.005337191 1.165444
-4.164231 -0.1899392 1.987439
-4.765477 0.9556049 2.032828
-6.33624 -0.8595049 2.41483
-4.396488 -0.08565586 -1.390027
-7.324523 0.1827861 1.106435
-4.94867 0.02014156 1.551042
-5.475566 -0.1411397 -0.3779635
-4.496455 0.1615123 4.734185
-4.902371 1.525904 2.417091
-6.199895 0.03644722 2.596756
-6.041379 -0.1587299 1.430953
-5.466425 -0.3513409 1.949362
-5.849229 0.2935638 2.207621
-4.35934 -0.408695 -1.710949
-4.597309 0.1200781 3.807964
-5.625003 -0.2948949 0.6256377
-4.823409 -0.5251332 1.467839
-5.108884 -1.175086 0.5987521
-3.869256 0.9296659 3.938198
-5.050653 1.257282 1.367586
-7.624356 -0.7152878 -0.589216
-3.607328 -0.01687691 2.560357
-4.595955 1.265698 2.55389
-2.7872 -0.04627142 2.64079
-4.58053 -0.8323127 2.85781
-4.652046 -0.2028207 0.1164045
-3.221527 -0.4287303 0.800977
-6.386021 0.880433 1.075623
-4.926028 0.155669 3.378022
-3.663265 -0.009973059 -1.520899
-4.402874 -0.6752295 1.320242
-5.455005 -0.8289316 0.8958952
-3.158836 -0.04209893 3.148167
-3.649986 -0.1948254 2.578507
-4.164822 -0.3936835 4.037901
-6.181847 1.324325 1.227767
-3.056763 0.7572482 2.200896
-5.147299 0.05119522 7.225445
-4.152571 1.4276 2.739945
-4.945401 -0.6151288 4.408965
-3.742099 0.1733647 0.6719002
-5.205706 -1.918073 3.53861
-3.136371 0.2465525 4.452197
-4.805892 -0.3371868 1.176898
-5.161604 0.6479794 0.5506273
-4.843796 0.7956818 1.939587
-5.537772 0.3258936 3.583752
-4.725287 -0.4151572 4.618901
-5.788355 -0.394016 0.417682
-4.995506 -0.297854 0.5267433
-4.27262 0.4837311 4.293625
-4.462621 0.2308072 3.261711
-4.55932 0.2553353 6.162835
-7.228185 1.005958 0.2029567
-4.100227 1.283202 3.980568
-5.444164 0.488203 2.234512
-6.429225 -0.3030247 3.60404
-3.911051 0.3789044 4.281847
-5.803399 1.21277 1.708595
-5.282598 -0.2626784 -0.02914407
-4.521323 0.2231032 1.18859
-4.897905 -0.2556557 1.263329
-4.644782 -1.43455 -0.4015381
-4.769284 -1.183316 3.136934
-4.505838 -0.4902591 3.140488
-6.934702 0.2552471 0.181372
-4.691507 -0.1550527 0.8127578
-3.480489 0.06526605 2.151785
-6.851016 -1.243633 4.242838
-4.838721 0.288359 1.755465
-5.508704 -0.26874 0.5561055
-4.93787 1.50605 1.851242
-2.176636 0.4533646 2.425631
-3.696352 -0.7465539 2.957023
-3.99001 -0.215484 2.785353
-3.536843 0.09106937 -0.9533462
-5.200055 0.6479005 0.9894135
-5.88725 2.073626 4.500654
-4.333539 -0.6459135 3.108053
-5.366698 0.8641067 4.745902
-6.75037 0.01058652 -0.7599207
-5.516639 0.3030829 4.176894
-5.009245 -0.7306506 4.076827
-4.507306 -1.324956 2.344047
-2.968526 -0.5944815 1.950693
-5.782292 0.2853684 3.861531
-6.855614 0.03495351 1.348808
-3.795745 -0.4213713 1.503426
-4.24762 0.3557876 2.603735
-2.611707 -0.5272686 -1.742851
-3.81599 0.02715401 2.320895
-4.820825 -0.8657202 2.582905
-3.670494 0.3087502 1.403446
-3.829421 1.492589 4.748294
-7.334793 -0.4310995 2.227738
-4.033981 0.3018849 4.682651
-6.162937 -1.313171 2.537376
-6.166246 -0.3924037 5.647163
-5.859436 0.7428886 1.58998
-6.092656 0.01582615 3.754286
-4.835266 0.5254851 4.10045
-2.880464 -0.460621 3.491158
-5.83104 1.273052 2.527224
-6.242786 0.7182807 2.269768
-2.775011 0.2152376 1.550019
-6.250812 1.519216 1.21158
-5.555131 1.493921 2.349887
-7.560336 -0.04390135 2.781922
-5.185893 -0.8770621 0.1864526
-5.908776 -0.06002135 3.005961
-4.90541 0.02117915 7.492172
-5.189013 -0.01532919 6.075916
0.9836037 2.266527 1.735612
-0.3396368 3.151882 1.083584
-1.361142 4.029151 1.165068
-0.2808538 2.2894 1.828345
0.1830293 5.384146 3.17992
-2.381015 3.105147 2.259647
-0.4976726 1.637633 1.374167
-2.483061 3.091168 2.95966
-1.581556 2.190955 2.841789
-0.4215361 2.900977 0.8351588
-1.288372 1.367412 2.10391
1.120213 2.156717 3.146389
-0.9603794 1.857204 3.09317
-1.309559 1.697611 2.439344
0.3338278 4.659649 3.505123
0.9430739 3.309176 0.1951577
0.5104004 2.992434 2.135247
-2.219814 2.0915 -0.3295488
0.6174667 3.356184 2.515982
-1.542316 3.927737 2.058749
-0.1466968 1.254656 1.017388
0.3119988 1.896577 1.008722
0.9575386 3.065324 0.1632162
1.26852 1.777394 0.5271407
-1.616531 4.082291 3.174034
-0.9895655 2.525742 1.341763
1.219788 2.924147 2.190899
0.9483167 2.050982 1.389477
-0.276846 3.96116 1.158317
0.5928246 3.840667 0.8392946
0.929257 4.007199 3.11888
0.8842888 2.444784 1.761655
2.614179 3.471496 1.090267
1.518543 1.779377 2.511814
-1.071135 1.781594 1.186799
-0.096027 1.99807 1.027399
0.03320663 3.406635 1.082051
-0.8331349 3.445466 1.724347
0.9212458 2.529115 0.8493801
-1.791347 3.802705 1.916961
1.329322 2.135396 1.763231
-0.3685573 2.419959 1.748802
-0.03267813 1.671562 3.263015
1.109924 3.479997 0.6220486
-0.378282 3.782111 1.444934
-0.589992 2.627839 1.694837
0.5002088 0.9206205 0.1812713
0.07928644 2.76202 2.121754
0.6464359 2.673567 2.045016
0.095343 1.416692 2.88131
0.2422493 3.099846 2.130837
-0.3652422 2.386096 2.556411
-0.0997953 1.83797 0.5174549
-1.970805 3.05509 1.760634
0.1269899 3.035034 2.255884
-1.006019 2.898875 4.180244
-1.492022 4.06672 0.5112098
-0.1007955 3.349724 2.382174
0.3161035 2.257733 2.866302
-0.6738825 3.243131 0.2520159
3.620551 3.934634 1.581972
-0.7224554 2.813393 1.968314
-0.9813167 3.112803 1.507608
0.05757809 3.340942 2.474884
-0.7193102 4.439778 2.556049
-0.9962462 3.340952 1.524784
0.2241562 3.432108 1.613576
1.230498 3.611038 1.58035
1.340208 4.473361 0.2889337
-0.7921054 3.310415 3.764643
-0.6739367 2.608004 2.486136
-0.4828455 2.686748 1.572898
-1.427731 2.201963 2.202372
0.2468249 3.631714 3.1586
-0.220129 1.664699 1.908515
-0.6792251 3.962365 3.387087
-0.7826942 4.572381 2.57437
-0.3298164 4.415645 3.178802
-2.330324 3.198256 2.085301
1.776515 3.863701 1.874156
-0.3193961 3.788536 0.6596294
-0.9026116 2.845732 2.84827
-0.316931 2.454131 3.189016
-0.6729585 2.757007 -0.008073325
-0.1020761 3.148686 1.934031
-0.09173844 5.462082 3.211549
1.602022 1.427415 0.9538148
1.047987 1.239254 1.793526
0.5191378 2.268162 3.33572
1.169398 2.218619 1.594019
0.6949551 2.825615 1.485249
-2.373628 3.553514 2.741762
0.1605646 2.923974 1.110255
-0.5109585 3.174351 0.6624055
0.6906753 1.818815 0.7763572
1.077411 1.459232 3.290151
1.41076 4.037487 2.874356
0.8457762 2.42105 2.838665
-1.553491 2.759565 1.625684
-0.5771097 2.625298 1.642771
2.692319 3.975222 1.386033
0.1325471 2.676986 1.365213
0.05776171 2.827473 2.575136
1.05703 3.91512 0.395768
0.5538745 4.336687 3.002236
0.7743122 2.036267 1.625817
-2.165569 4.200443 3.221029
-0.169728 2.716881 1.173023
-0.0347277 3.012406 2.680352
-0.309839 0.3997122 1.324269
0.5563505 3.791226 1.375711
1.192753 2.45424 1.225994
-0.1670818 3.581524 2.673438
0.01518182 2.827429 2.305253
1.849229 1.477767 1.956402
1.70341 2.573832 1.328812
0.02899836 1.877033 3.119442
1.273877 3.999894 1.933831
-0.401219 3.175609 1.911404
-1.020244 4.25892 2.418408
0.1039648 4.318636 2.661733
1.051879 2.560196 2.048908
-0.3995406 3.176552 4.172136
-1.632071 3.317806 2.296508
1.226516 1.816971 2.701778
-0.9872468 3.356427 2.165849
0.9143926 2.669226 1.815263
-0.5356785 3.436744 1.772325
1.325431 1.582839 3.1659
1.153117 2.709365 1.640051
-2.264308 3.162151 2.093235
2.306503 2.740058 2.966145
0.1785385 2.729472 1.903159
-0.3662761 0.5858822 3.455584
0.6370291 2.399644 2.302888
-0.7125387 3.364479 3.419217
0.2834243 3.109258 2.706735
-2.766538 4.545573 1.72604
-0.2373142 2.669653 3.773073
0.2383611 3.148282 2.385392
0.7197476 3.023646 3.093789
2.141505 3.622442 2.333569
0.8019071 3.749282 1.322288
-1.946774 3.119808 1.583351
1.269704 3.539189 0.371736
0.9144923 3.872708 2.30858
-0.7315403 3.079567 3.584922
-1.387171 3.407364 3.573001
2.612488 3.873596 2.550909
-0.2665645 3.717852 3.262928
-1.482905 4.562932 3.852156
-0.222721 4.073115 0.5990615
-0.07348176 4.027279 0.7572601
0.7053022 3.758703 2.052436
1.760114 3.919665 2.172909
0.05019564 4.723339 1.84471
-0.02342237 3.68285 1.088718
-0.8183699 2.594433 3.167819
-0.9485287 4.283317 0.9083011
-0.7741135 3.847326 2.611465
0.3468314 2.052961 0.01668967
-2.368542 1.698797 2.250272
2.496261 3.069117 2.52231
-0.1566575 5.194834 3.013342
-0.694432 3.082693 3.318227
0.8781998 2.990391 3.823622
-1.202004 2.88865 0.1974094
0.4409817 3.118584 3.084683
0.8558058 1.777406 2.551814
0.5567608 3.13043 2.322801
1.27779 3.251863 1.538925
0.7882958 1.762066 1.802594
-0.09901876 1.00423 1.289224
1.563074 3.515987 2.865372
0.6317046 3.313203 1.527059
1.511863 2.509424 1.908997
0.8674203 2.959318 3.705316
1.696418 2.548068 0.6458969
0.7260144 3.158498 2.725327
-1.230812 3.769004 3.322751
1.608006 2.280564 3.772366
0.1147523 2.857019 4.127879
-0.06315347 2.765714 2.791577
1.737238 2.650478 1.953316
-0.7102029 3.617932 2.375319
-1.659058 2.578695 1.975452
0.005856629 2.742631 1.511223
-1.75606 3.404557 2.811828
0.2270142 1.836314 4.420992
0.3492872 3.70849 2.17016
0.549522 3.180471 0.6019274
0.8151359 2.440143 1.202535
1.172686 2.265526 2.288254
-0.441164 3.285653 2.420738
0.4408204 1.948843 0.5394316
-1.101655 3.097205 1.716576
0.5871795 3.415907 1.602902
2.295014 3.895811 1.327837
-1.647727 2.668786 1.893007
1.271433 3.521295 2.669916
-0.4337951 3.174872 0.2369492
0.7731306 2.671092 1.474362
0.3416405 2.588586 0.3175997
-1.030393 3.624739 1.76794
-1.887542 2.504913 3.602372
1.647661 4.036257 1.114673
-1.780762 3.080267 2.065134
-0.4294427 3.07047 2.021017
-0.1205738 2.386833 1.813031
0.7226511 2.583648 2.639156
0.6483401 1.809256 0.9342112
-1.092117 4.633107 -0.8663751
-0.7358635 5.279984 1.669981
1.372402 4.141404 2.634914
-1.313199 2.541203 4.059836
1.438887 3.580015 1.812366
-0.1722142 1.858538 0.2349066
-0.4117355 2.891814 3.203727
1.009408 3.709157 1.698983
2.311425 3.238124 1.524788
-0.695741 2.470795 0.6586896
-0.3068124 3.382555 2.495554
-0.74496 1.952087 1.297063
1.044139 2.150121 0.1440752
-0.1397158 3.473249 1.935165
-0.02157509 1.375747 0.4472451
0.5873194 3.460672 1.261564
-1.054599 4.036031 1.845951
1.47578 3.100317 1.188967
-1.56016 1.109477 2.668268
-0.292596 5.143571 3.371327
1.70944 3.272787 1.970914
0.6428547 4.456299 1.825608
0.8539097 2.139758 1.26709
0.1078344 3.089932 2.179676
0.08952336 4.604025 2.730952
-2.016972 2.820852 2.990177
-0.2570127 3.656599 2.228807
-0.5374191 4.304338 3.3352
-0.7301284 2.848546 1.855723
1.387523 1.73747 0.3446734
1.563361 1.571841 3.855222
1.191291 5.278249 2.158079
-1.580092 3.556282 -0.1003331
-0.217299 2.754277 1.592374
-1.245741 2.984103 2.48137
0.2557027 3.153555 2.447924
-0.9526472 2.421225 2.351922
-0.08404721 2.131892 2.714317
-1.975159 2.529877 0.640296
0.9763581 3.534097 0.8313843
0.4063934 4.203583 1.749806
0.07755471 3.546142 1.426226
-2.650371 3.646514 0.7959833
0.6270215 2.704173 1.950628
0.08384598 2.45229 0.8327193
-1.533576 3.19786 3.019164
-1.380443 3.473441 2.195274
0.4389216 1.949886 -0.6793883
-0.2702748 2.856176 0.9608002
0.1845208 4.322392 0.9100345
-0.6379844 2.633916 3.896332
0.2768818 3.570931 2.365486
-0.176302 2.931283 1.600105
0.2147521 5.198615 2.494386
-3.120515 1.476541 1.295721
0.1044352 4.511875 0.5003079
2.002277 3.665253 2.988392
0.01315698 3.418654 1.818494
1.027241 2.75993 1.561189
0.1717897 2.421003 1.430934
-0.4105241 4.318091 3.541278
-1.326965 3.575889 0.707776
-0.1307289 1.425795 2.033666
-1.524562 4.388737 2.776331
0.9637099 4.485693 4.741896
-0.1352102 3.150885 2.711884
0.5953038 2.895337 0.2338449
-0.5255822 1.221593 2.222633
1.776228 2.858334 2.238855
-1.28144 3.581678 3.861905
0.1462139 3.63254 0.1937089
-0.7594612 2.229182 1.754089
0.6226824 2.954811 1.636716
-0.8695957 2.609301 2.672773
-0.1241949 4.540385 2.901798
-1.691695 3.348474 3.127133
0.9379329 2.211231 2.449967
1.111409 1.549846 1.228251
0.4814549 3.378605 2.346869
-0.1592315 3.740281 0.8529821
1.403766 3.287282 1.581349
-1.115667 3.110204 2.21171
0.3384864 2.120793 1.75729
0.4819953 2.659267 1.909551
1.061184 1.464091 0.05102891
-0.2323266 4.428013 4.147993
0.2103865 2.638688 2.539439
0.8769104 2.674553 1.626351
-0.153186 4.394593 2.721954
1.989825 3.067729 0.798106
-0.013136 4.221584 1.793023
2.71117 3.210737 2.325479
-1.04111 3.975999 1.145172
-0.8918308 2.27948 1.129164
0.5342881 3.015049 2.446491
0.7059541 3.996181 -0.06326647
-0.4778631 2.672524 2.368532
0.6280475 4.438864 0.4100364
-1.892481 3.211115 2.380578
-0.221922 5.898877 2.73129
0.5850925 2.009531 2.545324
-0.8220538 3.987858 2.984214
1.119983 3.121449 0.4161292
0.1177681 2.254858 2.097118
1.200216 1.317373 1.068319
0.4420568 2.201264 1.424842
0.9431426 2.902427 1.054848
-0.2759104 3.885486 3.384425
0.1367999 3.978301 1.148529
1.622079 3.230006 0.9301717
-0.1187566 4.055728 1.771454
-0.3657781 3.376232 2.412223
0.7298289 3.894294 2.557857
0.8168584 2.004831 2.080124
-0.3748111 3.391196 0.680378
-1.913016 3.478833 1.457802
-0.292948 3.846161 2.3689
0.681691 3.545898 0.07004948
-0.1294737 2.361213 2.239519
1.068213 2.56128 1.192436
-0.6621532 3.349802 1.859625
0.3251335 4.074211 1.621486
-0.7807662 2.426953 2.720056
0.6200291 2.023529 3.125234
1.086863 2.375512 1.985403
0.3874843 3.504736 1.336539
-2.089168 3.889468 0.6007482
0.28898 2.513007 1.81075
0.6081958 3.276116 3.719449
0.8708064 2.718214 2.396799
1.61613 4.737475 0.9574199
0.5211971 3.146347 1.733227
-0.2756779 2.117982 1.154157
1.26638 1.556389 1.881832
-0.4857665 0.9783312 1.014431
0.3942101 2.796738 3.205977
-0.3986702 3.298975 1.544326
0.5498794 2.250731 1.879323
0.2939698 3.164964 1.415507
1.613754 2.930999 2.470403
-0.01112944 2.084523 1.253604
-0.4621193 3.222722 2.392949
-1.076859 2.894071 3.734836
-1.164889 3.353299 2.968521
-0.4845145 2.049179 1.029189
0.8298277 1.405999 2.203178
-1.198782 3.516312 2.617922
2.599526 4.478282 0.5235472
1.631653 2.656152 2.344864
-1.58609 3.039462 1.851885
1.86644 4.903904 1.546534
-0.3626625 2.080144 1.519664
-0.9432482 0.7597031 1.133391
0.03475564 2.712792 0.5229864
0.9100781 3.479921 1.017216
-1.03414 4.322331 1.950254
-0.04711867 3.606375 1.608315
-0.862362 2.473717 2.565323
-0.828324 3.49382 1.907644
-0.4739767 4.276847 2.42216
1.104736 1.960823 1.481786
0.42239 3.051095 2.385095
-1.437999 2.117935 1.947106
-0.7700907 2.907369 -0.291302
2.105303 3.428432 2.40896
1.026064 0.6369803 1.63622
-1.191372 2.294043 2.624255
3.474952 3.359212 2.505993
-0.6952424 2.242084 3.090578
-1.80202 3.46198 2.943872
-0.2893816 3.096864 2.253861
-1.411944 4.729434 -0.1608485
1.026303 1.752544 1.192128
-0.08063328 1.856443 3.393834
0.3168142 3.163322 1.265116
0.3585689 5.259264 3.245131
0.1023955 3.325779 2.678672
-1.148177 2.30446 0.6174444
-0.8733849 2.858425 2.98736
-0.6077592 2.542518 1.808552
0.955988 2.099161 2.2301
-0.1762771 2.457128 2.441557
0.2551359 2.815954 0.998729
-0.09357381 2.687964 2.003191
0.1988867 2.743812 2.695427
1.140841 2.410983 0.7476904
-1.678693 3.162402 3.264942
-1.456418 4.528187 2.591922
-1.668681 3.184347 1.721872
-0.3678426 1.755151 2.347794
3.723588 3.608394 2.414915
-0.4297593 3.941807 2.419926
-0.7014877 1.538861 1.834628
1.543482 0.7270382 2.839561
1.351604 3.126076 1.729641
-1.028472 3.237112 1.505371
-1.450369 3.598907 1.042006
-0.4392766 3.105145 1.765147
-1.788897 3.180066 2.274179
-1.165752 3.46274 0.2690893
-1.756955 1.80995 1.506845
-0.3405164 5.319094 1.998806
0.4037103 1.583196 1.833698
0.913488 3.953577 2.005719
0.5168145 2.701125 0.5716426
1.255298 4.315388 1.393208
0.8621117 4.012476 2.411217
-0.2858059 3.160133 1.495706
-1.585132 4.052846 4.616264
1.221326 1.979316 2.442117
-2.008369 5.266224 2.646713
1.048427 2.423472 2.378378
-0.9191319 3.005966 3.25416
-1.491595 2.158396 1.29099
-0.4917449 4.695794 2.826022
-0.286682 2.959633 2.974318
-2.356971 4.158746 0.8972941
0.6184878 2.915034 0.8271836
-0.4462279 2.215216 1.32505
-1.457652 5.25336 1.531385
0.2277744 1.998108 -0.1053493
0.4980316 3.341978 3.16621
0.5352048 1.87754 2.619224
0.1507391 3.702222 2.001554
0.9684904 3.093526 3.05143
0.1230634 2.126398 1.298445
0.2850433 3.779171 0.8243703
-3.138102 3.078203 1.602038
-0.2664216 1.760796 2.669836
0.9738433 0.6363697 1.776879
-1.514378 0.8316208 2.866223
1.390483 3.186794 2.713216
-1.530856 2.588942 1.700367
1.110594 2.690919 2.940907
-0.3280602 4.877731 2.937434
1.740975 3.497781 -0.747151
-0.5452757 2.701643 3.080917
-0.2538635 4.026016 2.484703
1.80074 2.985771 1.981705
1.029885 5.517364 2.42621
1.099818 5.335524 0.365455
-0.3118948 3.61331 1.283655
-0.7425602 2.634687 2.457749
1.034077 2.103757 2.556833
-0.3759365 2.723097 1.698686
0.602982 2.101156 0.5337415
0.7752587 2.701555 1.92235
0.6169395 3.238317 1.642699
-1.593756 0.954144 1.532646
-0.02901721 4.422988 1.782273
0.9232081 2.740515 2.982601
0.8321951 1.750799 1.535558
0.7212981 3.549756 1.708253
0.8443397 3.374169 1.397953
0.6233456 4.325034 0.9736851
-1.429298 3.003939 3.010656
-0.7383724 3.67549 1.660975
1.568869 3.128691 3.287515
-1.030869 3.298937 2.389798
1.477929 3.169002 1.639732
0.713956 3.476467 1.404915
1.726482 3.978938 1.381547
-0.04006397 3.097312 4.396617
-0.2480265 3.197513 2.376882
1.984509 3.983454 1.821553
-1.118826 3.068758 2.509895
-0.1160115 3.68858 2.740038
-1.022719 2.974717 2.478473
1.698298 4.040659 1.65955
0.4476882 1.315191 0.4673876
-1.060561 2.728228 1.411453
0.0170576 4.177749 2.606386
4.074743 2.9777 1.825271
1.011831 1.942721 2.568207
-0.8611182 3.50383 3.615804
1.371025 3.486362 2.497675
-0.3966284 3.415543 4.873666
0.9966676 2.388865 3.246257
0.2283676 2.750345 0.771533
-0.126798 4.904707 0.9766546
0.2158585 2.245043 2.911642
-0.7754839 3.786664 0.7874775
0.4625867 2.354838 1.260263
-0.6508912 4.10831 3.1601
-2.774673 2.27299 1.534865
-0.04943846 3.905239 1.284112
1.076479 2.584246 0.653119
0.3730641 2.12431 1.935235
0.8581999 2.337947 -0.2047
7.221327 7.831804 -5.475727
6.259269 11.91288 -3.142069
7.440651 8.50222 -6.562531
5.423883 9.083987 -5.069315
5.329755 11.1179 -2.678601
3.1441 9.721701 -5.843014
6.068133 12.05508 -5.303964
0.7233335 8.02395 -6.513135
5.253732 8.793134 -5.941273
7.179741 10.07851 -5.556559
3.936642 8.604099 -4.478229
2.821398 9.682604 -5.556482
3.89214 7.835454 -6.341869
4.740155 8.766088 -4.705181
6.164146 8.936942 -5.754307
5.935263 9.763824 -4.588324
5.365204 9.103626 -5.831484
3.205039 10.74465 -5.389287
5.974386 11.56874 -4.337529
5.981486 10.57617 -2.856249
5.408941 11.50006 -4.951298
5.48742 9.643246 -3.843191
4.572178 11.69003 -3.462721
3.419504 12.46698 -4.837302
5.164197 9.765881 -4.949383
6.562264 9.986066 -4.703019
4.160907 7.845312 -6.279031
4.891374 9.740718 -4.205781
6.765387 10.45281 -5.44427
3.408396 9.512465 -5.696311
5.142865 8.276031 -5.270037
6.999841 7.807748 -7.041718
3.290647 9.496314 -3.498171
6.268861 10.66131 -4.527094
5.274362 12.82629 -4.850807
6.826579 12.08337 -3.665405
5.828294 10.97647 -4.44847
4.930243 10.93652 -6.201134
5.591913 6.826702 -5.999696
4.658114 11.77046 -3.892682
6.61165 11.29947 -4.071516
5.414342 10.32566 -4.522655
5.862873 8.87815 -5.773489
5.028091 10.63638 -3.718085
5.740369 8.869244 -5.722722
7.148672 9.837933 -5.479159
4.476786 11.22935 -4.057363
4.985908 10.20874 -4.232471
3.669101 12.34587 -2.508306
4.432261 13.41089 -3.385957
4.91418 7.48297 -6.166247
7.045421 11.25033 -4.233667
6.246402 10.8 -5.508957
2.309262 10.38866 -4.690194
3.185154 10.71809 -4.721818
3.771189 11.6775 -4.427068
3.363784 11.43466 -5.425723
4.333322 10.99489 -5.157402
4.618239 8.68058 -5.984746
4.335316 9.908375 -4.679238
5.283608 12.2515 -3.617973
6.088536 9.648313 -4.358927
5.518783 8.968334 -6.511646
7.672057 10.00614 -5.550592
5.649439 11.07492 -4.101207
5.78609 10.14792 -4.601625
4.743283 8.416209 -5.710863
2.843562 7.470359 -5.446867
5.236717 7.899357 -5.405219
4.242954 8.027115 -6.558112
5.423269 5.81686 -7.385713
5.270205 8.408817 -6.388362
4.553007 12.30201 -3.511604
5.501127 11.35167 -3.446918
3.136784 10.82226 -5.082914
5.117097 13.4052 -3.188941
6.329382 8.737899 -4.552604
3.816958 8.980554 -3.608645
4.478738 11.15871 -3.223246
4.683288 12.55233 -3.86234
6.649864 11.31607 -4.264335
6.422326 9.00257 -5.945652
3.849506 9.171565 -5.00074
5.813232 11.12562 -4.952483
7.560632 13.21168 -4.460032
4.525548 8.937111 -4.84639
7.36761 8.948709 -5.452961
4.894925 9.260599 -5.880432
7.137584 10.14614 -5.038106
4.876488 8.427337 -4.575363
6.547542 10.3598 -6.240061
4.925046 9.843924 -4.507393
5.233845 10.02073 -4.180938
6.093981 8.646194 -5.300207
5.118134 10.9908 -4.0926
2.984167 11.27228 -4.463259
4.153743 8.275726 -5.054094
6.18161 9.781907 -5.179193
5.873684 11.17369 -3.352985
4.947847 11.6034 -4.81751
3.768728 11.57252 -3.411709
5.029075 7.979478 -5.492221
6.721929 9.267167 -7.446351
4.949845 10.33289 -4.611426
6.297459 13.47058 -4.216531
5.530484 8.767669 -5.320591
6.018046 9.796749 -5.407679
5.073383 10.37839 -5.994775
7.411605 10.57013 -4.769309
5.243345 8.858817 -5.710903
4.361829 10.10545 -4.470888
5.476227 8.836064 -4.341745
5.653632 9.458125 -4.764328
4.747744 10.55917 -4.595408
4.829759 10.94238 -4.61319
5.470476 9.835314 -5.279123
4.747569 7.058809 -7.091803
7.701171 6.973423 -5.889248
4.613617 11.57862 -4.570926
5.659453 11.11441 -4.720257
5.655684 8.453005 -5.59261
6.010538 10.42781 -4.756953
4.98997 9.242506 -6.023217
3.629292 8.672682 -6.476544
5.226797 8.728233 -3.880701
5.457695 8.083432 -7.094196
6.217248 7.566465 -5.918969
4.105007 8.281492 -5.790119
5.335457 10.92458 -4.874077
6.308003 8.648724 -5.760365
5.396823 10.40681 -6.017086
5.57332 11.01674 -3.828889
5.743043 10.61225 -4.175086
4.555782 9.769782 -6.462154
3.871648 10.8327 -3.380707
4.571625 10.9602 -6.271398
5.182793 10.14123 -6.30784
5.276558 11.94556 -4.694357
3.974022 8.524173 -6.698317
3.878829 10.38734 -4.937562
5.515491 12.86731 -3.747195
5.143405 11.89032 -3.199332
6.45881 11.07897 -4.796597
5.302094 12.46927 -3.624434
5.400001 12.24109 -4.084304
4.264825 10.95609 -6.381521
4.555512 11.29481 -4.342769
5.277749 10.92777 -4.146004
5.589911 11.95884 -2.389415
5.513815 11.38979 -3.884923
6.492988 8.727238 -4.99778
4.168407 9.717672 -5.665738
6.527766 12.52496 -4.126594
7.108567 9.366201 -3.622145
4.623528 14.13825 -3.025056
5.155826 10.58857 -3.97241
5.760854 10.27275 -4.011419
4.002501 10.64679 -5.365461
4.573623 9.652335 -4.89626
6.096828 9.793632 -5.895988
5.708844 9.940934 -6.045476
3.536569 11.48019 -3.459944
2.633959 8.301663 -6.247904
3.105856 8.24465 -4.423288
6.48544 9.278547 -5.499291
4.991552 9.152397 -4.291838
4.092593 8.095478 -5.396896
6.852055 8.267996 -6.078773
2.643658 13.05723 -3.998736
4.534104 10.39652 -5.075774
5.221728 13.82536 -3.414373
7.133324 9.067961 -6.427873
5.909554 12.71704 -3.761559
6.318721 9.536908 -4.293672
4.44546 8.828155 -4.474407
4.365685 8.606962 -6.349676
3.698035 9.016753 -5.35895
4.808873 8.007615 -6.875387
4.405963 9.449318 -5.061104
4.337792 10.22231 -5.469761
3.560075 11.09889 -5.500834
5.704721 10.51555 -5.862295
4.063042 8.797552 -5.953958
4.077445 8.03111 -6.558614
5.189058 11.83863 -4.23611
3.994815 9.532154 -4.940616
4.888679 9.846797 -5.24884
5.79756 9.480993 -4.360658
3.203853 10.70858 -4.497954
7.73323 10.26941 -4.889877
5.353575 12.19012 -4.185964
5.495414 8.220218 -5.373299
3.38682 9.767412 -4.530255
5.873322 9.800337 -5.356467
5.444097 9.533697 -5.995295
4.771143 8.777776 -5.295906
3.907236 9.342251 -5.890563
4.316675 7.962751 -5.690112
6.490164 11.56177 -2.812631
5.224077 11.24889 -3.902278
8.003959 11.32806 -5.589922
5.414724 12.38106 -3.641206
4.964003 9.699986 -5.431449
5.482954 8.561602 -6.379189
3.70784 7.973755 -5.69736
4.270702 11.8702 -6.068489
4.69532 12.35552 -3.102049
6.401069 12.09142 -3.403365
4.835913 9.392613 -4.678725
7.219238 9.521483 -5.283502
4.73518 11.16792 -4.464548
3.746899 10.41909 -5.709282
4.09255 8.811525 -6.035098
5.121648 10.78671 -4.669302
4.762402 11.57411 -4.913389
4.406996 7.972152 -6.959447
6.019238 10.44021 -4.553752
3.760421 8.289561 -6.164891
3.623035 7.618649 -6.773834
3.657147 7.653593 -4.586544
3.581822 6.969592 -6.372554
4.663801 8.103821 -5.877316
4.444657 9.506575 -5.451263
5.724713 12.55201 -3.341938
4.954136 11.39913 -5.78062
6.026125 8.13427 -5.849152
5.138609 8.919155 -4.241009
5.071763 12.54739 -3.539035
5.364465 10.20723 -5.504427
5.75043 9.779282 -4.666413
4.404363 9.755779 -2.602401
2.923335 9.697041 -5.917028
4.702624 9.789023 -5.452228
5.429069 10.6222 -4.982384
6.84445 7.585729 -5.44268
4.601113 12.47607 -3.924079
5.601229 10.04247 -4.110588
5.329843 8.919925 -5.919717
5.044892 10.96207 -4.080523
2.439241 13.05444 -3.021269
5.622066 8.636641 -6.111514
4.002886 6.793662 -4.835314
4.200161 6.758343 -7.147067
4.94883 10.67443 -3.215787
5.047135 9.499818 -6.582192
4.414743 10.89095 -4.66035
4.189159 11.34945 -5.94759
5.893363 9.002377 -5.500905
6.079091 9.9356 -5.563849
5.47154 9.863504 -5.248404
7.092579 9.482729 -4.968727
5.871157 9.573524 -4.848016
4.464776 10.26841 -5.500687
4.646995 10.05182 -6.057014
5.908013 12.82941 -2.800074
5.807563 13.45385 -5.262581
4.017616 8.3218 -5.681555
5.746201 8.650695 -7.047148
2.576894 10.58479 -5.587782
5.411421 9.340555 -5.171285
4.699842 8.819105 -4.664378
5.785665 8.999974 -5.177663
5.514474 11.24059 -5.438826
4.480375 11.96275 -4.717336
4.71831 9.374072 -6.025716
5.529637 9.308339 -5.670812
6.901128 9.582193 -4.929533
4.750871 8.166831 -5.265429
2.320449 8.975263 -5.61905
5.137525 6.419956 -6.047819
6.923904 8.089156 -7.121294
2.950059 8.844326 -4.391391
2.395577 11.60645 -3.303768
5.432705 9.477962 -4.195388
5.702858 9.282283 -5.803578
3.218106 10.41703 -4.53389
5.003437 12.34483 -3.499624
6.961434 9.315689 -5.568112
5.974912 11.44253 -2.504712
5.221743 9.728661 -3.890168
5.555676 11.13819 -2.984594
3.537699 7.726668 -5.036788
3.789452 8.437549 -4.964315
3.400283 10.03199 -4.531937
4.231868 11.31743 -5.011618
4.796865 8.632817 -5.540373
3.971464 12.85548 -3.787198
5.498293 7.805273 -5.765469
4.640425 9.781487 -4.540789
5.96698 9.463518 -4.261077
4.699528 9.751876 -4.531858
3.190214 10.9011 -3.657267
4.137874 7.891007 -5.789324
3.776848 9.903212 -4.627707
3.551566 10.59968 -5.191211
5.546633 7.827207 -7.436552
6.012075 8.896625 -5.718975
4.505478 10.87134 -5.193571
6.388008 10.48898 -6.030249
4.467814 11.76611 -3.943293
3.757346 10.97342 -5.15184
2.139857 10.19659 -4.360174
4.716059 10.51796 -4.345163
5.621461 8.015336 -6.224615
4.468941 8.768644 -6.466131
5.259449 10.67524 -4.672173
3.801541 10.00285 -5.210974
6.753929 10.21021 -4.175479
4.425882 11.18703 -6.086843
5.790378 11.63748 -6.079574
4.739408 8.545046 -6.061089
5.38727 9.944745 -3.798249
4.905141 10.48447 -4.855663
2.724689 9.123437 -5.021558
7.668325 10.42552 -4.173966
4.061024 10.81999 -2.989349
3.978174 9.371039 -5.428201
3.840591 10.45917 -4.771067
4.94166 8.70067 -6.206189
5.732642 9.452485 -3.740224
4.829426 10.2133 -4.851364
6.775741 9.788042 -5.469388
4.789449 10.38288 -5.406869
3.525782 9.743256 -5.778303
5.852874 12.24943 -4.133021
6.311671 11.68261 -4.387113
3.029789 13.44326 -2.790032
4.971658 10.22596 -5.102145
3.529529 8.609269 -6.347161
5.545542 12.13574 -3.163553
3.924038 9.631111 -5.661848
6.824233 9.976861 -4.747369
5.606945 8.506711 -5.693245
2.896405 11.99835 -4.651004
2.969598 9.938803 -3.723249
3.907655 8.877643 -4.742633
4.421231 10.96123 -5.23369
5.099147 10.21863 -5.104165
3.854641 10.08541 -6.355092
4.565497 12.09957 -4.895797
5.586701 9.720848 -6.155185
5.93655 11.04043 -4.541675
5.362734 12.17065 -3.131666
6.342776 8.848898 -4.70806
6.360519 12.08167 -4.214265
5.020567 8.820703 -6.380437
3.869822 11.92808 -4.415682
3.937568 12.14066 -2.486283
5.023992 10.4615 -5.385812
5.771739 7.60971 -6.00624
4.509192 10.15709 -5.798405
2.665315 14.33563 -3.092299
6.094217 8.298979 -5.918074
6.794864 11.87111 -5.415604
4.062106 6.802838 -6.780352
7.261752 11.39042 -5.894056
3.084895 8.300237 -6.807268
5.408694 10.70809 -5.310182
6.18214 10.60108 -5.058632
4.437189 10.54528 -6.151808
3.970902 12.03564 -3.675414
4.7872 11.10666 -4.764596
6.199341 9.153309 -5.39916
5.090617 9.641013 -5.36548
4.279431 11.41078 -3.888246
2.280985 9.845603 -4.286936
5.131167 7.056566 -6.953667
5.639576 11.81025 -3.754506
4.576346 9.520578 -5.797265
1.988178 8.574435 -6.971168
5.110451 8.604711 -7.256845
6.695407 14.00182 -4.519695
7.028573 10.9274 -4.672546
4.469205 9.47716 -5.502621
5.535648 10.83024 -4.245057
3.721498 12.88403 -3.76199
5.436806 8.297476 -4.361134
3.716976 9.686508 -4.796611
7.737053 10.56134 -3.925286
5.925665 8.237889 -5.626421
3.640094 9.319385 -6.074657
6.685173 11.03975 -3.580543
5.417338 11.31282 -3.829842
6.419106 7.740421 -6.58259
5.519786 7.740432 -5.81222
6.582509 9.396329 -4.924696
5.773035 10.46974 -4.02829
3.802986 8.52185 -4.955983
6.393357 8.534544 -6.89653
7.153323 10.11499 -5.284121
2.895488 8.688316 -5.319182
5.00163 9.047969 -4.866902
5.296591 8.050654 -5.271611
4.973604 7.911954 -6.555309
5.119329 11.21376 -3.706175
4.51428 11.12336 -4.958854
5.075366 8.662138 -3.864252
4.418218 9.320872 -5.422289
4.879047 8.96666 -5.875313
6.626237 11.57104 -3.504696
