0 67 246 0 0 344 0 232 12 63 20 0 216 0 0 0 0 0 0 0 1200
70 0 244 0 0 319 0 229 75 12 20 0 231 0 0 0 0 0 0 0 1200
62 0 250 317 0 0 0 237 76 9 20 0 229 0 0 0 0 1200
0 79 231 319 0 0 0 222 74 8 17 0 250 0 0 0 0 0 0 0 0 0 0 0 0 0 0 0 1200
0 69 252 317 0 0 0 231 12 71 13 0 235 0 0 0 0 1200
0 81 272 334 0 0 221 0 9 57 10 0 216 0 0 0 0 0 0 1200
0 74 285 330 0 0 228 0 8 62 14 199 0 0 0 1200
0 79 271 0 334 0 1 222 7 56 12 217 0 0 0 1 0 0 0 0 1200
0 73 280 0 338 0 0 228 7 55 208 11 0 0 0 0 1200
0 66 277 0 334 0 0 235 8 58 215 7 0 0 0 0 0 1200
0 65 263 0 333 0 3 6 230 61 232 7 0 0 0 0 0 1200
72 289 0 0 342 0 0 7 232 51 199 8 0 0 0 0 0 0 1200
65 326 0 0 346 0 0 6 237 48 168 4 0 1200
69 320 0 0 345 0 0 6 232 49 177 2 0 0 1200
65 333 1 0 348 0 0 5 234 47 167 0 0 0 1200
72 355 1 358 0 0 0 4 230 38 142 0 0 0 0 0 0 0 0 0 0 0 0 1200
67 359 0 362 0 0 0 3 236 35 137 1 0 1200
72 0 365 360 0 0 0 4 228 36 134 1 0 1200
0 71 365 360 0 0 4 0 228 36 135 1 0 0 0 0 0 1200
0 67 363 367 0 0 3 0 233 34 129 4 1200
0 75 363 369 0 3 0 0 225 34 128 3 0 0 0 0 0 0 0 1200
0 63 369 0 364 0 3 0 238 28 130 5 0 0 1200
0 67 375 0 365 4 0 0 235 22 129 3 0 0 0 0 0 1200
0 76 371 362 0 4 0 0 225 26 133 3 0 0 0 0 0 0 0 0 1200
73 0 371 368 0 3 0 0 227 26 128 4 0 0 0 0 0 1200
66 0 372 373 0 3 0 234 0 25 122 5 0 0 0 1200
72 0 373 392 0 2 0 228 25 0 105 3 0 0 1200
59 0 371 399 0 2 0 241 27 99 0 2 1200
38 0 366 420 0 2 0 263 32 77 0 2 0 0 0 0 0 0 0 1200
31 0 413 365 2 0 0 270 32 84 0 3 0 0 1200
24 0 429 357 0 0 0 279 41 68 0 2 0 0 0 0 0 0 1200
0 25 434 347 0 0 0 278 63 51 0 2 0 0 0 0 0 0 1200
0 17 346 444 0 0 0 282 57 52 0 2 0 0 0 0 0 0 0 0 1200
0 11 344 443 0 0 288 0 58 55 0 1 0 0 0 0 0 0 1200
0 11 350 447 0 0 289 0 53 49 1 0 0 0 0 0 0 0 1200
0 11 350 459 0 290 0 0 40 49 1 0 0 0 0 0 0 0 0 1200
0 10 356 458 0 290 0 0 42 43 1 0 0 0 0 0 1200
0 351 8 0 464 293 0 0 35 49 0 0 0 0 0 0 0 0 0 1200
358 0 9 1 477 293 0 0 20 42 0 0 0 1200
364 0 0 478 9 292 0 0 21 36 0 0 0 0 0 0 0 0 1200
369 0 0 5 479 296 0 0 20 31 0 0 0 0 0 0 0 0 0 1200
372 0 0 5 480 296 0 0 28 19 0 0 0 0 1200
373 0 0 2 487 298 1 26 0 13 0 0 0 0 0 0 0 0 1200
370 0 0 0 488 298 30 3 0 11 0 0 0 0 1200
370 0 0 0 492 300 30 1 0 7 0 0 0 0 0 0 0 1200
375 0 0 0 494 299 25 0 6 1 0 0 0 0 0 1200
372 0 0 0 496 300 28 4 0 0 0 1200
372 0 0 497 0 300 28 3 0 0 1200
375 0 0 498 299 0 25 3 0 1200
368 0 1 498 299 32 0 2 0 1200
371 0 1 496 300 29 0 3 0 0 1200
375 0 3 496 300 25 0 1 1200
378 2 0 496 301 22 0 1 0 0 0 1200
385 3 0 497 300 15 0 0 1200
2 391 497 0 301 9 1200
391 0 499 301 0 9 0 1200
2 398 301 496 0 3 1200
398 1 302 497 0 2 1200
399 1 301 498 1 0 0 0 0 0 0 1200
399 300 0 500 0 1 0 0 1200
399 300 500 0 1 0 1200
400 302 498 0 0 0 1200
400 499 301 0 0 1200
401 300 499 1200
299 400 501 0 0 0 0 1200
301 500 399 1200
302 498 400 0 0 0 1200
498 302 400 1200
499 301 400 1200
503 400 297 1200
400 499 300 0 1 0 1200
400 499 301 0 0 0 0 0 0 0 1200
400 499 301 0 0 1200
499 400 301 1200
400 500 300 1200
400 301 499 1200
400 498 302 1200
500 398 302 0 1200
500 399 301 1200
400 498 302 0 0 0 1200
498 399 303 1200
399 500 301 0 1200
499 400 301 1200
499 301 400 0 0 0 0 0 1200
500 400 300 1200
500 300 400 1200
302 498 400 1200
302 400 498 1200
300 502 398 1200
500 300 400 1200
502 400 298 1200
502 298 400 1200
502 400 298 1200
501 299 400 1200
300 500 400 1200
501 299 400 1200
500 400 300 1200
400 499 301 0 0 0 1200
400 500 300 0 1200
501 400 299 1200
