1.11724
1.55952
1.38086
1.22786
1.23952
1.17225
1.19309
1.12884
1.21021
1.18031
1.1647
1.22591
1.16604
1.12624
1.18351
1.13536
1.13543
1.1987
1.18644
1.20268
1.13827
1.14232
1.19175
1.1511
1.14996
1.192
1.20416
1.20199
1.20793
1.24069
1.30145
1.19645
1.31605
1.22615
1.23496
1.22362
1.26489
1.21892
1.20205
1.28882
1.17188
1.26998
1.34812
1.27636
1.29118
1.29347
1.26619
1.32953
1.27057
1.28979
1.26013
1.26343
1.29102
1.33562
1.29668
1.32761
1.2551
1.28612
1.35002
1.34096
1.29947
1.1915
1.30005
1.39064
1.35428
1.33168
1.28201
1.2874
1.35286
1.33427
1.4173
1.46213
1.33684
1.29227
1.38958
1.34789
1.33817
1.31634
1.36038
1.30622
1.34289
1.38517
1.34323
1.28974
1.34315
1.3299
1.37249
1.33213
1.34284
1.34718
1.39628
1.38115
1.41328
1.339
1.38012
1.34556
1.35888
1.36928
1.37906
1.31106
