1.43414
2.56317
2.0392
2.80583
1.34855
1.34855
1.34855
1.34855
1.34855
1.34855
1.58753
1.22607
1.58023
1.67171
1.67171
2.02862
1.36422
1.73937
1.73937
1.73937
1.73937
1.73937
1.29987
1.29987
1.6827
0.759803
0.93545
0.93545
0.93545
1.85294
1.85294
1.85294
1.85294
1.85294
1.85294
1.74023
1.74023
1.74023
1.74023
1.74023
1.74023
1.67178
1.67178
1.67178
1.67178
1.67178
1.67178
1.67178
0.873312
1.06147
1.06147
1.06147
0.766747
0.766747
0.766747
0.766747
0.766747
0.766747
0.766747
0.766747
0.766747
0.854553
0.854553
0.854553
0.658935
0.768948
0.884447
0.884447
0.884447
0.884447
0.884447
0.884447
0.244716
0.244716
0.244716
0.244716
0.244716
0.244716
0.244716
0.564601
0.637945
0.637945
0.65154
0.65154
0.65154
0.414185
0.414185
0.414185
0.414185
0.414185
0.442004
0.442004
0.309822
0.309822
0.309822
0.309822
0.474062
0.322425
0.377689
0.30334
