-9048.85 -6725.87 -2322.98
-8009.02 -5707.97 -2301.05
-7803.21 -5478.87 -2324.34
-7727.27 -5403.45 -2323.81
-7667.91 -5335.01 -2332.9
-7595.41 -5306.08 -2289.32
-7607.63 -5316.83 -2290.79
-7795.35 -5487.35 -2308
-7579.64 -5308.53 -2271.11
-7557.33 -5299.61 -2257.72
-7692.17 -5407.02 -2285.16
-7589.41 -5328.12 -2261.29
-7518.23 -5307.87 -2210.37
-7513.26 -5323.94 -2189.32
-7483.38 -5309.94 -2173.44
-7462.95 -5329.08 -2133.87
-7421.77 -5306.3 -2115.47
-7430.41 -5308.22 -2122.19
-7426.78 -5306.04 -2120.74
-7420.19 -5295.98 -2124.22
-7420.63 -5305.16 -2115.46
-7406.1 -5303.96 -2102.14
-7378.37 -5294.46 -2083.9
-7408.52 -5298.79 -2109.73
-7413.14 -5308.4 -2104.74
-7390.11 -5298.41 -2091.7
-7389.95 -5313.77 -2076.18
-7358.04 -5312.84 -2045.2
-7280.3 -5302.3 -1978
-7292.57 -5324.15 -1968.42
-7246.28 -5312.84 -1933.44
-7276.74 -5336.76 -1939.99
-7232.67 -5331.1 -1901.57
-7225.2 -5328.71 -1896.48
-7187.41 -5317.95 -1869.46
-7164.67 -5343.26 -1821.41
-7161.27 -5335.67 -1825.6
-7148.03 -5344.51 -1803.52
-7138.16 -5382.4 -1755.76
-7072.39 -5354.07 -1718.32
-7038.6 -5336.12 -1702.48
-7040.91 -5357.08 -1683.83
-7015.62 -5369.55 -1646.07
-7019.35 -5371.78 -1647.58
-6976.31 -5383.15 -1593.15
-6977.77 -5387.35 -1590.43
-6958.67 -5399.13 -1559.54
-6950.3 -5383.18 -1567.12
-6955.36 -5402.39 -1552.97
-6968.84 -5395.08 -1573.76
-6963.16 -5379.28 -1583.89
-6967.62 -5399.17 -1568.45
-6952.47 -5394.76 -1557.71
-6936.56 -5395.42 -1541.14
-6896.78 -5399.24 -1497.54
-6891.18 -5416.06 -1475.11
-6980.34 -5513.61 -1466.73
-6876.94 -5438.5 -1438.44
-6859.35 -5408.05 -1451.3
-6844.39 -5414.83 -1429.56
-6840.09 -5414.82 -1425.27
-6835.29 -5417.85 -1417.44
-6854.17 -5435.89 -1418.28
-6921.03 -5507.59 -1413.44
-6836.62 -5435.6 -1401.02
-6893.76 -5475.01 -1418.76
-6831.29 -5416.92 -1414.37
-6827.77 -5413.48 -1414.29
-6835.25 -5418.25 -1417
-6872.64 -5457.73 -1414.92
-7220.85 -5783.55 -1437.3
-6833.65 -5422.01 -1411.64
-6824.38 -5409.45 -1414.94
-6822.17 -5408.09 -1414.07
-6823.39 -5412.87 -1410.52
-6835.66 -5430.64 -1405.02
-6813.61 -5404.05 -1409.56
-6968.08 -5538.94 -1429.15
-6883.18 -5479.04 -1404.14
-6848.82 -5433.44 -1415.38
-6895.7 -5484.4 -1411.31
-6888.15 -5483.52 -1404.63
-6821.56 -5410.66 -1410.9
-6823.26 -5404.6 -1418.67
-6836.08 -5429.48 -1406.59
-6822.77 -5417.39 -1405.38
-6827.7 -5421.68 -1406.02
-6831 -5418.02 -1412.98
-6954.23 -5536.71 -1417.51
-6832.37 -5433.04 -1399.33
-6838.19 -5419.51 -1418.67
-6829.4 -5419.25 -1410.15
-6828.87 -5410.21 -1418.66
-6827.51 -5416.98 -1410.54
-6821.98 -5406.26 -1415.72
-6871.52 -5455.96 -1415.56
-6824 -5411.58 -1412.42
-6836.03 -5418.33 -1417.7
-6820.23 -5407.77 -1412.46
-6826.39 -5413.39 -1413
