30.5542 -0.203322 2.99815 17.0179 -0.0903018 10.3247 2.82066 0.119471 12.1487 9.7628 3.39802 18.0416 3.1622 19.1712 -8.28367 8.47824 -0.76404 -29.0149 16.7209 6.18384 0.79243 2.50343 1.73631 -6.08992 6.17243 -4.84041 -5.30176 2.04254 -2.96729 -5.68392 0.977599 -14.1592 2.28894 -14.9829 4.95105 15.1918 -23.1038 31.2897 -2.63536 3.68784
-0.166808 -25.7672 2.81323 -4.13441 -14.9278 9.76721 5.81903 0.0674723 9.40123 11.1539 2.36509 -15.6066 2.97374 -17.4454 18.3479 4.27847 7.77164 -11.6424 -17.3286 -9.24834 2.28134 9.28869 1.70455 22.0453 -4.56704 -4.71606 -16.2556 2.05208 -5.53922 -2.89497 1.5063 2.23402 2.32942 11.1216 -36.1947 -0.908289 -26.928 -6.31841 -2.14203 18.5771
-0.230016 31.0823 2.95075 9.89472 -12.1489 -25.0049 2.14641 0.00243309 9.46845 11.6943 2.54436 1.41203 3.0803 -9.81248 27.3914 -1.92869 17.8963 2.08984 -29.8775 1.78588 -4.97277 -8.06463 2.01125 -14.1147 2.2729 -5.44617 -2.79033 1.42624 7.7663 2.27945 9.24029 35.9083 -38.3209 10.1341
11.7463 -0.120949 3.00811 10.0527 -13.6876 -22 18.3695 0.0335784 9.59572 13.7457 2.87188 1.77805 3.15071 -7.72312 -0.327418 -2.66569 20.4037 -13.3945 7.13994 -29.1972 15.9964 32.0673 -6.19861 -14.8601 9.12537 4.87825 -8.46305 24.2471 31.2145 2.5785 1.76242 -4.74486 2.52364 -16.7415 41.5989 2.03318 -5.17153 -3.68939 1.23747 -5.44459 2.24046 -7.57094 -8.7601 -9.06384 -38.7795 21.558 -8.14054 -3.65419 -15.6572 -10.6658 -6.44554 2.15085 -4.18543 20.2661 19.2103 -22.9421
8.23837 0.105476 2.91984 10.1771 9.68948 33.214 -22.3432 0.120239 12.5331 9.39942 2.79755 -13.9914 3.1136 14.0274 0.5825 21.84 -20.8643 27.8167 2.62326 1.92436 -4.95541 3.12142 11.8697 -16.1578 2.09997 -3.00353 -5.24329 0.79602 -16.9746 2.18239 19.3442 12.2788 -4.9861 7.38894
-11.2161 -0.0190951 2.92654 10.1426 -6.46034 -6.29386 -0.118517 13.7766 13.1378 9.20312 2.71135 6.44175 3.15687 36.0027 -5.24348 -3.15856 25.3868 -1.66084 1.50972 -32.4003 1.88638 1.90627 -4.95527 2.28383 -35.5552 2.04109 46.4478 -4.07313 -5.28831 0.897428 9.20837 2.20886 15.6134 2.62401 3.94636 4.08594 29.7259 -5.93862
5.00415 0.139732 2.85523 10.131 -6.14612 -3.76839 0.102985 12.6559 12.093 9.3626 2.30466 3.19728 -0.0851451 -3.25573 10.6582 -20.4446 2.169 1.84827 -4.93467 1.50284 -13.2217 2.41915 -19.7173 -3.90123 -5.55915 1.06779 2.08228 9.33007 -4.66626 11.9085
3.22428 0.0216801 2.94414 -12.1221 10.0041 21.4588 16.2278 -0.0275921 13.2924 9.32123 2.48268 3.1979 29.2037 -8.82492 30.2656 23.0657 27.5385 -2.89476 -17.3169 -0.577517 -11.6405 2.01888 1.90638 19.6553 -4.97243 -11.0934 -22.7144 2.40262 -3.52317 -5.63604 1.28992 2.05282 -7.66453 14.5165 -9.96633 11.4841 -35.2715 25.87 -12.1263 9.82598
-3.53649 0.0277037 3.0086 -25.4317 10.1092 4.50996 13.4838 0.0877298 11.2358 9.51015 3.14097 2.88128 25.256 18.9544 21.6899 21.8016 7.58567 1.73896 1.89495 6.35847 -4.90164 -1.6618 -9.64616 2.45093 -2.92555 -5.45357 1.98645 1.05501 5.41676 -11.9337 4.51936 -22.1473
22.9062 -0.0150427 3.08957 17.3781 10.0822 0.586881 1.72239 0.031886 13.3403 9.27993 3.02996 2.50757 -22.9861 -5.48237 1.63479 2.713 13.9429 -19.6978 1.32229 1.88312 5.63818 -4.93546 -23.4446 -6.83348 2.19029 -3.31516 -5.55405 2.17899 0.265924 -17.0521 15.3988 6.89657 3.64087 5.87053
12.7658 0.152537 3.09842 -15.5824 10.1868 9.80565 1.45232 12.4637 0.0161278 9.27354 2.94652 1.91003 12.9366 20.5303 2.68684 9.12234 4.77591 15.6659 2.00388 1.88354 -8.85602 -5.01242 0.25481 1.96749 -3.39525 2.27952 -5.35186 2.05547 0.324049 -1.06656 10.3659 -4.46511 32.3891 -15.1237
0.110476 3.02917 5.06341 39.385 10.0774 8.8584 4.98206 12.966 -0.0343713 9.56993 3.08211 2.80035 3.31865 3.32952 -10.7754 16.5961 3.96259 2.13185 1.92169 1.9032 5.21866 20.1609 -4.88017 24.2148 1.28871 -2.89418 2.15442 -5.55222 2.20413 0.0129083 1.23191 11.7106 -24.3018 13.6715 4.33934 6.50642
0.147732 3.11647 42.5893 -1.00749 10.1388 -2.99651 14.7856 13.8273 -0.0563739 9.24247 3.16735 -0.141549 29.5401 1.62592 1.79936 6.08079 3.29533 -4.91331 13.5979 -7.71221 -4.16434 2.26952 -5.37132 2.20006 1.99903 18.9443
0.230709 2.93988 -9.94363 8.96722 9.97585 -11.4945 20.5616 13.9167 0.0668246 9.25695 3.39343 4.74331 -13.7226 10.3885 2.20963 1.84648 -2.34195 5.01488 -4.94902 3.40612 15.3678 -4.28217 2.15107 -5.39162 2.14547 -1.73334 35.0528 9.03355
0.199803 2.92155 -1.86275 12.0564 10.0755 12.968 -3.96147 14.1665 0.0231944 9.44117 3.07752 -5.14163 31.3544 15.0576 2.23298 1.76287 -0.204078 17.8713 -4.87854 19.6214 9.93746 -3.42633 2.17541 -5.40035 2.357 4.90669 6.60919 -24.8179
0.0908555 2.92948 26.0621 10.0949 22.2102 1.8862 -3.60904 14.0791 -0.0910671 9.34214 3.1458 24.9488 0.946294 -23.6562 -7.38789 -2.7623 4.38294 -0.434904 -16.6264 26.562 47.0833 -1.2186 -20.8614 2.11945 1.80584 7.97728 -4.84941 11.0496 14.0869 -18.3541 -3.39515 2.31186 -5.54459 2.28761 1.51158 5.18122 13.9055 6.16052 -18.4525 -7.70189 19.9111 -19.6499 -3.11613 -22.81 -4.96214 13.9248
-0.283639 2.95888 23.7029 10.1025 6.5893 -21.8092 1.46524 13.5194 0.0548414 9.17166 3.34419 5.22726 17.3308 2.32495 1.68771 12.6334 -4.96258 5.8524 16.9522 -8.31753 -3.6397 2.10063 -5.77209 2.46718 -6.00315 1.33753
0.017049 7.06587 2.97034 9.94094 -9.2291 -10.3257 4.93259 15.0814 0.0729475 9.05983 3.31761 7.86423 -4.5864 2.22446 15.4774 1.78933 -4.93839 17.5925 14.4859 -2.76716 -2.99985 2.134 -5.58426 2.45989 -3.33628 19.6205
33.2585 -0.183075 2.96347 10.0406 29.5345 6.60195 14.3894 -22.6676 0.0800054 9.06799 3.33176 0.308839 8.80169 4.98404 -4.94651 -8.47003 35.703 -7.33074 2.52628 1.81078 -4.96879 42.3651 11.0284 -3.26503 3.62217 2.11048 -5.38163 2.38864 0.577175 7.82905 4.0313 0.852952 -8.1298 -5.63791
-17.7153 -0.0932103 10.0093 2.87045 2.40844 19.2918 13.445 4.60725 0.000363321 9.2963 3.34236 3.98122 11.0223 2.37388 -4.97012 1.84325 -16.1759 -0.545667 -3.0575 4.05117 2.05587 -5.03625 2.39547 0.69935
13.273 0.0743676 10.1226 2.86092 14.0182 14.479 -12.6222 -28.525 0.0270636 9.00358 3.20028 4.58837 -21.5782 9.22821 3.18253 13.3123 3.95039 18.1098 6.21506 2.00197 2.32163 -4.98636 1.93939 4.0474 -3.374 -21.2946 26.4753 2.09527 -5.45746 2.46166 -0.34116 -15.1677 18.2391 -12.1942 -15.5017 5.1383 -6.74699 17.1666
12.0367 -0.0375584 9.99471 5.20001 2.90977 -7.06364 13.1101 15.4224 0.0479052 9.54589 3.4618 3.33143 -19.0362 -17.7007 25.4653 2.60793 -5.05848 -15.7486 1.84369 14.2074 -2.65946 -0.517875 2.07361 -5.64711 2.3059 1.65142 3.92671 -9.99555
8.2778 -0.0290632 10.0051 1.3724 2.83579 14.1825 -17.1007 13.9183 0.11286 8.56927 3.442 3.55341 7.03246 0.498793 28.157 -9.44391 46.4696 -6.32169 2.39438 -5.09613 -9.4979 1.88284 -3.2832 2.9712 34.141 2.03048 -4.92264 2.34946 0.918034 0.667946 -18.6283 9.23138 12.011 -13.152
6.46827 0.0487503 10.1838 2.86752 -2.24708 11.1202 6.1188 -13.991 0.0139522 8.89827 3.37227 3.52774 -12.8008 43.5159 19.0025 6.88978 -2.79096 3.12604 30.202 13.3922 -2.38366 2.42107 -4.93181 1.77734 -3.294 -0.272206 8.80003 -19.8786 2.05853 -5.41239 2.37052 0.701139 9.5508 7.87352 -11.029 0.413494 -17.4409 12.6182 12.3967 -9.72883
0.0786871 -2.09428 10.011 2.88488 -5.47453 11.9388 11.7869 41.1635 0.0474602 8.64609 3.44629 3.37923 -1.45222 5.22271 -14.9399 -0.554058 9.7301 2.32845 5.30862 -4.91861 1.86692 -15.9661 -1.52575 5.9207 18.1751 2.23612 -5.43056 2.40008 1.63474 -6.47864 4.86706 11.8769 -15.4004 -10.0707
-0.157964 -1.29335 9.98486 2.79899 -8.97049 14.8712 15.4961 -0.0131006 -9.38428 8.89287 3.47642 4.23422 -2.51875 2.34179 16.9015 2.28543 27.8204 -4.99945 1.79977 16.3847 -3.58176 18.4699 2.13925 -10.6151 -5.12705 2.28539 2.51188 9.38082 13.7138 -4.9722
0.263669 -7.85012 10.1907 2.89905 37.0561 13.7729 17.9347 0.0184894 9.19204 22.7084 3.69287 4.22735 20.2196 -6.0513 2.27023 -1.2959 -4.91072 1.89307 18.729 -5.65395 8.13473 2.10988 -5.51226 -14.1478 2.30919 1.0952 -13.235 15.3764
0.0287968 27.9964 9.9673 2.95743 22.337 13.8577 12.8911 -0.0765787 9.37424 3.57474 26.3881 3.99723 2.4505 -0.840126 -5.0435 1.85734 -7.98731 -3.10875 17.7332 2.09754 -5.67835 2.38222 10.0351 -1.13213
0.234359 21.5028 10.1545 2.90348 2.9734 12.1883 -0.776672 -0.022308 9.21035 3.71935 16.1271 3.21231 28.5497 -21.4403 -30.3945 10.6035 0.285665 1.29658 5.07547 2.92098 -4.49896 -4.90606 1.89807 -13.7908 -3.25071 -4.4718 2.24133 -5.5936 2.45855 24.0445 -0.317915 -5.11681 3.67384 -4.21008 -4.63629 0.391242 -4.24517 -2.0622
0.395521 4.49744 2.92349 9.98952 -5.90578 21.9345 20.3673 0.031829 9.51039 3.76383 -17.2877 13.7454 16.3291 -32.4306 2.2026 -8.48247 1.86258 -4.87565 5.82273 -5.99613 -7.20343 1.97345 -5.77837 2.44821 -1.32907 -5.20513 3.25154 -25.4008
0.490248 13.2613 2.89831 10.1898 -8.98223 -15.717 41.3857 -0.0169968 9.271 3.71628 9.26277 10.9451 -5.37913 7.98426 -7.00103 -4.60892 7.24598 -2.5993 2.88559 2.54355 1.91464 -4.85394 3.02574 -2.42501 12.9856 2.09421 -5.55035 2.47926 23.3252 -0.441055 -11.5336 -8.01113 -6.08969 -7.20695 19.2621 -8.04737
9.3634 0.178849 2.94241 10.0074 14.1648 13.7453 9.40431 -0.0963798 3.83509 9.38803 28.5279 12.1986 -7.81551 21.6395 8.03849 -8.66091 -11.8903 -35.7264 15.9062 2.43651 1.88816 -5.00488 5.78434 -22.2496 23.5631 2.1922 2.39001 -5.5024 -4.71905 -2.17658 -19.4855 -13.3058 -10.1883 -18.6196 -19.366 12.9679
10.549 1.0192 10.0025 2.94481 -23.1353 12.7684 16.9452 -0.0235212 3.79901 9.23755 0.0208854 11.1305 -4.29887 9.48603 35.62 -3.64313 -21.0851 14.1676 29.56 -14.8961 20.7732 3.85021 -4.99576 1.91951 -0.758515 3.44031 23.6236 2.27439 2.17233 -5.37521 0.33932 0.418816 -9.24674 39.496 -2.6306 -6.27078 1.34153 1.21295 -25.8091 -26.4536
3.56274 0.0592878 10.2972 2.94599 8.67322 -18.9331 -0.0314445 17.8986 3.97793 9.22355 -10.6638 14.4882 21.9478 23.7078 -11.9918 13.5872 12.2292 10.9436 -16.4729 2.21571 -4.90257 1.89015 29.1561 -7.64896 2.08659 -15.0131 2.30485 -5.21127 9.47013 -2.89453 -19.7348 21.0467 -24.5904 -18.8743 0.981539 -11.3063
12.6364 0.833663 10.134 2.93972 20.6508 3.54998 0.036169 2.54493 3.37927 9.47928 14.3337 -13.3485 1.73241 16.633 6.22892 -1.82005 -0.361163 0.601371 35.4685 4.41495 -4.94878 1.93169 -0.363218 -11.6304 2.32824 19.0346 2.43304 -5.55613 -2.91142 -13.3388 -23.1054 -27.958 -12.2875 10.0322 -11.0713 20.8725
3.18617 0.737742 10.0462 2.95168 35.7689 0.00752133 -5.65483 -1.62286 3.59089 9.18665 14.8784 21.9043 23.8948 2.38814 -2.56746 -6.10173 15.3248 -0.637079 -4.39757 15.1667 3.96205 -5.02299 1.95504 15.3357 1.93085 -0.566417 -3.75715 2.58528 -5.52064 -1.20908 -1.79572 22.9948 17.7788 4.88404 9.30019 -23.3905 5.95268 20.2398
33.7315 0.801763 10.121 2.95159 -3.0887 0.0400995 -10.3611 -17.206 3.99989 9.20854 15.666 -3.96543 -3.80833 -21.3541 0.263654 14.119 -34.203 3.9997 -4.89361 1.86209 11.6121 2.04679 -22.3141 0.08318 2.36906 -5.47252 -10.9657 27.0508 -13.5285 5.11128 3.21742 26.2647
-3.89186 10.0015 -0.467954 12.9279 2.97705 0.0311847 -4.98147 31.5894 3.74781 9.35949 15.0029 12.1431 49.4177 20.3171 23.039 13.1718 28.7549 15.4352 -22.5934 2.37556 -4.98944 6.08917 -23.8584 1.94394 2.15524 -1.49153 -1.84875 2.64169 -5.39976 -6.52239 1.78241 -43.5695 -25.7835 -7.61949 -2.63932 0.681315 5.34144 0.0582039
10.1405 -0.8902 0.819333 4.24662 3.02374 -0.0821838 -12.1036 40.0253 3.62942 10.0492 10.6532 -4.2107 -13.9434 -4.95506 25.8434 4.21783 -10.6094 1.94476 2.04327 -20.0001 -6.45248 2.67173 -5.36699 12.5087 0.977182 8.56951
10.0983 10.8578 5.03574 2.99187 1.0483 -0.0305013 -0.905249 -1.41178 4.19908 9.75711 -33.1986 12.7637 13.5817 -19.2782 9.33879 -7.84987 29.6024 -15.6725 -4.90987 -11.7722 -10.3532 1.88359 2.97072 2.01489 13.3244 -7.08257 2.93404 -5.08598 11.4061 -5.58805 5.79395 -0.142904 26.527 -23.4847 7.00771 -18.3578
10.1415 31.8262 -0.727061 -0.656306 3.00298 0.0105413 -13.082 19.0857 4.04509 9.76113 27.086 6.10841 -0.261656 8.0619 13.8612 8.94914 10.5255 7.535 10.1358 -5.04689 8.74873 -4.78383 4.56013 1.85758 2.09143 4.9252 5.30729 3.07153 -5.01946 -16.9498 -32.3403 -2.81683 -12.8301 -21.1483 -2.62212 18.2369 0.923761 13.6247
10.0411 -1.02948 15.6588 1.20647 3.01347 -0.0173831 -15.6737 3.44838 9.21293 3.84518 -11.1379 5.17269 0.249648 -15.1944 -4.95098 6.77851 1.16289 1.86175 1.7733 2.21594 6.52233 13.9125 -5.58619 3.19326 -29.8655 11.9563 -3.88073 0.391595
10.0551 -8.79626 11.5408 1.13734 3.02736 0.0925481 1.06901 8.9118 -9.13891 3.25853 0.915723 8.17971 -1.09561 1.67005 3.11581 -6.85949 6.72077 -33.4367 -4.94967 -6.64504 22.6699 -0.325829 1.96607 2.13646 -5.84186 -5.2871 1.22337 3.48454 -1.72068 -17.0114 -9.14967 -1.13942 3.07612 4.34476 -16.3727 -14.4009
10.1477 2.15536 2.50002 -2.07616 3.08633 0.103893 9.4617 -2.08194 -21.5732 2.68513 4.21993 33.8483 7.22899 -7.01248 -4.95988 6.71011 28.4392 -9.10393 1.91672 2.15628 -5.61818 0.396163 6.51407 3.82905 -5.10541 -22.0221 -11.7753 -8.07854
10.0959 12.4292 3.91123 -11.9803 3.06266 0.0231657 9.30465 7.42959 -6.80157 3.57386 27.9287 15.2745 -2.08609 -1.9153 -0.870108 1.94563 26.7824 -5.09444 17.7514 4.9705 14.3163 1.92868 2.4351 -5.24539 -7.47083 12.0213 2.71108 -0.644988 13.844 -9.489 -4.05297 12.6204 0.79173 8.53819
10.1392 -13.3643 16.3212 8.88726 3.06802 -0.0100922 8.98845 20.5242 3.4563 -0.661873 15.1267 11.0982 16.6186 10.6533 42.7775 -4.87343 -15.2199 5.31545 2.85914 2.00676 2.37518 -5.58791 -2.9129 3.99556 -6.93088 -6.96147 6.17902 4.99702 -13.2159 -23.4573
10.1629 18.5358 17.4706 -10.7572 3.00105 0.017068 9.3698 4.51353 0.388591 5.84737 26.7286 -4.94748 36.3753 12.7108 -15.0441 1.98247 2.20263 -5.31582 3.45412 24.5308 -0.525253 22.1206
10.1447 23.162 27.5716 3.02789 0.213739 0.0771559 9.82682 5.19876 36.9353 -2.45205 -4.92127 9.68437 -10.1504 1.92243 21.5867 2.02011 -5.53567 2.93527 7.69539 -12.6218
10.1099 -5.29227 20.435 3.05089 0.0739803 21.9599 9.28117 6.34382 25.2482 -4.91159 -6.92378 -6.12092 1.96795 2.28001 -11.04 -5.59356 1.86704 -0.374284
9.97261 10.7406 8.84589 3.03272 0.102883 8.94673 -8.25296 6.63529 -11.1785 -4.93357 -14.8167 3.76329 2.00792 2.01185 -5.38524 1.96177 1.90718 35.2394
10.1429 9.08746 2.26418 3.04704 0.0253947 9.11544 -6.60494 6.5259 -16.2682 7.60485 -4.91479 0.0147763 5.57644 2.00495 2.15513 -5.72612 -12.5861 2.03623 27.7717 14.9957
10.1148 -12.8208 2.21766 3.05661 0.136565 9.7318 9.04973 2.8846 -4.94606 -13.4668 2.0319 1.97688 2.18028 -5.65728 16.4337 3.80365
9.9969 5.85774 16.3806 3.0249 0.126045 9.39216 5.30816 9.92399 27.8595 33.1581 22.8457 -5.05312 2.00929 4.93937 1.93429 2.23707 -5.49589 11.3524 2.01857 -24.2836 -31.4511 20.3856
9.87513 6.10117 31.177 3.00232 0.0703479 10.0647 10.9474 2.79499 -4.97335 2.42964 -12.5309 1.89355 2.20053 -5.4596 -23.1652 5.3589
5.21392 10.0409 3.01808 -2.98902 0.118552 9.90394 2.50453 -4.90565 1.83284 -8.42474 2.16105 -5.26019
9.90466 12.1198 3.04826 0.0353823 -6.72072 8.09989 8.77754 -5.02185 2.53148 1.88665 2.19061 2.36518 -4.56401 12.1843
-2.89847 9.98019 0.0498075 2.97079 35.518 11.2096 3.7949 -5.03942 2.08078 1.93836 -12.0094 -6.30546
10.0674 9.63394 0.0619385 3.04072 31.2841 10.6701 -4.92466 -2.32194 1.93896 1.97837 2.63152 -6.28119
10.2099 -4.57462 0.0989864 2.9961 12.2412 10.2488 -13.358 9.86523 1.02692 3.9997 3.02823 -4.89782 4.58037 2.15216 1.91204 -5.89406 12.7342 -7.70917 12.1028 2.39926 7.40777 -36.3037
9.99693 -0.0340014 3.6088 3.09754 3.76008 5.47074 4.00276 27.8488 -4.97711 2.06443 2.48361 1.87769 -2.71611 2.37373 0.258784 -2.67519
10.0172 0.0891038 3.00429 14.4018 11.7444 -9.94715 -4.93744 2.14951 1.94298 -22.804 -6.84214 -11.8126
10.1261 0.090738 3.06586 10.8409 14.5524 4.35523 -4.84166 2.22796 2.03076 -10.9816 -6.59285 13.567
10.1111 3.12781 0.0610385 -0.830663 -52.6912 -4.91207 2.00882 2.21691 -18.847 -23.2411
10.1652 0.0285105 2.99819 -4.89215 2.19136 1.97521
0.0691575 10.0864 3.10402 6.17756 4.96419 -0.780233 8.54128 2.13652 -5.01177 2.00494 15.0138 22.9061 17.9648 -25.9636
-0.0209037 3.1147 10.1033 2.26298 1.91 -4.96868
0.0417676 3.04406 10.2168 -10.9482 -0.998073 -1.38388 2.14186 1.99031 -4.87192 14.7204 5.35378 -6.83797
3.05339 0.025951 10.1081 2.00528 2.21595 -4.97257
3.04752 0.0390697 10.1169 2.01251 2.2206 -4.97367
3.07231 9.98844 0.0559303 1.93025 -4.97725 2.27217
10.0306 3.06621 -0.031143 -19.8623 -8.49301 -5.65682 -4.90827 1.97432 2.16739 16.3904 -26.5361 -12.9885
10.207 3.04298 0.0214769 8.58835 11.5441 9.05128 17.0704 1.00206 -2.15303 33.9973 -4.91201 1.97325 2.36651 -26.7786 -2.69365 11.0852 14.5044 17.7075 -1.87392 -14.6656
9.96515 2.90603 0.0659611 -19.0795 10.119 -5.03351 1.92409 2.04101 -6.16684 -15.054
2.9508 9.90248 -0.0233609 1.92116 -5.12689 2.15518
10.1518 3.10522 -0.0263704 -4.89073 1.97174 2.1858
10.079 0.00261866 2.99255 -4.99915 2.11774 1.9688
10.0637 3.0718 0.0288704 -4.9906 2.01016 2.25464
3.00091 9.93992 0.155976 -11.4837 1.85378 -5.04114 2.17826 -4.3938
3.09011 10.1285 0.030494 1.94301 -4.87397 2.06905
10.0059 3.07706 0.0254523 8.49458 27.8775 21.7584 -4.94204 2.07036 2.22765 -14.7173 2.04146 10.6983
2.9574 10.1123 0.046002 2.03935 -4.99794 2.21515
9.92874 2.95236 0.123984 16.02 -4.98394 1.94845 2.24689 1.48677
3.02504 9.99601 -0.0450358 1.93589 -4.9216 2.31237
2.99206 0.0208398 9.95978 26.6632 -15.4117 41.435 23.1466 10.6299 1.89605 2.06275 -5.0745 -11.4068 -14.7645 20.5266 15.877 -10.6896
3.10623 10.0407 -0.023157 1.92638 -4.99471 2.22334
3.01684 0.0691206 10.0952 1.94427 2.1794 -4.88622
0.0434592 3.00758 10.1325 2.04467 1.99736 -4.92528
0.0665858 9.87769 2.93526 2.06413 -5.11493 1.94261
0.0954072 3.01256 9.96223 2.16316 1.97751 -5.02737
3.08882 0.0270183 10.0952 1.94241 2.15768 -4.95086
2.98513 9.97345 -0.0260396 1.96447 -5.0283 2.16186
3.04744 -0.0547502 10.0729 1.96999 2.242 -4.98688
3.02982 9.90552 0.0636083 2.01676 -5.04536 2.14737
2.95483 0.0910216 9.98201 1.88854 2.15093 -5.06596
0.0883326 3.07231 10.043 2.36348 1.98472 -5.02161
2.97889 0.0104002 9.99143 1.917 2.09248 -5.04721
3.02141 10.0223 0.0735145 2.01464 -4.93761 2.12418
10.0397 3.01537 0.105537 21.0726 20.454 4.57162 -4.9447 1.86688 2.4188 22.5526 16.5909 16.4394
10.006 3.05919 -0.0190131 -1.61709 -5.03106 1.98275 2.16537 -11.7333
3.03195 9.92251 0.0146251 1.89979 -5.02244 2.00834
