0.261479 -4.49157 0.252132 0.978542 1.30559 5.5059 2.08044 -5.19386 2.82124 3.81568 -0.95689 -1.95602 -0.125543 -1.08755 -3.10083 2.132 2.56061 1.21961 -5.5238 -2.11982
-4.49157 -0.153668 0.252132 2.41083 0.455641 5.5059 2.07849 -5.19386 3.81568 2.82124 -0.95689 -2.19291 -0.125543 -0.80662 1.34225 -1.74251 0.637157 -0.206955 2.44324 -0.310028
-4.49157 0.515734 0.252132 5.5059 2.72811 -0.0668843 2.07849 -5.19386 3.8352 3.00904 -0.95689 -2.25563 -0.125543 0.64505 -1.06137 -0.664565 0.552401
1.24218 -4.53445 0.252132 5.31794 3.21921 -0.737203 2.99912 -5.19386 3.8352 3.20216 -0.95689 -2.6696 -0.125543 1.03993 3.37453 -0.212665 3.28134 0.597597 -0.979327 -1.56943 0.825015 2.17883 4.2146 18.4445 6.58144 -0.00724096 -1.935 -3.38908
1.19697 -4.53445 0.252132 5.31794 2.92254 -0.745079 3.68801 -5.19386 3.20216 3.8352 -0.946783 -2.58618 -0.125543 2.02855 -2.00203 5.73925 -1.91059
0.74279 -4.60758 0.252132 5.31794 1.42105 -0.745079 -5.19386 3.48194 3.20216 3.8352 -0.642944 -2.77551 -0.125543 -0.16954 3.02573 0.557037 -2.5624 2.05396 -0.701305
1.01661 -4.60758 0.252132 5.31794 2.56788 -1.913 -5.19386 3.38446 2.95124 3.8352 -0.642944 -0.125543 -1.07146 0.263856 -6.80255
0.12676 -4.60758 0.252132 2.69463 5.31794 -2.52446 1.71597 -5.19386 3.09178 3.8352 -0.705682 -0.125543 1.29617 1.31875 0.273045 2.16178 2.84261 1.17287 -1.19518 -2.52768
0.50435 -4.60758 0.252132 2.313 5.31794 -2.80337 1.7276 -5.19386 3.09178 3.8352 -0.125543 -0.705682 1.19183 1.62716 0.486667 2.43238
0.183623 -4.60758 0.252132 0.206486 5.31794 1.50346 -3.40964 -5.19386 3.00004 3.65615 -0.125543 -0.705682 0.67879 -5.04777 2.62967 -0.98105 0.131912
0.028584 -4.60758 0.252132 0.23444 5.31794 0.0220109 -4.1087 3.00004 -5.19386 3.65615 -0.125543 -0.705682 2.02299 5.19522 -1.22956 1.82494 -6.14813
-4.60758 0.252132 0.744358 -0.332385 5.31794 -2.60692 -3.26453 3.69367 -5.19386 3.65615 -0.125543 -0.0767879 6.37655 0.639941 2.22101 1.39079 -3.24049 -3.00476
-4.60758 0.252132 0.0914148 -0.0167297 5.31794 -3.74045 -4.54326 3.66463 -5.19386 3.65615 -0.125543 -0.0767879 3.92312
-4.60758 0.252132 0.228746 -1.05579 5.31794 -4.09845 -3.36603 3.72025 -5.19386 3.65615 -0.142627 -0.0767879 -0.861946 1.02026
-4.60758 0.252132 -1.8721 0.58118 5.31794 -4.09845 -2.85717 3.58656 -5.19386 3.65615 -0.142627 -0.0767879 -2.57099 0.565479
-4.60758 0.252132 -0.392411 5.31794 -3.4148 0.58118 -1.75816 3.58656 -5.19386 3.65615 -0.113935 2.1726 -0.592253 2.99543 -0.741808 3.50998 -2.08797 -3.41516 3.11863 4.58961 -1.17558 3.88676 3.21068
-4.60758 0.252132 0.178793 5.31794 -3.46519 -1.59733 0.424943 3.58656 -5.12826 3.65615 -0.113935 -1.32611 1.93955
-4.51223 -1.55426 0.252132 5.31794 -1.35064 -4.99033 -0.448187 3.58656 -5.12826 3.65615 -0.113935 -1.48768 -0.127756
-1.50212 -4.51223 0.252132 5.31794 -0.81251 -3.83773 3.58656 -0.0014706 -5.12826 3.65615 -0.394149 -1.51215 -1.03498 -0.439712 2.28669 3.63291 -1.91017
-1.10868 -4.48433 5.31794 0.175033 -0.236172 -2.83402 4.04458 -0.868879 -5.12826 3.65615 -0.394149 -1.89534
-0.711933 -4.48433 5.31794 0.175033 -0.2087 3.74087 -2.50559 0.361285 -5.12826 3.65615 -0.394149 -2.08449 -1.84022 -3.14323 1.88066 0.395812 2.97371 0.34303 -4.82931
0.505685 -4.48433 5.31794 -0.2087 0.175033 -2.86357 1.83361 -1.03905 -5.12826 3.65615 -0.394149 -1.30995 -1.07234 -7.69857
0.765899 -4.48433 5.31794 -1.28112 0.175033 2.81402 -1.8314 0.28712 -5.12826 3.65615 -0.538584 -1.45309 -4.6768 0.638524 -5.61196 1.03413 -4.41419
0.089693 -4.48433 5.31794 0.175033 -2.24388 2.81402 -1.8314 0.456744 -5.12826 3.65615 -0.538584 -1.45309 4.26725 -1.91034 -0.249527 0.31643 -4.86741 2.4577 2.61046 -2.67578
-4.93243 0.362094 5.31794 0.175033 -3.00021 2.96018 0.148667 -1.7432 -5.12826 3.65615 -0.538584 -1.45309 4.44706 -0.129401 4.29549 2.88399 8.68453
-4.93243 0.911175 5.31794 0.175033 -2.33826 2.67787 1.72321 -5.25342 -0.431807 3.65615 -0.538584 -0.293551 0.350996 1.8976 -1.55814
-4.93243 1.00156 5.31794 0.175033 -2.33826 2.12935 1.81191 -5.25342 3.73302 -0.0467421 -0.538584 -0.293551 -1.07256 -0.0206181
-4.71118 -0.487921 5.31794 0.175033 -1.38673 2.60342 1.54774 -5.02558 3.73302 -0.538584 0.396795 -1.05034
-4.71118 -1.16608 5.31794 0.175033 -1.67385 2.60342 3.49599 -5.02558 3.77711 -0.538584 0.822811 -1.05034 -1.71194 -1.01821 1.10969 8.23616 0.0894281 -4.10628 0.486031
-4.7726 -0.815445 0.175033 5.31794 -1.05034 0.115894 3.47335 -5.02558 3.77711 -0.538584 1.19859 2.60342 -9.55844 -0.647116
-4.7726 0.446253 0.175033 5.31794 -0.63998 -0.927907 3.47335 -5.02558 3.77711 -0.538584 2.9312 2.62609 0.434639 3.7484 1.32223 1.99443 2.71931 3.54579
-1.50876 -4.7726 0.175033 5.31794 -1.25674 -2.17733 2.57396 -5.02558 -0.538584 3.77711 2.92565 3.27456 2.8085 0.239284 -3.76596 -2.95835 2.366 -0.0572556
-1.50876 -4.7726 5.31794 0.175033 -0.947154 2.38734 -0.317018 -5.02558 -0.538584 3.77711 4.45646 2.64867 3.79879 0.682933 0.816787 -2.63419 5.10944 0.15454 -3.07766 -1.26303
-1.12939 -4.7726 5.31794 0.175033 1.42116 2.26644 -5.02558 -1.19018 -0.550277 3.972 3.18717 1.44272 -1.48608 -10.5752 1.20122 2.41773 -0.17227 2.92542
-1.12939 -4.7726 5.31794 0.175033 0.200058 1.81698 -5.13427 0.102041 -0.550277 3.972 1.45862 -0.102678 -1.62134 2.90411 -1.90987 -1.31539 1.22429 -2.25924
-2.90008 -4.7726 5.31794 0.175033 -1.00294 -5.13427 1.30127 -0.85652 -0.550277 3.972 2.03381 -0.939415 1.83177 0.96518 1.18459 4.85631 3.36828 -1.63946 -1.50815
-2.90008 -4.7726 5.31794 0.175033 0.318292 -5.13427 1.4407 -2.41003 -0.550277 3.972 3.02525 -1.35369 -10.4647 3.95466 -0.94289 -3.71616
-2.24023 5.31794 -4.7726 0.570765 0.175033 -5.13427 1.26335 -2.41003 -0.404922 3.972 3.32419 5.40338 2.12404 1.36946 2.0553 -0.466383 -0.345493 0.655648 1.93792
5.31794 -1.16837 -4.6301 0.0807019 -0.00581236 -5.13427 0.712854 -1.892 -0.404922 3.972 5.81283 1.3753 1.19719
5.31794 -0.209523 -0.651994 -0.00581236 -4.6301 -5.1444 -0.62319 -3.13824 -0.404922 3.972 1.70365 -3.84321 0.676385 5.94503 -0.198827 -6.19331 3.26249 6.89513
5.31794 -0.788745 0.592738 -3.21718 -0.00581236 -5.1444 0.436075 -1.51514 -0.662084 3.89544 6.22928 1.35796 5.55641 1.29029 -2.1906 2.79981 -0.28006 5.19737 6.65992
5.08034 -1.98341 0.549114 -3.45514 -0.00581236 -5.1444 -0.91223 -0.947229 3.89544 -0.969747 -3.31781 -1.56697 -0.0120794 -1.50499
5.08034 -2.22909 0.673526 -3.45514 -0.00581236 -5.1444 -0.797391 3.89544 1.86151 -0.969747 0.597856 2.30411 -1.16568 -0.0699089 -0.724056 -1.54528 0.138866 5.48022
5.08034 -1.97272 2.73659 0.51747 -0.00581236 -5.1444 3.89544 -3.45514 1.30223 -0.969747 0.883919 -4.89863 -0.0837392 7.21754
5.08034 -3.25686 -0.145168 0.429727 -0.00581236 -5.1444 3.81799 -4.11752 -1.96541 -0.969747 6.84995 3.10922 -1.91723 -0.318072 0.758684 -3.49276 -0.466989
5.08034 -2.87892 -0.452707 -0.217589 -0.00581236 -5.1444 3.81799 0.334117 -0.969747 -1.00888 -2.4561 -9.06056 1.2734 2.2012 1.27527
5.08034 -0.353574 -0.452707 -0.251953 -0.00581236 -5.1444 3.81799 -0.969747 2.62474 -1.00888 0.717723
5.08034 -1.43427 0.297185 -0.00581236 0.685507 -5.1444 3.78923 -0.969747 0.659124 4.52986
5.08034 -0.670877 2.21562 -0.00581236 -5.1444 -0.582439 3.92559 -0.749495 1.62255
5.08034 1.36075 -0.541925 -0.0136539 -5.1444 3.92559 -1.11477 -1.10133 0.874179
5.08034 1.36075 -0.541925 -0.0136539 -5.1444 3.92559 1.2085 0.432714 1.77148 0.747752
5.08034 0.913322 -0.541925 -0.0136539 -5.1444 3.92559 2.14346 0.432714
5.08034 -0.541925 1.69329 -0.0136539 -5.1444 3.92559 2.19017 0.432714 1.30553 -2.14452 1.24069
5.08034 -0.541925 1.87503 -0.0136539 -5.1444 4.26218 1.4012 0.432714
-0.193554 5.08034 -0.0136539 1.45858 -5.1444 4.26218
5.08034 -0.193554 -0.0136539 -5.1444 0.51669 4.26218 1.73315
1.61311 5.08034 -5.1444 -0.0136539 -0.957845 4.26218
5.08034 0.41371 -5.1444 0.138471 -1.79707 4.26218
5.08034 0.39939 -5.1444 0.138471 4.26218 3.44541 -2.13622 1.26049 -0.539795 1.19593 -0.00745965
5.08034 -5.1444 0.39939 -0.0202422 3.67236 1.90816 -1.6289 1.61116
5.08034 -5.1444 -0.0202422 -0.19772 1.27655 4.35372
5.08034 -5.02931 -0.0202422 0.355034 3.32658 1.61294
5.08034 -0.0202422 -5.02931 7.2947 -1.94068
5.08034 -5.02931 -0.0202422
-5.02931 5.08034 -0.0202422 3.35539 1.56461 2.47667 1.59002
-5.02931 -0.0202422 5.08034
-5.02931 -0.0202422 5.08034 -1.07739 -5.68435 -1.48332
-0.0202422 -5.02931 5.08034
-0.0202422 -5.02931 5.05849
-0.0202422 5.05849 -5.02931
5.05849 -0.0202422 -5.02931 1.47057 5.06711 1.33332
5.05849 -0.0202422 -5.02931 2.03815 5.06711 0.535295 0.219152 2.58858 -0.0815861 -2.88751
5.05849 -0.0202422 -5.02931 1.13405 4.05865
-0.0202422 5.05849 -5.02931
5.05849 -0.0202422 -5.02931
5.05849 -5.02931 -0.0202422
5.05849 0.0824854 -5.02931
0.0824854 5.05849 -5.02931 4.17695
0.0824854 5.05849 -5.02931
5.05849 0.0824854 -5.02931 -0.640803 -4.75415 5.2268
0.161625 5.01864 -5.02931
5.01864 0.161625 -5.02931 -1.37877
0.161625 5.01864 -5.02931
-0.0634666 -5.02931 5.01864 5.18413 -1.62405 4.95422 -2.1998 0.655193
-0.0634666 4.91745 -5.02931
-0.0634666 -5.02931 4.91745
-5.02931 -0.0634666 4.91745
-5.02931 4.91745 -0.0634666
-5.02931 -0.0221342 4.91745
-0.0221342 -5.02931 4.91745
-0.0221342 4.91745 -5.02931
-0.0221342 -5.02931 4.91745
-0.0221342 4.91745 -5.02931
-0.0221342 -5.09342 4.91745
-5.09342 0.000516136 4.91745
0.000516136 -5.09342 4.91745
0.000516136 4.91745 -5.09342
5.10433 0.000516136 -5.18967 3.30258 0.880771 -1.98491
4.93101 0.000516136 -5.18967 -6.25681
0.0915168 5.08721 -5.18967
