0.418581 0.268986
0.419512 0.268986
0.419048 0.245572
0.422326 0.31464
0.42 0.246702
0.422222 0.291269
0.424348 0.335138
0.427234 0.399932
0.425833 0.357386
0.426939 0.378345
0.4256 0.337032
0.425882 0.337032
0.426923 0.357112
0.42566 0.317501
0.425926 0.317501
0.429818 0.413911
0.429286 0.394879
0.431579 0.451248
0.429655 0.395585
0.432542 0.468888
0.432667 0.468888
0.431475 0.433113
0.430968 0.415435
0.429841 0.380489
0.428125 0.328666
0.431385 0.414069
0.430303 0.380285
0.43403 0.480533
0.435294 0.51359
0.432464 0.431821
0.433143 0.448004
0.431549 0.399955
0.432222 0.415809
0.430685 0.368723
0.42973 0.337644
0.4304 0.353032
0.430526 0.353032
0.431688 0.383222
0.432308 0.398176
0.431899 0.383361
0.432 0.383361
