132.283
133.184
133.184
133.453
133.453
133.453
133.453
133.453
133.086
133.086
133.086
133.086
133.086
133.086
133.086
133.086
133.086
132.2
132.2
132.2
132.2
132.613
133.166 0.223947 -2.89762 0.962463 0.614544
131.383 0.818308 0.962463 -2.88793 1.90938
134.347 -0.204651 0.0740044
134.106 -1.55488
133.153
133.153
132.636 0.769863 -2.54479 -4.25642
132.636
133.171
133.171
132.208
131.364
132.423
132.423
133.234
132.889
132.889
133.47
133.47
132.433
132.433
132.433
132.433
131.674
131.674
131.674
131.595
132.932
132.932
132.932
132.009
132.54
132.122
133.04
131.151
132.709
131.694
131.694 -2.31915
131.694 2.83602
131.694
131.694
133.437
133.437
133.301
134.966
133.994
133.888
133.888
133.888
131.09
131.998
131.998
131.998
132.894
132.894
131.534
131.534
131.534
133.8
133.104
133.104
133.104
133.104
132.243 3.21852
132.243 -2.16218 -1.88871
132.243 -0.19958
131.89
132.432
132.432
132.432
132.432
132.432
132.432
133.045
133.045
133.731
133.731 -3.13665
-2.71382 136.552
0.753816
0.753816
0.753816
1.60023
3.60499 0.70229
3.60499 -4.98407
3.60499
3.60499
4.3481
6.50893
7.55139
7.55139
7.55139
7.55139
7.55139
7.98915
7.98915
7.98915
7.98915
7.98915
8.34236
8.6494
8.6494
8.6494 -0.343093 -2.2719
8.94922 -0.162024 -1.42471
8.94922
11.7027
11.7027
11.7027
13.0175
13.0175
14.0261
14.0261
14.0261
14.0261
14.0261
14.0261
14.0956
14.0956
14.0956
14.3379 1.28376
15.0569
15.3162
15.3162
15.3162
17.2959
17.2959 -0.523818
17.6904
18.7972
19.3358
19.4644
19.4644
20.7738
23.6802
23.6802 3.35584 -6.17257
23.6802 0.536763
24.4547
24.4547
25.6545
28.1594
28.4969
30.3956
30.3956
30.3956
32.3498
34.317
34.317
34.317
35.036
35.036
35.036
35.036
36.4014
36.4014
36.4014
36.4014
36.4014 -0.170954
36.4014 -0.581039
36.4014
36.4014 3.58842
38.29
38.29
38.29
38.29
38.29
38.29
38.29
38.29
38.29
41.2737
41.2737
42.5194
42.6246
44.1964
44.1964
44.1964
44.1964
46.8426 -0.790005 -5.16241
48.1481 -3.73246
48.1481
48.8675
50.9076
50.9076
51.1162
51.1162
51.1162
52.4073
52.9208
52.9208
53.8027 0.523014
54.5158
56.7689
58.8267
61.8203
61.8203
61.8203
61.8203
61.8203
61.8203
61.8203
62.8151
62.8151
63.0853
63.0853
65.4625
65.4625
65.4625
65.4625
67.3907 0.606454
67.3907
69.7214
69.7214
71.0675
71.0675
71.568
71.568
73.0668 0.300243
73.0668
73.0668 4.73226
73.0554
73.0554
74.4317
74.4317
74.4317
74.4317
74.4317 -2.46603
76.0897
76.0897
76.0897
76.0897
76.3515
76.8188
77.0295
77.0295
77.0295
77.7213
78.244
79.2414
79.785 4.10445
82.0302
82.0989
83.3527
84.201
84.201
86.8908
87.0934
87.5764
92.399
92.399
92.399
92.399
94.0883
94.7896
97.079
97.7042
100.878
101.102
101.102
101.102
101.102
101.102
103.044 -6.7178
103.044
103.078 -4.21061 2.85955 2.4793
103.078
104.934
105.614
105.614
105.614
105.614
106.96
106.96
111.548 0.0998557
111.548
111.548 1.87916
111.548
113.073
113.073
113.073
113.073
113.073
113.073
114.646
117.549
117.741
118.162
118.162
118.162 -0.125411
118.14
119.56
119.56
119.56
120.496
120.496
120.496
122.279
124.969
126.94
127.613
128.488
129.498
132.033
133.408
131.729
131.729
131.729
131.793
131.793
131.793 1.6154
132.42
132.42
132.42
132.42
132.42
132.385 -3.79588
132.385
132.385 0.0674866
132.385
132.385
132.385 -0.724997
132.385
132.385
132.385
132.385
131.636
130.995
130.995
130.995
130.995
131.394
131.394
131.761
134.634
134.873 -0.577372
132.735
132.246
132.246
132.246
132.231
132.231
132.697
132.267
133.271
133.271
133.271
133.271
133.271
133.271
133.271
132.978
132.978 -0.159463
132.321
132.321
132.321
132.988
132.988
132.477
131.538 -1.12155 1.89794 -2.12633 2.97245 -0.327243
131.538 -1.09389 2.2941
132.258 -2.31982 -1.62341 -0.542608
132.258
131.917 -0.765329 1.51922 6.10503
132.762 2.99554
132.762
132.762
132.762
132.762
132.014
132.131
132.131
132.131
133.383
133.383
133.644
133.644
133.632
132.316 0.420851 -0.201329
132.316
133.458
133.158 -1.62945
133.352 3.49992
133.352 -7.01398 5.12353
133.352 -0.67994
132.615
132.615 -5.0663
133.188
133.188
134.214
134.214
134.756
134.756
134.756
132.928 0.944918
131.901 -0.560912
131.901
131.544
131.544 -0.76671
132.377
132.077 0.382105
131.566
131.566
131.566 1.74251
132.54
132.54 -0.868159 -2.98629
132.648 -2.43169 1.09923
-1.55394 133.007 1.09923 0.465561 2.01617
-1.55394 -2.281
0.187086
0.187086
1.23312
1.76881 -4.8865
1.76881
4.70684
6.04554
6.04554
6.04554
8.54881
15.279
15.279
17.2343
18.9446
18.9446
18.9446
18.9446
20.0191
20.0191 0.154278 -1.18436
20.0191
23.4261
23.4261 1.91466
24.0096
25.1856
25.5698 1.66128 -0.536699 -2.33261
25.5698 4.70652
31.4236
32.3556
33.2258
33.2258
33.2258
36.5019 3.77376 -0.131577
37.658
37.658
37.658
37.658
37.658
39.509 -1.72799 0.245207
41.8849
41.8849
41.8849
44.2468
44.2468
44.2468
44.3964
47.4706
50.0867
50.0867
53.1065
54.1604
54.1604 0.892418
56.0925
59.9754 3.67748
59.9754
59.9754
59.9754
60.1478
60.1478
62.1572
62.1572
62.1572
62.1572
63.0415
63.0415
63.0415
63.8965
63.8965 6.25433
64.7293
66.4183
68.415
68.415
68.415
70.2858
72.4742
72.4742
72.4742
72.4742
75.6339
75.6339
75.6339 0.426983
75.6339
76.2228
76.2228
76.2228
79.2276 -2.28983
80.7228 1.09963
80.7228
80.7228
81.3312
81.3312
82.6192 6.20819 1.48847 -8.80554
84.0647
84.0647
84.0647
85.5105
89.0306
90.807
92.5141
92.5141
92.5141
92.5141
97.4663 -0.0387709
97.4663
97.4663
97.4663
98.3078
99.6255
99.7522
99.7522
99.7522
99.7522
99.7522
101.964
104.606
105.336
105.336
105.336
105.336
105.336 2.55636
105.767
105.767
106.263
106.263
106.532 1.01928 -0.0266428
106.532
106.872
110.651 1.88126 -1.01099
113.155
113.155
113.155
113.155
113.92
115.209
116.577
119.08
119.08
121.752
121.957 0.777487
121.957
121.957
122.873
122.873
124.734
124.734
128.751
130.1
131.028 -1.72642
131.028
131.028
131.236 -1.35164
131.236
134.511
134.511
134.511
134.511
133.301
133.301
132.186
132.186
132.186
132.351
132.79
132.79
132.79
132.614
132.614
132.614
132.743
132.743
133.121
133.121
133.531
132.845
132.845
132.845
133.176
133.223
133.223
133.223
133.223
133.146
133.17
133.17
133.17 0.0112727
133.17 0.225785 4.26804
132.219
132.219
132.219
132.922 -9.92903
132.922
132.922 -0.925425
132.922
132.922
132.922
132.922
133.275 2.56926 -4.6655
133.727
133.727
134.122
134.122
133.605
132.752
132.752
132.48
132.48
132.48
132.73
132.73
132.73
132.73
133.627
133.627 2.75223
133.627
132.342
133.664
132.821
132.821
132.821
132.821
131.939 0.488108 2.59225
131.939
131.939
132.67
132.67
132.67
132.122
132.122
133.309
131.954
131.954
132.274
132.274
132.274
132.274
134.376
134.376
134.415
134.415
134.415 4.19288
134.415 1.54772
134.415
134.415
131.016
130.482
130.482
131.487 1.67375
131.487 -2.61535
131.487 1.01559
133.731
133.488 3.50211
133.488
133.488 -0.565402
133.488 5.7423 -1.52096
132.889
131.571 -9.68231 -0.307553 1.0736
131.372
131.532
131.532
132.844
132.071
132.397
132.397
133.059 -0.228496
132.028
133.128
133.481
131.893
132.295
132.044
132.044
132.044
133.272
133.272 2.98234 7.14126 1.27253 -3.06688
133.097 0.0476873
133.097
133.097 -0.378913
132.44
132.44
132.44
132.898
132.898
131.981
132.426
132.426
132.109
132.109
132.109
132.109
132.11
132.953
132.953
132.953
132.953
132.953
132.953 -1.07808
132.674
132.674
132.674
132.674
132.674
132.674 1.35609
132.674
132.674 -0.230003 0.43168
132.674
132.674 4.33252
133.914
133.914
133.914
133.914
133.729
131.84
131.84
131.84 -2.17968 0.66687
131.84
131.62
131.62
132.58
132.58
132.957
132.957
132.957 -5.33083
132.957
132.181
132.534
132.534
132.534
132.534
132.534
132.534
133.292
133.292
132.277
132.281
132.281
132.772
132.772
132.772
132.772
133.377
133.377
133.377
131.633
131.633
131.486
131.486 -2.57486
131.749
131.749
131.749
131.749
131.749
131.88
131.88
131.88
132.711
132.525
132.578
132.578
132.578
132.578 -0.887912
133.13
133.13
132.898
132.898
133.657
133.657
133.348
133.345 1.47042
133.345
133.345 -0.131308
133.345 2.62273
132.306
131.815
131.815
131.815
131.815
131.815
131.815
132.193
132.73
133.915
132.723 3.31679
132.723
132.723
132.867
132.867 -0.96091
132.867 -1.96945
132.867
132.867
132.127
132.127
132.127
133.03
133.03
133.03
133.03
133.03
133.03
133.03
133.03
133.03 -1.3693
132.8
132.8
133.056
133.056
133.865
134.276
134.276
130.775
132.933
132.564 -2.87593 2.141
132.333
132.867
133.4 1.82786
133.4
133.804
133.804
133.804
133.804
133.804
132.109
133.601
132.237
132.886
132.213
132.711
131.827
132.909 -3.72492
132.909
132.909
132.909
132.909
132.909
132.909
132.909
132.909
132.909
132.909
134.033
134.033
134.033
131.379
132.533
132.533
132.533
132.533
132.533
132.533
132.533
132.533
132.533 -0.836063
132.533 -5.72323
132.533
132.533
132.533
133.881
134.049
134.049
134.049
131.935
131.935
131.935
131.935
134.225
134.013 0.0739818
134.517
131.94
131.94
131.94 -0.765136
131.484
131.484
131.484
131.484 -1.00899 -0.473359
131.484
131.484
133.606
133.313
134.299
134.299
134.299
134.299
134.299
134.299
134.13
134.13
131.464
132.486
132.486
133.429
133.429 5.21054
133.429
133.33
133.051
132.766
132.766 2.64657
132.392
132.392
132.392
132.392
132.392
132.758
132.758
133.872
133.872
132.564
132.564 -3.33028
133.125 -0.952655 -2.00978
133.196
133.196
133.196
133.02
132.378
132.378 1.36562 2.92043
132.378 4.98229
132.378
132.378 -1.62483 -2.49271
133.326
133.326
132.626 -1.73014 -2.49662
132.626
132.626
133.428
133.428
132.661
133.201
133.201
133.201
132.961
132.961
132.961
132.589
133.65
133.65
131.617
131.617
131.617
131.617
131.617
131.617
131.617
131.617
131.617 0.839443
132.927
132.927 -0.668842
132.927
132.927
132.927
132.927
132.286 3.92142
6.49367 132.431
8.13982 -1.96496
8.13982 -1.49718
8.13982 -1.76364
8.13982 0.069299 0.0395838
8.68166
11.1265
11.1265
11.1265
11.6374
11.6374
13.8645 -1.35813
13.8645 -2.78905
14.1698
14.6894
14.6894
14.7009
14.7009
14.7009
14.7009
19.007
19.007
19.007 -9.67422
19.007
20.6727
