0.419263 1.76587
0.415814 1.65076
0.421818 1.78664
0.423111 1.80892
0.424348 1.83085
0.425532 1.85245
0.4225 1.76736
0.426939 1.87216
0.4224 1.74822
0.425098 1.80931
0.424615 1.78923
0.426415 1.82884
0.42963 1.907
0.428364 1.86843
0.43 1.9065
0.430175 1.9065
0.428966 1.86939
0.430508 1.90604
0.433333 1.97846
0.43541 2.03212
0.435484 2.03212
0.434921 2.01465
0.43625 2.04919
0.436308 2.04919
0.437576 2.08298
0.437612 2.08298
0.436471 2.04992
0.435942 2.03357
0.436 2.03357
0.438873 2.11365
0.435556 2.01853
0.435068 2.00283
0.434054 1.97175
0.434133 1.97175
0.432632 1.92603
0.434286 1.97132
0.431282 1.8816
0.430886 1.86678
0.4315 1.88146
0.431605 1.88146
0.429756 1.8238
