0.348678
0.163956
0.163956
0.153776
0.145459
0.145459
0.145459
0.145459
0.145459
0.279304
0.279304
0.279304
0.279304
0.125115
0.0989019
0.104405
0.0600858
0.0600858
0.0600858
0.0600858
0.0600858
0.0600858
0.361277
0.622083
0.712974
0.261048
0.261048
0.418729
0.418729
0.333248
0.172333
0.172333
0.172333
0.172333
0.172333
0.0798282
0.0548015
0.0548015
0.0548015
0.108038
0.0463377
0.0463377
0.0463377
0.0463377
0.0463377
0.0463377
0.142395
0.123655
0.123655
0.123655
0.123655
0.10116
0.10116
0.255614
0.255614
0.203768
0.294516
0.104857
0.0832306
0.307096
0.15415
0.0741375
0.0741375
0.215434
0.131283
0.243067
0.243067
0.0722892
0.0722892
0.0722892
0.0722892
0.0722892
0.0722892
0.0722892
0.0856609
0.0856609
0.0258686
0.0258686
0.0258686
0.0258686
0.0258686
0.0258686
0.0258686
0.20489
0.20489
0.366084
0.132908
0.132908
0.0246953
0.0246953
0.0246953
0.0498522
0.0498522
0.0498522
0.0498522
0.0498522
0.153933
0.153933
0.344434
0.344434
0.344434
0.551595
0.261061
0.261061
0.396437
0.336477
0.484903
0.484903
0.484903
0.402481
0.139737
0.139737
0.216977
0.216222
0.216222
0.110096
0.10504
0.10504
0.10504
0.0794507
0.0794507
0.0794507
0.0794507
0.228592
0.228592
0.177838
0.177838
0.156833
0.273495
0.273495
0.273495
0.273495
0.213534
0.114356
0.204357
0.204357
0.204357
0.118589
0.239398
0.239398
0.122754
0.118048
0.0894566
0.0894566
0.0768866
0.0768866
0.0768866
0.0768866
0.0768866
0.25316
0.240495
0.240495
0.240495
0.331127
0.279217
0.0725363
0.138485
0.130063
0.130063
0.0983853
0.0983853
0.0818693
0.0818693
0.116517
0.110519
0.110519
0.0589138
0.0589138
0.0589138
0.0589138
0.191759
0.0340161
0.0340161
0.0773811
0.0773811
0.0773811
0.0773811
0.107643
0.107643
0.0582844
0.0582844
0.0582844
0.0582844
0.0582844
0.0582844
0.316799
0.062371
0.062371
0.167716
0.167716
0.167716
0.238574
0.238574
0.238574
0.340259
0.369587
0.369587
0.369587
0.369587
0.237076
0.237076
0.158038
0.158038
0.158038
0.158038
0.0708459
0.0708459
0.0708459
0.0708459
0.110025
0.110025
0.110025
0.0616733
0.0616733
0.0616733
0.137597
0.0843633
0.391383
0.309552
0.309552
0.433119
0.669404
0.509841
0.509841
0.192008
0.192008
0.192008
0.192008
0.248067
0.248067
0.158779
0.158779
0.158779
0.158779
0.174077
0.174077
0.174077
0.174077
0.174077
0.230804
0.230804
0.203609
0.100702
0.100702
0.471178
0.471178
0.0883087
0.112702
0.112702
0.112702
0.112702
0.112702
0.112702
0.112702
0.255565
0.103302
0.103302
0.426099
0.139781
0.139781
0.112854
0.172643
0.172643
0.172643
0.209324
0.209324
0.209324
0.209324
0.209324
0.366721
0.045997
0.0315679
0.0480323
0.0480323
0.0480323
0.388347
0.388347
0.171944
0.169818
0.169818
0.0910314
0.170906
0.133965
0.218154
0.218154
0.218154
0.197414
0.197414
0.197414
0.169949
0.169949
0.169949
0.169949
0.139513
0.168836
0.168836
0.168836
0.168836
0.168836
0.10895
0.10895
0.10895
0.10895
0.157006
0.119097
0.119097
0.119097
0.119097
0.119097
0.119097
0.119097
0.119097
0.119097
0.119097
0.119097
0.216423
0.416719
0.296537
0.229979
0.3051
0.3051
0.26182
0.0536865
0.0536865
0.0536865
0.219532
0.219532
0.219532
0.215918
0.136305
0.136305
0.367507
0.367507
0.296737
0.160506
0.472726
0.210785
0.210785
0.210785
0.210785
0.252874
0.252874
0.252874
0.252874
0.252874
0.252874
0.06893
0.06893
0.246484
0.246484
0.168631
0.210353
0.210353
0.143477
0.242601
0.11109
0.11109
0.11109
0.0694931
0.0694931
0.0694931
0.125307
0.215629
0.167295
0.167295
0.107656
0.518896
0.385453
0.401479
0.0778424
0.0778424
0.0778424
0.239051
0.239051
0.231778
0.249882
0.560521
0.792783
0.792783
0.551441
0.551441
0.551441
0.439308
0.370763
0.370763
0.370763
0.370763
0.370763
0.0374342
0.0374342
0.0374342
0.0753948
0.0753948
0.0753948
0.0753948
0.0753948
0.573191
0.520301
0.520301
0.520301
0.620235
0.450374
0.450374
0.450374
0.0226962
0.0226962
0.0226962
0.0226962
0.380091
0.233392
0.233392
0.233392
0.233392
0.427062
0.214109
0.214109
0.301498
0.314596
0.314596
0.314596
0.590921
0.478961
0.0579103
0.483479
0.495948
0.852847
0.0878
0.0878
0.0878
0.0878
0.0878
0.0878
0.0878
0.0902993
0.0902993
0.0902993
0.20099
0.20099
0.162371
0.162371
0.162371
0.162371
0.162371
0.162371
0.162371
0.261961
0.261961
0.261961
0.399866
0.318979
0.607859
0.620542
0.486337
0.243584
0.17691
0.294237
0.294237
0.649934
0.423475
0.0861221
0.0861221
0.0861221
0.235902
0.235902
0.060013
0.060013
0.060013
0.167925
0.167925
0.167925
0.242725
0.153363
0.153363
0.153363
0.303797
0.303797
0.299794
0.043358
0.043358
0.043358
0.043358
0.043358
0.133384
0.133384
0.187164
0.331047
0.331047
0.416165
0.614585
0.614585
0.614585
0.614585
0.614585
0.25981
0.129066
0.129066
0.129066
0.195458
0.195458
0.167972
0.0952513
0.0952513
0.0952513
0.0952513
0.448759
0.313287
0.313287
0.313287
0.313287
0.313287
0.313287
0.313287
0.237806
0.395334
0.395334
0.509945
0.332303
0.23467
0.23467
0.23467
0.23467
0.23467
0.23467
0.23467
0.0806477
0.0806477
0.227145
0.227145
0.225692
0.225692
0.315094
0.115756
0.115756
0.115756
0.115756
0.0818003
0.0818003
0.0818003
0.0818003
0.0818003
0.0818003
0.159037
0.159037
0.159037
0.159037
0.388928
0.388928
0.324955
0.315715
0.433678
0.433678
0.244816
0.259274
0.259274
0.135
0.135
0.135
0.232845
0.189087
0.189087
0.189087
0.364721
0.648223
0.390788
0.390788
0.390788
0.390788
0.390788
0.165542
0.165542
0.165542
0.165542
0.165542
0.165542
0.165542
0.165542
0.097332
0.097332
0.169663
0.169663
0.169663
0.0755565
0.0755565
0.0755565
0.276559
0.14825
0.14825
0.200303
0.200303
0.0918363
0.0918363
0.0918363
0.0918363
0.0918363
0.0918363
0.0832436
0.0832436
0.0832436
0.0832436
0.0832436
0.0832436
0.0832436
0.31877
0.103677
0.103677
0.320879
0.320879
0.370742
0.299914
0.299914
0.299914
0.294268
0.0859867
0.0859867
0.0853455
0.349708
0.596098
0.682733
0.606918
0.644787
0.618883
0.400266
0.400266
0.0770565
0.0770565
0.0770565
0.0515016
0.152737
0.0671612
0.341689
0.107361
0.107361
0.107361
0.259634
0.259634
0.259634
0.259634
0.259634
0.259634
0.259634
0.298051
0.298051
0.298051
0.298051
0.298051
0.298051
0.194104
0.277883
0.277883
0.277883
0.222788
0.222788
0.222788
0.483715
0.483715
0.461575
0.0824114
0.158914
0.180491
0.21941
0.103642
0.105559
0.204501
0.204501
0.239519
0.295684
0.295684
0.295684
0.295684
0.443585
0.443585
0.337628
0.384804
0.326807
0.384971
0.384971
0.384971
0.384971
0.928246
0.956736
1.1927
1.06733
0.504099
0.321628
0.321628
0.321628
0.321628
0.321628
0.351595
0.350687
0.350687
0.293606
0.369095
0.369095
0.369095
0.396386
0.396386
0.619556
0.619556
0.603944
0.271849
0.31303
0.31303
0.31303
0.31303
0.123431
0.123431
0.123431
0.123431
0.164785
0.164785
0.164785
0.164785
0.152359
0.152359
0.152359
0.152359
0.152359
0.152359
0.152359
0.152359
0.337961
0.337961
0.337961
0.337961
0.491959
0.443442
0.443442
0.249104
0.249104
0.314419
0.152793
0.152793
0.0340303
0.0340303
0.0340303
0.0340303
0.0340303
0.249134
0.250619
0.250619
0.250619
0.250619
0.207818
0.207818
0.207818
0.207818
0.0345897
0.129383
0.112652
0.246404
0.246404
0.246404
0.246404
0.0291989
0.0291989
0.0291989
0.0291989
0.0291989
0.0291989
0.0291989
0.0291989
0.0501908
0.0501908
0.113645
0.113645
0.180957
0.11344
0.11344
0.11344
0.11344
0.11344
0.280312
0.382408
0.382408
0.246764
0.246764
0.246764
0.335829
0.168106
0.143811
0.246073
0.128906
0.128906
0.488721
0.488721
0.488721
0.21272
0.21272
0.21272
0.21272
0.21272
0.21272
0.116547
0.116547
0.116547
0.169178
0.174201
0.158434
0.158434
0.158434
0.0541705
0.0541705
0.353408
0.353408
0.316463
0.316463
0.494794
0.494794
0.541026
0.541026
0.541026
0.0620619
0.0620619
0.0620619
0.0620619
0.0620619
0.0620619
0.0620619
0.0620619
0.0620619
0.0620619
0.0620619
0.229567
0.229014
0.328473
0.359624
0.222472
0.222472
0.0865761
0.0865761
0.0865761
0.0865761
0.0865761
0.0865761
0.0865761
0.568077
0.812376
0.812376
0.812376
0.3875
0.125534
0.125534
0.125534
0.125534
0.125534
0.125534
0.0872959
0.0872959
0.0872959
0.0872959
0.0872959
0.161916
0.161916
0.0499838
0.080944
0.164271
0.164271
0.164271
0.164271
0.252702
0.352935
0.360301
0.360301
0.344097
0.344097
0.344097
0.344097
0.344097
0.360952
0.38135
0.38135
0.38135
0.318193
0.21686
0.2258
0.2258
0.0633383
0.0633383
0.0633383
0.0633383
0.0633383
0.0633383
0.10543
0.10543
0.10543
0.0932441
0.101969
0.101969
0.148162
0.148162
0.192614
0.192614
0.23645
0.189308
0.148357
0.148357
0.148357
0.407334
0.407334
0.413685
0.0486861
0.0486861
0.22632
0.22632
0.22632
0.22632
0.40386
0.238573
0.238573
0.238573
0.205254
0.196712
0.28002
0.28002
0.312193
0.312193
0.312193
0.293445
0.370199
0.370199
0.364764
0.364764
0.131575
0.131575
0.131575
0.131575
0.131575
0.328445
0.48846
0.48846
0.48846
0.48846
0.48846
0.377307
0.369623
0.394085
0.394085
0.394085
0.394085
0.185572
0.437427
0.342242
0.342242
0.297318
0.293929
0.366985
0.150386
0.150386
0.150386
0.150386
0.0334091
0.0334091
0.0334091
0.0334091
0.0418102
0.0418102
0.0418102
0.0204226
0.21167
0.21167
0.21167
0.180011
0.180011
0.166948
0.166948
0.0338965
0.104293
0.104293
0.313161
0.313161
0.395911
0.395911
0.395911
0.395911
0.392198
0.317992
0.317992
0.317992
0.317992
0.317992
0.484519
0.0304603
0.0304603
0.0304603
0.0304603
0.355256
0.0802006
0.217429
0.217429
0.217429
0.204268
0.204268
0.172696
0.228883
0.228883
0.228883
0.228883
0.252844
0.252844
