2300.44
2284.52
2343.67
2372.21
2309.45
2375.75
2244.13
2259.09
2299.25
2343.01
2244
2335.97
2346.53
2253.51
2353.78
2424.41
2284.52
2290.81
2256.93
2368.63
2348.34
2375.63
2331.11
19586.7
2297.2
2355.59
2322.46
2342.53
2318.3
2397.81
2312.17
2348.87
2335.59
2298.73
2291.92
2383.94
2391.11
2213.72
2271.88
2301.14
2330.06
2378.21
2239.55
2364.3
2332.38
2302.69
2385.41
2219.99
2399.25
2362.83
2252.9
2350
2361.49
2327.2
2350.14
2313.1
2265.52
2426.75
2349.74
2314.4
2249.2
2358.98
2331.54
2376.64
2399.23
2186.01
2392.77
2284.86
2343.75
2378.41
2405.42
2253.85
2335.36
2374.95
2355.81
2294.67
2263.04
2364.31
2351.81
2385.3
2349.77
2284.25
2271.55
2317.06
2306.82
2366.29
2310.72
2346.11
2399.06
2273.64
2322.56
2370.73
2317.73
2344.61
2295.51
2335.28
2363.28
2276.67
2280.11
20782.2
19401.7
19855.6
19482.7
18816.4
18561
18665.7
18894.7
18952.8
19447.8
18594.4
17460.9
17729.9
17607.2
18045.1
18474.7
17321.3
17559
17640.5
17918.4
18183.1
17978.6
17429.1
17893.1
17090.9
18001.5
18010.7
17398.8
17256.4
17235.5
16387.7
16309.6
16464.2
16791.8
16180.5
17024.3
16038.6
16234.6
15903.7
16529.6
16270.8
16410.5
16094.2
16067.1
16168.2
16084.4
15992
16571.2
15414.8
15253.6
14768.7
15113
15136.2
15088.7
13482.9
13935.9
14554.4
14177.6
14394
13424.2
13667.7
13639.8
12701.4
12694.5
12883.3
12130.9
12040.5
12244.9
12472.1
11806
12103
11895.1
11733.2
11592.1
11477.4
11838.6
11510.9
11802.2
11552.5
11243.3
11110.4
11342.9
11194.1
10877.9
11059.2
11288.5
10935.1
11377.1
11493.8
11175
10721.5
10965.7
10453.3
10665.4
10247
10389.6
10385
10253.6
9909.36
9482.86
9285.14
9175.05
8805.91
8857.7
9304.61
8748.91
9111.37
8632.74
8539.44
8660.71
8723.02
8402.1
8114.05
7727.9
7185.66
7461.8
7490.8
7349.01
7353.39
7401.9
7433.8
7044.96
7050.97
6943.09
7207.63
6728.94
6643.06
6840.4
6687.32
6802.91
6359.59
6161.71
6224.71
6224.52
6117.33
6172.68
6053.09
5749.7
5759.53
5962.18
5819.79
5976.6
5740.01
5765.66
6040.97
5921.3
5662.84
5583.86
5528.91
5630.33
5596.24
5636.75
5413.91
5405.2
5459.28
5705.9
5371.52
5251.23
5163.56
5073.9
4908.58
4922.57
4743.69
4688.09
4736.22
4256.78
4420.7
4351.08
3977.72
3929.68
3892.42
4080.87
3861.77
3710.7
3711.52
3440.16
3267.45
3440.74
3357.48
3336.66
3323.47
3285.2
3206.18
3345.01
3201.96
3234.61
3023.49
3041.91
3040.2
3111.35
3012.89
3011
2974.46
2891.84
2737.02
2837.37
2754.66
2706.44
2754.98
2675.21
2766.43
2775.73
2639.62
2709.6
2576.99
2518.53
2589.51
2588.79
2497.93
2560.84
2448.48
2505.12
2542.37
2430.61
2528.28
2404.98
2484.96
2416.53
2332.71
2315.98
2316.01
2346.67
2280.35
2270.54
2346.44
2380.84
2326.94
2323.68
2315.54
2345.19
2310.36
2256.58
2319.8
2351.92
2326.46
2397.35
2361.53
2350.94
2270.79
2368.33
2297.23
2280.17
2317.09
2251.25
2300.53
2408.48
2309.63
2348.16
2353.51
2284.17
2334.43
2309.15
2398.52
2310.08
2324.69
2351.54
2309.42
2267.82
2314.38
2321.85
2356.02
2291.56
2343.72
2322.12
2313.72
2373.84
2322.27
2294.56
2366.59
2279.93
2433.59
2362.51
2343.39
2339.06
2373.01
2280.25
2332.18
2254.38
2300.13
2312.95
2306.62
2400.88
2268.94
2440.65
2392
2302.03
2282.09
2321.1
2286.32
2347.54
2347.08
2290.1
2321.4
2274.98
2352.6
2323.81
2375.28
2336.38
2222.78
2337.83
2344.76
2405.9
2248.69
2365.57
2283.56
2314.91
2306.87
2272.58
2230.59
2328.81
2261.97
2370.18
2395.89
2336.7
2342.9
2297.71
2318.94
2238.84
2290.44
2327.45
2342.61
2267.78
2291.77
2391.96
2388.96
2362.58
20428.5
20620.2
19985.3
19764.2
19995.5
18709.6
19986.9
19395.5
18007.6
17885.4
18888.9
17483.8
16172.3
16370.3
15578.9
15411.9
14835.2
15497.5
15150.4
14634.5
14781.4
15212.5
14074
13766.6
14439.9
13546
13464.6
13702
12463.6
12585
12127.3
12222.2
12063.2
11289.5
11387.7
11887.5
11084.7
11106.9
11789.6
11124.3
10838.5
10911.1
10675
10200.5
9856.53
10309.9
10218.3
10099
9163.18
9428.21
8693.2
8366.46
8384.91
8394.24
7697.37
7374.91
7530.28
7718.84
7609.42
7684.66
7552.08
7196.21
7141.36
7727.2
7185.21
7124.66
7050.92
6739.52
7214.47
6812.91
6751.92
6592.21
6447.99
6351.71
6055.2
5958.74
6300.89
6054.43
6197.72
5585.13
5494.35
5620.42
5563.92
5410.4
5453.64
5570.25
5287.84
5279.05
4954.75
5074.79
4949.6
4951.46
4917.39
4761.05
4657.25
4844.56
4549.31
4376.55
4155.34
3765.22
3963.17
3815.33
3892.13
3602.63
3519.79
3619.08
3598.53
3482.64
3462.38
3430.71
3413.28
3386.36
3387.94
3408.51
3179.49
3120.94
3078.53
3120.57
3106.51
3121.06
2992.7
3060.86
3040.61
3024.63
2975.56
2964.87
3254.63
3058.67
2826.78
2805.76
2849.72
2816.27
2665.95
2645.28
2624.34
2554.15
2566.83
2595.09
2456.81
2382.29
2457.92
2478.09
2482.76
2372.35
2339.86
2399.34
2351.44
2263.94
2339.18
2331.67
2308.83
2328.15
2346.44
2360.31
2295.51
2232.51
2339.58
2272.89
2313.76
2208.36
2385.92
2391
2300.74
2380.54
2423.69
2421.34
2397.45
2390.08
2327.58
2321.66
2202.75
2338.59
2314.95
2300.51
2279.36
2332.21
2364.75
2381.35
2312.28
2302.69
2287.5
2360.6
2325.67
2395.61
2299.39
2264.39
2366.19
2305.11
2273.21
2367.89
2342.89
2245
2326.84
2291
2374.76
2310.71
2311.98
2261.93
2338.48
2371.22
2380.76
2274.96
2314.79
2290.45
2294.9
2310.36
2368.33
2313.62
2433.27
2352.23
2370.82
2379.48
2364.92
2339.89
2346.62
2288.78
2322.79
2299.14
2368.7
2340.68
2315.72
2300.78
2347.39
2291.17
2292.9
2289.95
2288.85
2337.45
2343.43
2305.97
2368.39
2265.83
2293.96
2301.34
2368.6
2465
2253.53
2236.86
2410.58
2309
2342.42
2357.39
2381.77
2202.18
2235.54
2366.15
2289.68
2350.11
2356.83
2319.36
2348.67
2461.19
2261.43
2352.62
2321.37
2355.38
2304.43
2328.27
2245.46
2284.17
2344.1
2295.74
2346.18
2359.62
2324.08
2337.85
2327.62
2368.29
2506.5
2334.63
2360.45
2303.2
2308.5
2314.27
2403.82
2355.55
2266.22
2327.32
2397.67
2343.08
2375.7
2408.82
2260.56
2403.9
2375.47
2260.71
2357.04
2365.57
2317.73
2317.17
2210.9
2336.2
2419.44
2283.19
2316.76
2399.62
2301.39
2341.86
2338.93
2403.06
2303.23
2336.52
2266.73
2362.24
2280.22
2449.36
2261.3
2286.48
2240.46
2281.93
2256.98
2366.87
2396.52
2301.57
2302.21
2295.95
2400.08
2301.88
2348.09
2248.9
2370.28
2319.18
2289.97
2297.31
2391.56
2365.78
2351.44
2396.16
2311.27
2334.27
2383.22
2367.14
2341.16
2412.65
2315.25
2260.76
2383.44
2298.61
2325.7
2291.44
2402.95
2366.06
2332.44
2376.06
2370.12
2344.76
2380.49
2287.07
2285.77
2384.54
2343.53
2287.78
2350.7
2301.46
2419.84
2258.48
2259.85
2249.98
2281.81
2254.46
2349.58
2299.17
2274.35
2304.22
2264.36
2395.64
2218.55
2364.25
2395.29
2313.31
2360.31
2343.11
2352.84
2335.86
2343.28
2416.06
2315.45
2326.53
2397.77
2349.37
2281.68
2341.67
2331.81
2381.91
2441.59
2311.68
2317.3
2345.2
2230.21
2305.52
2275.71
2258.73
2346.99
2344.56
2317.95
2322.5
2402.75
2333.67
2303.27
2305.88
2291.72
2272.24
2391.47
2371.96
2334.12
2307.36
2343.87
2330.8
2277.68
2396.33
2374.04
2313.1
2343.56
2265.5
2268.64
2345.45
2324.51
2324.18
2319.01
2309.11
2367.21
2326.97
2326.49
2283.38
2328.55
2321.53
2261.57
2250.07
2335.87
2242.29
2266.96
2312
2254.96
2339.61
2337.29
2324.82
2299.03
2439.17
2351.08
2327.71
2309.2
2300.57
2292.23
2364.5
2300.04
2319.61
2312.11
2313.54
2359.31
2284.32
2276.19
2301.88
2308.93
2244.96
2374.21
2262.35
2381.51
2329.9
2313.8
2310.88
2313.48
2353.8
2319.29
2429.8
2250.47
2260.6
2328.97
2295.7
2314.24
2381.59
2390.33
2331.44
2259.25
2344.89
2365.5
2293.46
2358.64
2232.08
2375.32
2310.65
2406.99
2296.43
2352.49
2314.75
2275.07
2380.29
2368.58
2412.94
2365.94
2333.89
2321.04
2279.49
2273.77
2303.49
2278.08
2285.54
2387.45
2282.54
2278.29
2310.38
2304.91
2327.3
2347.64
2252.32
2239.41
2325.56
2361.02
2312.04
2251.07
2362.09
2366.82
2371.76
2359.84
2312.99
2354.81
2319.47
2247.36
2360
2283.46
2296.74
2373.45
2247.7
2376.9
2352.68
2396.38
2242.29
2365.15
2252.59
2336.95
2311.85
2334.94
2261.75
2345.34
2355.35
2339.32
2380.74
2268.14
2287.03
2400.35
2290.97
2315.05
2372.06
2289.38
2262.78
2354.59
2402.42
2300.21
2256.17
2304.08
2263.49
18065
18018.5
18008.8
17751.7
17999.6
17555.3
16974.3
17040.4
17019.8
16701.4
16895.1
16529.8
16591
16710.4
16528.5
16651
16386.9
16002.1
16543.9
16014.8
15654.6
14997.1
15170.3
15242.3
15098.1
