0.99998
0.999999
1
1
1
0.999999
1
1
0.999997
0.999982
0.999814
0.999936
0.999922
1
1
1
1
1
1
1
1
1
0.999692 0.000288654 6.21462e-06 5.51828e-06 7.60152e-06
0.000867886 0.255979 0.241859 0.250906 0.25034
0.999957 5.63907e-06 7.29945e-06
0.999987 1.33309e-05
0.999949
1
0.999946 2.61922e-05 5.53263e-06 1.3028e-05
0.99988
0.999945
0.999964
1
1
0.999974
0.999998
1
1
1
1
1
1
1
1
0.999999
1
1
0.999942
1
1
1
1
0.999998
0.999992
0.999966
0.999991
0.999994
0.999991
1
0.999593 0.000407154
0.99993 7.02469e-05
1
0.999968
0.999983
0.999954
1
0.999626
0.999874
1
1
1
1
1
0.999991
0.999986
1
1
1
1
1
1
1
0.999961
1
1
0.999859 8.2185e-05
0.999848 1.99188e-05 0.000130199
0.999892 9.78371e-05
1
1
1
1
1
1
1
1
1
1
0.999719 0.000266971
0.999356 0.000636043
0.999973
0.999931
0.999819
0.99993
0.999874 0.000125906
0.999734 0.000253572
1
0.999995
0.999994
0.999907
0.999691
1
0.999998
0.999991
1
1
0.999939
1
0.999991
1
0.999994
1
0.999998
0.999899 5.49296e-05 4.64605e-05
0.999864 3.47096e-05 9.07007e-05
0.99997
1
1
0.999992
0.999988
0.999888
0.999994
1
1
0.999994
0.999987
0.999997
0.999812
0.999905
0.999997
0.999897 0.000102532
0.999984
0.999973
0.999984
1
1
0.999924 7.61702e-05
1
1
0.999999
1
0.999936
0.999943
1
0.999348 0.000285588 0.000366815
0.999983 1.73618e-05
1
1
0.999992
1
1
0.99989
1
0.999989
1
1
1
1
1
1
1
1
1
1
1
1
0.999813 0.000186547
0.999937 6.25866e-05
0.999999
0.999888 0.000112409
1
1
1
1
1
0.999979
0.999908
0.999972
1
0.999884
0.999944
1
0.999996
0.999817
0.999973
0.999703
0.999972
0.99971 0.000243311 4.62283e-05
0.999624 0.000334264
1
1
0.999999
1
0.999996
1
1
0.999995
1
1
0.999386 0.000610614
1
1
0.999996
1
0.999999
1
1
0.999967
1
1
0.99999
0.999963
0.999993
0.999988
0.999998
1
0.999757
0.999999
0.999966 1.7738e-05
0.999986
1
1
1
0.999993
0.999998
1
0.999945 4.50242e-05
1
0.999931 6.60897e-05
0.999979
0.999986
0.999967
1
0.999997
0.999962
0.999231 0.000564347
0.999964
1
1
0.999987
1
1
1
1
0.99999
0.999998
1
0.999996
0.999682 0.00021064
1
0.99994
1
1
0.999787
1
1
0.999999
0.999998
1
0.999995
0.999992
1
1
0.999928
1
0.999998
0.999997
0.999994
1
1
1
0.999785 0.000215362
0.999564
0.999827 8.47218e-05 7.10543e-05 1.69978e-05
1
0.999891
0.999935
0.99991
1
0.999959
0.999992
0.999984
0.999835 0.000164509
0.999808
0.999939 6.12465e-05
0.999987
1
0.999959
1
0.999993
1
0.999998
1
1
1
1
1
0.999994 5.69164e-06
1
1
1
1
0.999994
1
1
1
0.9997
0.999981
0.999956
0.999979
0.999988
0.999896
1
1
1
0.999994
0.999997
0.999927
0.999847 0.000152191
1
1
0.999998
0.999956
1
0.999944 5.6183e-05
0.999948
0.999733 0.000247571
1
0.999968
0.999984 1.64616e-05
1
0.999655
0.999948
1
0.999981
0.999987
0.999954
1
1
0.999994
1
1
0.999996
0.999566 0.000433529
1
0.999992
0.99999
0.999999
1
1
1
1
0.999973
0.999759
1
1
0.999996
0.999745
0.999957
0.999951
0.999996 3.79308e-06
1
0.999979
1
0.999993
0.999997
0.999998
0.999757 4.71731e-06 0.000122599 8.35117e-05 1.43379e-05 7.85237e-06
0.999544 4.71061e-05 0.000354216
0.999638 0.000314457 2.06443e-05 1.25918e-05
0.999918
0.999872 7.30978e-05 2.95966e-05 2.34974e-05
0.999899 7.95853e-05
0.999763
1
0.999877
0.999966
0.999989
0.999999
1
1
1
1
1
1
1
0.999812 3.90322e-06 0.000155572
0.999967
0.999997
0.99984 0.000148073
0.999898 9.64519e-05
0.999406 0.000231262 0.00032149
0.999847 0.000127047
0.999973
0.999977 2.34759e-05
1
1
1
0.999996
1
1
1
0.999546 0.000453579
0.999539 0.000450907
0.999998
1
0.99994 5.30886e-05
0.999991
0.999919 3.96717e-05
0.999997
0.999998
0.999846 0.000136869
0.999993
0.999826 6.72798e-05 0.000105373
0.999867 5.55086e-05 7.43772e-05
0.501813 0.000428553 0.497479 0.000160438 5.05041e-05
0.999915 7.68747e-05
0.99983
1
0.999998
0.999855 0.000145397
1
0.999748
0.999996
0.999971
1
0.999979
0.999988
0.999993
0.999999
0.999994
1
0.999989
0.999949
1
0.99989 3.26769e-05 5.12122e-05
1
0.999942
0.998867 0.000860829
0.999983
0.999979
0.999778 0.00011321 7.08753e-05 3.37045e-05
0.999742 0.000257146
0.99986
1
1
0.999886
0.999926
0.999873 2.86382e-05 9.03818e-05
0.999977
0.999924
1
0.999953
1
0.99987 0.00012093 9.13512e-06
0.999989
1
0.999977
1
1
1
1
0.999996
0.999996
0.999995
1
0.999878
0.999726 0.000273719
1
0.99979 0.000209549
1
1
0.999997
1
1
1
1
0.999911
0.999882
0.999912
0.999992
0.999926
0.999997
0.999329 0.000670946
0.999989
1
1
0.999978
1
1
1
1
0.999998
1
0.999959
0.999999
0.999929 6.32089e-05
0.999997
1
1
0.999789
0.999948 5.10855e-05
0.999823 0.000174499
0.999997
0.999975
0.999998
0.999977
0.999387 0.000574757 8.23896e-07 3.74832e-05
0.999994
1
0.999911
0.999906
0.999959
0.999989
0.999966
1
1
0.999993
0.999939 3.9432e-05
1
0.999925
0.999995
0.999999
0.999921
1
1
1
1
1
1
0.999996
0.999999
1
0.999999
1
0.999936 6.20402e-05
0.999943
0.999951
1
0.999999
0.999896 3.38832e-05 5.99124e-05
0.999897
1
0.999095 0.000601905 0.000260003
0.999946
1
1
0.999997
1
0.999993
1
1
0.999918
0.999976
0.999736 0.000236434
0.999999
0.999942
0.999977
0.999983
0.999997
1
1
1
0.999907 9.30308e-05
1
1
0.999629 0.000370553
0.999999
1
0.999982
1
1
1
1
0.999967
0.999999
1
1
0.999932
1
0.999982
1
1
1
1
0.999984
1
1
1
0.999999
1
1
0.999996
0.999989
1
0.999986
1
0.99998
0.999963
1
0.999665 0.000334799
0.999669 6.63421e-05 0.000257989
0.999991
1
0.999999
0.999871 7.63471e-05
0.999998
0.999544 0.000440475
0.999964
0.999918
0.999654
0.999942
0.999791 0.000184751 2.20116e-05
0.999997
0.999999
1
1
1
0.999883
0.999987
0.999949
1
1
0.999898
0.999999
0.999971
1
0.999994
0.999481 0.000519126
0.999837
0.999966
0.999951
1
0.999934
0.999997
1
0.999504 5.51104e-05 0.000379633
1
0.999999
0.999984
0.999933
0.999808
1
0.999996
0.999974
0.999994
0.999985
0.999999
1
0.999998
0.999991
1
0.999983
1
1
0.999691 0.000284103
0.999038 0.00096057
0.99992
0.999815
0.999927
0.999999
0.999982
0.99995 2.64983e-05
0.999299 0.000701056
0.999537 0.000460965
0.999955
0.999807 0.000192453
0.999969
0.999847 6.28951e-05
0.999848 8.92055e-05 6.27365e-05
0.999797
0.999745 0.00013012 2.19675e-06 0.000109402
0.999946
0.999821
0.999839
0.999978
0.99997
0.999919
0.999998
0.999533 0.000453219
0.999992
1
0.999999
0.999865
0.999979
0.999991
0.99997
0.999966
0.999901
0.999665 0.000141302 1.44985e-05 3.62156e-05 0.000141888
0.999677 0.000297249
0.999949
0.999961 3.73417e-05
0.999995
0.99987
0.999986
0.999995
0.999998
1
0.999895
0.999982
0.999999
0.999993
0.999989
0.999965
1
1
0.999992
0.999958
0.999985
1
0.999793 0.000170347
1
0.999732
1
1
0.999974
0.999589 0.000403232
0.999998
0.999697 0.000158871 0.000144454
1
0.999974 2.57227e-05
1
0.999999
1
1
1
1
0.999996
0.999853 2.98555e-05 8.01839e-05
1
0.999879
0.999998
0.999993
0.999959
1
1
0.999957 4.34354e-05
1
1
1
0.99999
0.999985
1
1
1
1
1
1
1
1
1
1
1
0.999999
0.999999
0.999975
1
1
1
1
0.999992 7.36502e-06
0.999999
0.999882
0.999991
0.999991
0.999974
0.999979
0.999962
0.99975
1
0.999999
0.999985
1
0.999959
0.999789 0.000208225
1
0.99984
0.999988
0.999801
0.999987
1
1
0.999703 0.000296236
1
0.999931 6.6549e-05
0.999948 3.27581e-05
0.999998
0.999991
1
0.999986
1
1
0.999999
1
0.999973
0.999968
0.999691 0.000243576
0.999971
0.999998
1
0.999749 0.000200534
0.999718 0.000281586
1
1
1
1
1
1
1
1
1
1
1
0.999999
0.999854
0.999879 0.000102686
0.999995
0.999995
1
1
1
1
0.999999
1
1
0.999739 6.54945e-05 0.000162264
0.999996
0.999915
0.999398 0.000356001
0.999969
0.999927
1
1
0.999993
1
1
1
1
0.999783
1
1
0.999994
0.999846 0.000132507
0.999924
1
1
0.999996
0.999989
1
1
0.99997
1
0.999998
0.999909
0.999989
0.999864
0.999948
1
0.999962
0.999711
0.999998
0.999984
0.999995
0.999996
1
0.999807 0.000187481
0.999766 0.000233446
1
0.999999
1
0.999979
1
1
1
0.999999
0.999915
1
0.999982
0.999959
0.999908 4.11886e-05
0.999754
0.999988
0.999994
0.999877 0.000123409
0.999875
0.999849
1
0.999973 1.14453e-05 1.59313e-05
0.999965
0.999824
0.999987
1
1
0.999847
0.999997
1
1
0.99997
0.999988
0.999924
0.999995
0.999994
0.999997
1
0.999995 2.56469e-06
0.99999
0.99997
0.999943
0.999999
0.999399 0.000559721
1
0.999981
0.99992
1
1
1
1
0.999867
1
0.999935
0.999952 4.81354e-05
0.999715 0.000219995 1.90612e-05
1
0.999959
0.999865
0.999999
0.999999
0.999948 2.86885e-05 1.18698e-05
0.998981 0.000935799
0.999791
0.999609 6.24869e-05 0.000299834
0.999959
0.999984
0.999811 0.000119413 6.96241e-05
0.99996
0.999999
0.999998
0.999739
0.999984
1
1
1
1
1
1
1
1
1
0.99996
0.9998
1
0.999999
0.999994
0.999989
0.999973
1
0.999994 2.28909e-06
0.999984
0.999878 0.000121843
0.999983
0.999997
0.999949
0.999971
0.99996 3.66178e-05
0.999831 0.000148497
0.999887 0.000112677
0.999935 5.20175e-05
0.999957 1.80623e-05
0.999248 0.00021462 0.000537579
1
0.999925
0.999999
1
1
1
0.999893 0.000101991
0.999747 0.000253224
1
0.999998
0.999958
0.999995
0.999999
0.999985
1
0.999997
0.999947
0.99989 0.000110237
0.999992
0.999996
