0.027727
0.027727
0.027727
0.027727
0.027727
0.312781
0.369523
0.369523
0.328558
0.360429
0.360429
0.190774
0.259445
0.509245
0.523478
0.523478
0.523478
0.650353
0.661082
0.661082
0.609441
0.609441
0.225509
0.102914
0.0460412
0.0460412
0.0460412
0.0460412
0.0460412
0.0460412
0.6485
0.260031
0.260031
0.318554
0.333206
0.111109
0.111109
0.606791
0.606791
0.433515
0.433515
0.433515
0.433515
0.300306
0.300306
0.300306
0.0509389
0.0509389
0.13613
0.13613
0.13613
0.0705436
0.0705436
0.0705436
0.274817
0.129445
0.235553
0.235553
0.454133
0.36972
0.135146
0.493222
0.12111
0.12111
0.12111
0.12111
0.12111
0.12111
0.148633
0.134321
0.45141
0.109309
0.109309
0.109309
0.109309
0.109309
0.109309
0.221134
0.372273
0.418043
0.163807
0.163807
0.163807
0.163807
0.163807
0.163807
0.17218
0.17218
0.17218
0.17218
0.17218
0.17218
0.17218
0.17218
0.029728
0.225332
0.225332
0.225332
0.225332
0.225332
0.24328
0.24328
0.24328
0.24328
0.0607409
0.0607409
0.0607409
0.0607409
0.364993
0.283772
0.283772
0.283772
0.283772
0.214014
0.214014
0.214014
0.214014
0.214014
0.214014
0.214014
0.190151
0.114949
0.216838
0.216838
0.216838
0.150867
0.150867
0.150867
0.150867
0.0800482
0.0800482
0.0800482
0.0800482
0.0800482
0.0800482
0.0800482
0.144559
0.144559
0.144559
0.226735
0.0430855
0.23072
0.0759156
0.168164
0.168164
0.168164
0.114178
0.114178
0.114178
0.190564
0.278689
0.278689
0.278689
0.43459
0.0309441
0.0309441
0.0309441
0.0309441
0.0309441
0.301763
0.301763
0.301763
0.301763
0.301763
0.277744
0.462343
0.400547
0.0833976
0.0833976
0.0833976
0.0764809
0.0764809
0.0764809
0.0764809
0.161746
0.161746
0.161746
0.161746
0.161746
0.161746
0.161746
0.161746
0.161746
0.161746
0.161746
0.161746
0.161746
0.161746
0.161746
0.161746
0.0860873
0.0860873
0.0484056
0.0484056
0.0484056
0.0484056
0.0484056
0.0484056
0.291688
0.289982
0.289982
0.289982
0.289982
0.357733
0.0556527
0.0556527
0.0556527
0.0556527
0.0556527
0.0556527
0.0487594
0.0875001
0.0875001
0.0875001
0.0875001
0.0875001
0.0875001
0.091357
0.091357
0.230729
0.230729
0.230729
0.405302
0.290617
0.290617
0.195552
0.272139
0.272139
0.230357
0.221368
0.220771
0.220771
0.30952
0.310103
0.440965
0.511864
0.510119
0.523242
0.564832
0.532559
0.338138
0.338138
0.338138
0.436002
0.50579
0.507238
0.593361
0.534067
0.501319
0.538672
0.28951
0.234087
0.234087
0.234087
0.0747039
0.0747039
0.0747039
0.0747039
0.0747039
0.0747039
0.0525283
0.0525283
0.47349
0.47349
0.47349
0.47349
0.197377
0.197377
0.197377
0.209998
0.209998
0.209998
0.199012
0.199012
0.199012
0.199012
0.0603498
0.0603498
0.0988076
0.0988076
0.148164
0.148164
0.148164
0.148164
0.148164
0.197869
0.348463
0.171967
0.100478
0.100478
0.134435
0.0625309
0.10896
0.10896
0.10896
0.212393
0.212393
0.0607653
0.0607653
0.0607653
0.0607653
0.0415874
0.101023
0.0166031
0.0166031
0.0166031
0.0166031
0.0166031
0.0166031
0.0166031
0.0166031
0.0166031
0.0166031
0.0166031
0.0166031
0.0166031
0.0166031
0.0166031
0.0677457
0.0677457
0.146173
0.144599
0.118008
0.118008
0.118008
0.314144
0.164012
0.150795
0.150795
0.123419
0.123419
0.123884
0.113705
0.113705
0.0974176
0.0889079
0.0889079
0.0889079
0.0555667
0.0976631
0.126246
0.126246
0.199775
0.09582
0.0970545
0.0760969
0.153401
0.153401
0.153401
0.153401
0.156242
0.146404
0.146404
0.146404
0.122992
0.122992
0.122992
0.222926
0.227498
0.115115
0.163922
0.0729778
0.317828
0.469313
0.148434
0.179909
0.198291
0.198291
0.198291
0.391037
0.17006
0.308296
0.0513465
0.0513465
0.0513465
0.0513465
0.0504744
0.0504744
0.360251
0.360251
0.321674
0.321674
0.321674
0.321674
0.166338
0.231825
0.231825
0.228504
0.228504
0.228504
0.228504
0.228504
0.266765
0.266765
0.131189
0.131189
0.131189
0.321106
0.37952
0.0131023
0.0131023
0.0131023
0.0131023
0.0131023
0.0131023
0.385028
0.147523
0.147523
0.108405
0.0296962
0.0296962
0.0296962
0.0296962
0.0296962
0.197664
0.355334
0.134516
0.581689
0.581689
0.412212
0.624642
0.744488
0.691197
0.46782
0.325401
0.459694
0.255208
0.255208
0.255208
0.491132
0.27052
0.156654
0.156654
0.156654
0.156654
0.156654
0.156654
0.156654
0.156654
0.156654
0.156654
0.156654
0.156654
0.156654
0.156654
0.156654
0.0570846
0.0570846
0.0570846
0.0570846
0.0570846
0.0570846
0.302766
0.417407
0.379866
0.306064
0.306064
0.255811
0.252981
0.252981
0.252981
0.252981
0.0529923
0.0529923
0.0529923
0.0529923
0.396132
0.207626
0.207626
0.207626
0.46117
0.46117
0.46117
0.47366
0.594356
0.392479
0.392479
0.392479
0.0432628
0.0418605
0.0418605
0.0418605
0.166911
0.166911
0.176468
0.176468
0.176468
0.176468
0.176468
0.0749058
0.0749058
0.0749058
0.172272
0.100689
0.154828
0.154828
0.154828
0.154828
0.154828
0.245996
0.245996
0.245996
0.209235
0.209235
0.209235
0.506266
0.546382
0.546382
0.546382
0.274211
0.274211
0.274211
0.390593
0.383295
0.0901764
0.0901764
0.137099
0.170531
0.170531
0.219567
0.219567
0.219567
0.248975
0.148249
0.148249
0.148249
0.148249
0.148249
0.148249
0.010043
0.010043
0.010043
0.010043
0.010043
0.010043
0.010043
0.281635
0.250351
0.250351
0.332962
0.332962
0.332962
0.332962
0.332962
0.332962
0.332962
0.343507
0.126372
0.126372
0.126372
0.126372
0.126372
0.0830134
0.0830134
0.181516
0.181958
0.0937884
0.0449332
0.0449332
0.0449332
0.0449332
0.308082
0.366993
0.318602
0.289605
0.289605
0.289605
0.289605
0.289605
0.289605
0.375926
0.375926
0.375926
0.347422
0.422251
0.419128
0.419128
0.0405659
0.0405659
0.34894
0.34894
0.341001
0.341001
0.309952
0.0624761
0.0624761
0.0282154
0.0282154
0.0282154
0.0282154
0.0282154
0.0282154
0.0282154
0.153991
0.153991
0.235356
0.255596
0.377392
0.377392
0.377392
0.32951
0.32951
0.32951
0.640919
0.404025
0.404025
0.404025
0.207345
0.242086
0.277749
0.252341
0.252341
0.433936
0.433936
0.21397
0.21397
0.21397
0.0661732
0.0661732
0.272123
0.282233
0.250009
0.314564
0.314564
0.345019
0.219457
0.502921
0.372824
0.372824
0.247422
0.148716
0.148716
0.148716
0.148716
0.148716
0.148716
0.148716
0.148716
0.110594
0.110594
0.110594
0.110594
0.110594
0.110594
0.348297
0.189191
0.189191
0.189191
0.189191
0.189191
0.0769365
0.0714684
0.0714684
0.144064
0.144064
0.144064
0.144064
0.144064
0.323906
0.323906
0.323906
0.323906
0.166775
0.166775
0.366294
0.366294
0.0932224
0.0932224
0.135863
0.135863
0.105896
0.328229
0.133744
0.133744
0.133744
0.355945
0.355945
0.410382
0.377275
0.6715
0.17144
0.17144
0.259963
0.0816942
0.112509
0.112509
0.112509
0.44039
0.379762
0.33632
0.08903
0.08903
0.108744
0.108744
0.108744
0.196562
0.196562
0.196562
0.196562
0.196562
0.196562
0.196562
0.741684
0.708832
0.270456
0.331638
0.0993267
0.0993267
0.0993267
0.0993267
0.0993267
0.0993267
0.362386
0.0657357
0.339861
0.339861
0.391282
0.391282
0.391282
0.391282
0.124367
0.124367
0.124367
0.157885
0.220468
0.14815
0.14815
0.167091
0.108495
0.108495
0.290644
0.290644
0.1462
0.1462
0.2678
0.2678
0.2678
0.180805
0.180805
0.180805
0.262731
0.207613
0.207613
0.207613
0.207613
0.226214
0.0677533
0.0677533
0.0677533
0.0677533
0.0677533
0.0677533
0.0144076
0.216002
0.183532
0.0715653
0.0715653
0.0715653
0.230233
0.0454008
0.298398
0.159433
0.159433
0.159433
0.359037
0.384911
0.0470632
0.0470632
0.0470632
0.0799037
0.0799037
0.0799037
0.0799037
0.0799037
0.0799037
0.209332
0.209332
0.209332
0.209332
0.209332
0.209332
0.193947
0.101898
0.101898
0.101898
0.104636
0.104636
0.056242
0.056242
0.056242
0.056242
0.056242
0.0836849
0.0836849
0.109302
0.109302
0.109302
0.109302
0.109302
0.109302
0.109302
0.109302
0.109302
0.109302
0.109302
0.109302
0.109302
0.109302
0.151541
0.186435
0.37415
0.474007
0.225537
0.132394
0.132394
0.132394
0.0587754
0.0587754
0.0587754
0.0587754
0.0587754
0.443415
0.443415
0.128967
0.307095
0.537545
0.248458
0.175755
0.175755
0.175755
0.324305
0.324305
0.324305
0.425739
0.425739
0.152733
0.152733
0.139233
0.139233
0.139233
0.179449
0.109803
0.0983736
0.0983736
0.118814
0.346638
0.346638
0.354539
0.342063
0.342063
0.342063
0.215052
0.254795
0.254795
0.362054
0.362054
0.362054
0.362054
0.27636
0.305699
0.529855
0.654375
0.479269
0.479269
0.300426
0.300426
0.142861
0.1155
0.1155
0.1155
0.1155
0.0995031
0.0740539
0.0918294
0.0918294
0.0918294
0.0918294
0.0918294
0.0918294
0.0918294
0.345153
0.363929
0.363929
0.363929
0.4023
0.4023
0.382624
0.382624
0.354414
0.144971
0.144971
0.144971
0.394453
0.457611
0.26449
0.167923
0.167923
0.167923
0.167923
0.167923
0.167923
0.0281055
0.0281055
0.0281055
0.0281055
0.0281055
0.0281055
0.0281055
0.0281055
0.0654704
0.0654704
0.0654704
0.0654704
0.149852
0.441985
0.441985
0.346313
0.346313
0.346313
0.217359
0.217359
0.217359
0.49121
0.672928
0.27369
0.30465
0.396719
0.396719
0.206808
0.241126
0.241126
0.327689
0.361575
0.361575
0.301309
0.301309
0.301309
0.452017
0.452017
0.452017
0.446151
0.275679
0.182701
0.219798
0.219798
0.154756
0.169508
0.169508
0.158513
0.158513
0.088163
0.088163
0.088163
0.088163
0.088163
0.088163
0.088163
0.088163
0.088163
0.088163
0.088163
0.095919
0.470248
0.470248
0.470248
0.48125
0.28288
0.28288
0.0655878
0.0655878
0.0655878
0.0655878
0.0655878
0.302313
0.2468
0.248631
0.248631
0.248631
0.144219
0.144219
0.144219
0.239213
0.239213
0.239213
0.319391
0.0702429
0.0702429
0.0702429
0.0702429
0.0702429
0.0702429
0.193276
0.193276
0.193276
0.241635
0.241635
0.137323
0.137323
0.137323
0.137323
