119.606
119.606
119.606
119.947
119.947
119.947
119.947
119.947
120.217
120.217
118.931
118.931
118.931
120.324
120.324
120.324 6.30208 2.46608
119.569 -2.13337 -5.79799
119.569 0.577423
119.569
119.569 -9.32393
119.859
119.859
118.287
119.27
120.14
120.14
118.952
119.504
119.504
119.504
119.504
119.504 -0.84362
119.637
118.858
119.98
119.014
119.014
119.014
119.014
119.014 -7.38251
119.473 -2.66832
119.473
119.473
119.473 -4.98979
119.473 -2.74628 6.02358 5.05322 0.12907 -2.54755 -3.65853
119.473
119.473 0.709219
119.473
119.672
119.041
119.485
119.089
119.089
119.359
119.359
119.359 -1.96148
119.359
119.359
119.539 -2.32774
120.794
119.644
119.644
120.416
120.682
120.682
120.682
120.682
120.682
120.977
120.591 -2.3081
118.982
118.982
118.982
118.982
118.982
118.982
120.285
118.791
119.08
119.08
119.08
119.917
119.457
119.457 -2.0085
119.457
118.786
118.683
119.81
119.81
119.411 1.95419
117.091
117.091
119.46
119.46 -0.0584477
119.46 -0.882169
118.983
119.311
119.311 -0.780097 1.36461 -4.85959
118.541 3.69579
118.541
118.687 2.84782
118.687
118.687
118.687
118.747
118.747
118.747
118.408
118.408
118.408 0.957015
118.408
117.705 -3.30542 -0.153233
119.112
119.112
118.85
119.776
119.776
119.776
119.486
119.486
119.486
119.807
119.807
120.128
120.128
120.343
120.343 0.560242
120.021
120.021
120.021
118.74
119.211
118.357
118.928
118.928
118.928
119.15
119.15
119.15
119.15
119.15
120.778
120.778
120.778
120.778
120.778
120.864
120.055
119.741
119.109
119.109
119.109
118.835
118.841
118.841
118.841
118.841
118.841
119.517
119.517
119.517
119.517
119.016
120.928
118.062
118.062 -3.21283
118.969 0.452244
118.969
118.969
119.229
119.229
119.229
119.802
119.802
119.802
119.802
119.802
119.802
119.802
119.104
119.104
119.104
119.104
119.104
119.104
117.621
117.621
117.621
117.621
120.574
120.574
120.574
119.574
119.574
119.574 6.04027
119.574
119.544
119.55
119.55
119.55
119.55
119.55
119.785
119.785
119.472 0.796933
118.977
118.977
120.518
119.215
119.215
119.215
119.215
119.441
119.567
119.567
119.567
119.567
120.291
120.291
120.1
118.607
119.732
119.817
119.817 1.32186
117.463
118.041
119.589
119.589
119.589
117.873
118.615
118.615
119.019
119.019 3.56238 -1.51088
119.019
118.124
118.124
118.124
118.124
118.43
118.521 -2.95868
118.521
118.883 -1.28016
119.275
120.009
120.009
120.009
120.009
120.009
120.009 3.71409
120.009
120.009 -1.57363
120.009
120.009
120.009 -4.7607
120.009
120.009
120.12
119.438
119.438
119.438
119.438
119.438
119.029 -5.0311
119.029 2.60371
119.029
120.252
120.341
117.506
120.144
120.247
120.247
120.247
120.247
119.383
119.383 3.41638
119.383
120.284
120.379
120.379
120.819
118.887
121.437
120.643
118.16
118.16
118.649 2.18538
118.649
118.335
118.335
118.335
118.335
119.844
118.842
118.842
118.842
119.672
120.041
120.041
120.041
120.041
120.482
120.04
119.388
119.388
119.388
119.298
119.196
118.362
120.048
120.715
120.715
120.715
120.715
120.206
118.663
118.663
118.663
118.663
119.08
119.052 2.28727
120.304
119.558
119.558
119.558
120.133
119.173
119.173 4.82382
119.173
119.517
120.002
120.002
118.039
118.039
118.039 1.72334
117.635
118.887
118.887
118.421
118.421
121.144
121.144
121.382
122.334
122.334
122.334
122.334
122.334
121.263
119.869
119.996
118.568
118.568
118.568
118.568
118.568 3.01332
118.568
118.622 -2.60631
118.622 0.845553
119.39
119.39
119.39
119.39
119.39
119.39 -1.84818
119.39
119.39 1.26521
118.8
119.234
118.518
119.292 2.98743
119.292
119.317
119.968
119.968
119.968
118.076
118.076
118.076
118.076
118.076
118.076
119.204 5.43571
119.364 -0.926904
120.047
120.76
120.76
119.085
120.052
119.582
119.85
118.425
118.355
119.787
119.787
118.619
118.619 1.03092
120.676
120.667
119.772
119.918
119.27
119.27
119.27
119.27
119.27
119.27
118.471
120.085
120.333
120.333
120.333
119.964
119.964
119.964 0.61355
119.964
120.358
120.401
119.816
119.816 3.79388
119.816
119.816
118.521
118.521 -0.328541 -1.82199
118.521
118.6
120.32
120.463 5.28871
120.463 0.0840246
120.463
119.146 0.0216824
119.146
119.146
119.146
119.146
119.018
118.29
119.186
119.186
119.186
119.831 -5.03981
119.925
119.925
120.851
120.851
120.851
120.851
120.978
118.899
118.899
118.899
118.899
118.899
118.899 1.03757 -1.34928
118.899 0.752103
118.899
119.854 5.48091 -0.674123
119.854 1.92429
118.739
120.166
120.166
118.653
118.923
118.923
119.454
119.454
118.445
118.445 -0.0162717
118.445
119.758
119.758 0.318034 1.24884
119.026
119.671
118.669
118.669 0.604769
118.669
119.844 -5.0512
118.94
118.94 2.4106
118.655
118.655
118.655
118.655
120.259
120.259
119.899
118.993
118.993
118.993
118.993
118.993
118.777
119.717
119.795
119.795
119.795
119.795
120.599
120.599
119.65
119.592
119.262
119.262
119.262 1.40133
119.262
118.761
118.761
117.854
120.154
120.154 -0.638659
120.554
117.813
117.813
117.813
117.813
117.813
117.813
117.813
117.225
117.695
117.695
119.431
119.68 1.23199
119.133
119.133
119.133
119.133
119.133
119.133
119.133
118.467
118.467
118.467
118.467
118.467
119.465
119.465
120.381
120.381 0.462291
120.381
120.381
120.381
120.381
120.381
120.381
119.983
119.983
119.983
119.983
119.983
119.983
119.181
119.181
119.181
119.181
118.333
118.333
118.333
118.333
118.333
119.198
119.198 2.51975 0.452018
119.198
119.198
119.464
119.798
119.798
120.532
120.532
120.532
119.794
119.794
119.794 2.35207 -8.08203
119.787
119.787 -1.4272
119.787 -1.45403
119.787 0.25505 -4.68851 5.47674
119.787
119.787
119.787
119.294 0.154402
119.294
118.68
118.68
119.427
119.427
119.502 11.0202
119.502
119.502
119.502
119.502
119.502
119.502
119.502 0.730985
118.231
118.231
118.231
120.519
120.742
120.742
119.809
121.413
121.413
121.413
121.413
121.413
120.729
120.729
118.055 9.54899
118.055
118.055
118.055
118.937
118.937
118.201
120.098
120.098
119.982
119.982
118.665
118.665
119.64
118.447
118.105
120.784
120.784 -0.45602
120.064
120.064
120.064
120.064
119.565
119.565
119.197
119.197
119.659
119.788
120.229
120.229
118.686
118.917
118.917
119.304
119.304
119.304
119.304 -0.622806
119.304
119.304
119.304
120.595
119.825
119.825
119.825
120.302
120.302
120.302
120.302
120.302 0.27428
120.302
120.302
118.94
118.94
118.94
118.94
118.94
119.106
120.03 3.18564 0.254153
120.03
121.05
121.05
121.05
121.05
121.05
120.05
118.961
118.961
118.961
118.961
118.961
118.961
118.961
118.501
117.941
120.655
120.655
119.777
119.276
119.276
119.276
119.276 5.00573
118.239 -3.36936
118.239
118.239
119.494
119.218
119.025
119.025
119.97
119.642 2.93014
119.642 -1.05089
120.819
119.959
120.046
120.046
120.046 1.82512
120.046
120.046
120.046
120.046
119.237
118.77 0.61254
118.889 0.184646
118.889
118.889
118.889
118.889 1.82518
118.889
118.889
120.509 0.0548059
118.805
118.805 -1.72058
119.313
119.117
119.117
119.117
119.117
119.623
119.623
119.803
118.18 -2.61844 -3.33267
118.18
118.18
117.919
119.31
119.31
119.31
118.879
118.879
118.879
118.879 -2.29339 -1.45486
118.879
118.879
118.879
119.209
118.781
118.781
118.781
118.781
120.093
120.093
120.093
120.093
119.746 1.15073
119.785
119.785
119.785
119.785
119.3
119.3
120.164
117.973
117.973
120.889
120.889
120.889
120.889 3.03456
117.808 -1.00331 -1.94311
117.808
117.796
118.256
118.256
118.256
118.256
118.256
120.386
120.386
121.04
120.167
120.167
118.712
119.126
118.576
118.576
118.576
118.576 3.71575
118.576
120.276
120.496
120.745
121.453
120.945
119.837
118.69
118.69
117.643
117.643
117.643
117.643
120.08
120.197
120.137
120.137
120.137
119.692
119.831
118.546
119.445
119.445
119.957
120.011
120.011
120.011
120.011
120.181
119.444 0.280312
119.444
119.444
118.978
118.762
118.645
118.645
119.403
119.262
120.579
119.132
119.132
119.132
119.192 -5.90915 1.02021
119.192
119.192
121.248
121.248
119.614
118.066 -0.810543
119.116
119.116
119.116 0.102196
119.116
119.116
120.975
120.975
120.975
117.903
117.903
120.367
120.169
120.169
120.169
119.136 0.258585
119.374 -0.0486617 0.912817
119.374
119.374
119.374 4.65987 0.216554
118.92
120.099
120.099
120.934
120.934
118.36
118.36
118.36 2.83022 -3.25396
118.36
118.36 3.31325 1.87986
119.929 4.96826
119.929
119.929
119.929 1.04668 6.39571
119.929 0.897094
119.929
120.357
120.357
120.357
120.539
120.539
120.206 -0.165218
120.205
119.605
119.605
120.836
120.836
120.42
118.513
118.513
118.513 -3.86398
118.513
120.3
120.3 -7.92708
120.183
120.183 0.943153 2.22639
118.821 1.76689
118.296 0.0400412
118.296
118.296
118.296
118.296
119.714
119.714
119.714
120.656
118.949
118.949
118.949
118.949
118.949
120.046
120.046
120.046
120.271
119.867
119.867
119.693
120.116
120.116
120.116
120.116
121.282
121.282 -2.68625
121.282 -2.14977 -0.301854
116.776
116.776
117.747
117.747
118.91
119.227
119.227
119.227 -2.18302
120.197
120.197 -1.88387
120.197
118.576 0.0823204
118.576
119.46
119.46 -0.320148
119.06 0.726507
118.673
117.681
119.744
120.044
120.044 -1.01018 4.48531
120.044
119.804 -8.30741 1.30963
119.804
119.003 -0.137059
119.652
119.652
119.652
119.652
119.742
119.742
119.742
119.742
118.802
118.802
118.802
120.119
120.119
120.019 -15.9028
120.019
120.019
120.019
120.019
120.971
120.971
120.971 0.265288
120.971
120.971
119.75
119.095 0.602875 -4.13788
119.095
119.095
119.692
119.692
119.692
118.618
118.618 -0.936685
118.618
118.881
118.881
119.838
119.838
119.134 -4.22353
119.466
119.466
118.892
118.892 -2.43922
118.892
118.892
118.892
118.892
118.577 -1.35505
118.577
118.577
120.859
120.859
119.59
119.59
119.59
119.877
119.877
119.737
119.737
