1
1
1
1
1
0.999986
0.999983
0.99999
0.999912
0.9999
0.999999
0.999935
1
0.999738
0.999977
0.999979 4.10297e-06 1.64251e-05
0.999776 0.000201924 2.06746e-05
0.999821 0.000178232
0.99987
0.999598 0.00040143
0.999591
0.999999
0.999857
0.999918
1
1
1
1
1
0.999955
0.999999
0.999243 0.00074211
1
0.999996
0.999924
0.999969
0.999901
0.999946
0.999899
0.999426 0.000475781
0.99982 0.000147893
0.999982
0.999983
0.999282 0.000717874
0.999251 0.000494916 6.46695e-05 0.000135618 1.28242e-05 1.90491e-05 2.18603e-05
0.999942
0.999712 0.000288338
1
0.999988
1
1
0.99996
0.999996
1
1
0.999449 0.000550958
0.99989
0.999971
0.999773 0.000217333
0.999817
0.99998
0.999995
0.999999
0.999986
1
0.999662
0.999966
1
0.999999
0.999612 0.000388332
0.999783
0.999924
1
0.999956
1
1
1
0.999965
0.999976
0.999994
0.999992
1
1
0.999812 0.000180056
0.999993
0.999957
0.999687
1
0.999913
0.999888 6.51424e-05
0.999999
0.999998
1
0.999803 0.000196628
0.99987 0.00013005
1
0.999899
0.999885 1.52223e-07 1.02236e-05 8.95578e-05
0.999709 0.000225587
0.999977
0.999326 0.000297697
0.999962
1
0.999804
0.999778
1
1
0.999983
0.999971
0.999652 0.000266901
0.999961
0.999923 2.98937e-05 4.68923e-05
0.999841
0.999982
1
0.999997
1
0.999944
0.999997
0.999951
1
1
0.999999
1
1
0.999928
0.999764 0.000236347
0.999994
1
1
1
1
1
0.999983
0.99999
1
0.99995
0.999991
1
0.999995
0.999983
0.999861
1
1
0.999891
0.999991
0.999867
1
1
0.999831
0.999927
0.999884
1
0.999974
0.999999
1
1
1
1
0.999414
1
1
0.999985
0.999988
0.999874
0.999624 0.000294637
0.999839 0.000156121
0.999986
1
1
1
1
1
1
0.999999
1
0.999978
0.999953
0.999964
0.999999
1
1
1
0.999997
0.999963
0.999988
1
0.999999
1
0.999999
0.999998
1
0.999996
1
0.999892 0.000108293
1
1
1
0.999941
0.999951
1
0.999884
0.999738
0.999991
0.999467 0.000533449
1
1
1
1
1
0.99997
0.999914
1
1
1
1
0.999949
1
0.999997
0.999966
1
0.999805
0.9999
0.999973 2.72928e-05
1
0.999999
0.999999
0.999987
0.999982
0.999972
0.999997
0.999997
0.999955
0.999662 0.000140305 0.000195593
0.999937
0.999979
0.999994
1
0.999859
0.999968
0.999821 0.000176263
0.999967
0.999965 3.46866e-05
0.999859
0.999999
0.999977
0.999999
0.999722
0.999964
0.99992 6.35338e-05
0.999974
0.99957 0.000429144
1
0.999758
0.999553 0.000446098
0.999966
0.999999
1
0.999984
1
0.999991
1
0.999801
0.999248 0.00044605
0.999831 2.64527e-05
0.99989
0.999981
0.999982
0.999999
0.999987
1
1
0.999987
1
0.999996
0.999861 0.000121589
0.999906
1
0.999966
1
0.999989
1
1
1
1
0.999829
0.999712 0.000241097
0.999988
1
1
1
0.99995
1
1
0.999992
0.999778
1
0.999935
1
1
1
1
0.999873
1
1
1
1
1
1
1
1
1
1
1
1
1
1
1
1
1
0.999635 0.000364375
1
0.999997
1
1
0.999996
0.999885
0.999711 0.000288906
1
1
1
1
1
1
0.99932 0.000679597
0.999979
1
1
1
0.999965
0.999999
0.999971
1
0.999995
0.999993
1
1
0.999994
1
1
0.999986
1
0.999999
1
0.999995
0.999994 6.15744e-06
1
0.999988 1.18991e-05
0.999798 0.000201908
0.999991
0.999999
1
0.99999
0.999911
0.999582 0.00023405
1
0.999816 0.000158787
1
0.999952
0.99999
0.999926 7.16549e-05
0.999994
1
1
1
1
1
1
1
0.999996
0.999844
0.999935
0.999929 6.91603e-05
0.999451 0.000541643
0.999949
0.999968
0.999998
1
1
1
1
0.999996
0.999999
0.999986
0.999999
1
0.999633 0.00036671
0.99999
0.99989
0.999998
1
1
1
1
1
0.999995
0.999953
0.999951
0.999997
0.99998
1
1
1
1
0.998798 0.0011857
0.999977
1
0.999968
0.999658
0.999856 7.02407e-05
0.99986
0.999944
0.999829
0.999764 9.75488e-06 0.00016465
0.99971
0.999995
0.999957
0.999913 8.74444e-05
0.999833 0.000166858
0.99996
0.999547 0.000452708
0.999978
0.999966
0.999999
0.999999
1
1
0.999953
1
0.999968
0.999953 4.20502e-05
1
1
0.999856
1
0.999998
0.999967
1
1
0.999972
1
1
0.999935
0.999816 8.39958e-06 0.000175526
0.999415 0.000546081
0.999985
0.999726 6.50582e-05 0.000165732
0.99975 0.00023535
0.999997
1
1
0.999999
1
0.999999
1
1
0.999852
0.999374 0.000625754
0.999846
0.999481
0.999985 4.7219e-06 5.55271e-06
0.999998
1
0.999432
0.999795 0.000153844
0.999933
0.999874 9.56689e-05
0.99999
0.999637 0.000362948
1
1
1
0.999998
1
0.999998
0.999996
0.999756
0.999977
1
1
1
0.999953
1
1
0.999993
1
0.999996
1
1
0.999999
1
1
0.999999
0.999827 0.000136139
0.999995
0.999888
1
0.999876
0.999987
0.999591 0.000333278
1
0.999998
1
0.999979
0.999973
0.999995
1
0.99984
0.999973
0.999997
1
0.999961
0.999722 0.000227313
1
1
0.999955
1
0.999988
0.999986
1
1
1
1
1
1
1
1
0.999984
0.999756 0.000243953
0.999987
1
0.999999
0.999995
0.999994
0.999968
0.999989
1
0.999976
0.999999
0.999989
0.999995
0.999999
1
1
0.999669
0.999978
0.999997
0.999871
1
1
1
0.999939 5.98892e-05 8.50695e-07
0.999765
0.999965
0.999997
0.999729
0.999734
1
1
0.999998
0.999999
0.999995
0.999803 1.97108e-05 0.000175852
0.999918
0.999381 0.000584712
0.99977 0.000228526
0.999482 0.000470917 2.54502e-05 8.80662e-06
0.999895
0.999997
1
0.999546 0.000306838
0.999988
0.999994
0.999795
0.999986
1
0.999728 0.000271713
1
1
1
1
1
1
0.999911 8.86779e-05
1
0.999886
0.999977
0.999999
0.999919
0.999982
0.999996
0.999933
1
0.999959
0.999953
0.999924
0.999617
0.999857
0.999049 0.000716705
0.999994
1
1
0.999991
0.999986
0.999996
0.999876
0.999996
1
0.999946
0.999998
0.999999
0.999938
0.99999
0.999974
0.999999
0.999293 0.000645651
0.999917
1
0.999913
1
0.999999
0.99999
1
0.999999
0.999797
0.999955
0.999999
1
1
1
1
1
1
1
0.99901 0.000979674
1
0.999998
1
0.99999
1
1
1
1
1
0.999962
0.999994
0.999929 6.80871e-05
1
0.999747
0.999999
0.999989
0.999824
0.999994
1
0.999892
0.999861 6.20787e-05 6.30421e-05
0.999964
0.999999
1
0.999998
0.999966
0.999931
1
1
1
0.999998
0.999979
0.999825
0.999706
0.999734
0.999984
1
0.999734
0.999999
0.999921
0.999928
1
0.999957
0.999878 7.36404e-05
0.999805 9.56905e-05
0.999945
1
1
0.999999
1
1
0.999625
0.999826 0.000125678
0.999606 0.00038601
0.999994
0.999962
0.999971
0.999901
0.999876 0.000119704
0.999816
0.999984
0.999974
0.999999
0.999998
0.999877 0.000121539
0.999825 0.000175052
1
0.999983
0.999994
0.999412 0.000413323
0.999808
0.999987
0.999703 9.22944e-05
0.999962
0.999978 2.17247e-05
0.999937
0.999977
0.999996
0.999999
0.999957
1
0.999999
0.999998
0.999613 0.000182091 0.00020157
1
0.999934
1
0.999998
0.999953
1
1
0.999999
0.999959
0.999517 0.000106577 0.000376493
0.999999
0.999997
0.999974
1
0.999984
0.999999
1
1
1
1
1
1
0.999593 0.000406716
1
1
0.999999
1
1
0.999997
1
1
1
1
0.999997
1
0.999746 0.000251402
0.999807 7.48672e-05 0.000117833
1
1
1
1
1
0.999998
0.999976
1
1
1
0.99993
1
0.999982
0.999998
0.999997
0.999983
0.999984
0.999685 0.000312912
1
0.999998
1
1
1
1
1
1
0.999848
0.999969
1
0.999946
1
0.999961
1
1
1
1
1
0.999973
1
1
0.999999
1
1
0.999991
0.999763
0.999499
0.999916
0.999608 0.000392486
1
0.999907
0.999999
1
1
1
1
0.999659
0.999775
0.999986
0.999998
0.999987
0.999991 5.27413e-06 3.47662e-06
0.999972
0.999993
0.999994
0.999999
0.999995
0.999552 0.000441382
0.999988
0.999961
0.99935 0.000306034
1
0.999958
1
1
1
1
0.999997
1
1
0.999993
1
0.999848 8.8847e-05
0.999919 6.20852e-05 1.76562e-05
0.999888
0.999997
0.999044 0.000636203 0.000315412
0.999986
0.999987
0.999971
1
1
0.999998
0.999889
0.999568 0.000354069 4.19931e-05
1
0.99961 9.5927e-05 0.000197805
0.999837 0.000113077
0.999977
0.999999
0.999946 4.59643e-05 7.76782e-06
0.999707 0.000293436
1
1
0.999998
0.999922
0.999999
0.999995
0.999773 0.000189538
1
1
1
1
0.999985
1
1
0.999983
0.999594 0.000392331
0.999851
0.999984
0.999714 0.000275386
0.999966
0.999528 0.000327702 0.00013601
0.999748 0.000249585
0.999554 9.01037e-05
0.999948
0.999941
0.999949
0.999989
0.999933
1
0.999999
0.999999
1
0.99997
0.999987
1
1
1
1
1
1
1
1
1
0.999997
0.999991
1
0.999998
0.999879
0.999891 6.67845e-05
0.999846 2.23286e-05 5.6352e-05
1
0.999999
0.999989
1
1
0.999731
0.999337
0.999938 5.24494e-05
1
0.999287 0.000695598
0.999928
0.999898 0.000102452
1
0.999982
0.999589 0.000393834
0.999654 0.00034388
0.999088
0.999995
0.999996
0.999996
0.99957 4.24152e-05 0.000379855
0.999962
0.999934 7.49169e-07 2.78947e-05
0.999726
0.999554 0.000202718
1
0.999977
1
1
1
1
1
0.99998
0.999997
0.999999
1
0.999955
1
0.999723 0.000276676
1
0.999988
1
0.999998
1
0.99997
0.999774 0.000224181
0.999985
0.999941
0.99997
0.999752 3.90452e-05 0.000158563
0.99992
0.999879
1
0.999995
1
1
0.999794 0.000191425
1
0.999999
0.999999
0.99989
0.999676
0.99989 0.000109173
1
0.999978
0.999997
0.999939 3.06175e-05
1
0.999999
1
1
0.999788 0.000212038
1
1
0.999999
0.999998
0.999933
0.999973
0.999874
0.999879
1
1
1
