2148
2036.43
2009.94
2167.42
2030.03
2176.69
2081.57
2148.89
2066.74
2085.17
2170.64
2038.7
2038.23
2201.61
2110.38
2072.82
2086.55
2004.17
2026.06
2168.38
2091.37
2143.32
2181.71
2147.16
2215.96
2110.48
2003.88
2054.68
2021.57
2079.84
2014.53
2048.6
2049.69
2103.93
2080.43
2035.82
2064.27
2079.07
2053.63
2084.84
2070.85
2124.55
2103
2042.79
2040.68
2009.45
2064.67
2039.55
2141.97
2171.48
1965.8
2088.61
2126.54
2014.2
2043
2025.23
2071.87
2057.71
2086.23
2062.76
2164
2100.41
2054.35
2058.53
2110.3
2025.72
2122.74
2034.14
2100.32
2064.52
2026.35
2079.69
2132.58
2165.21
2135.73
2020.93
2007.27
2020.65
2077.21
2106.25
2206.79
2091.12
2051.69
2114
2057.04
2121.59
2038.45
2191.7
2058.17
2008.78
2102.7
2040.12
2049.1
2057.91
2073.38
2119.59
2070.12
2094.93
2114.35
2031.07
2072.28
2152.5
2051.08
2086.96
2051.17
2093.59
2035.29
2060.45
2113.49
2064.27
2111.44
2069.43
2102.61
2038.52
2162.93
2173.47
2012.92
1936.53
2147.84
2035.83
2195.02
2087.83
2079.88
2091.44
2093.26
1989.21
2064.14
2070.92
1987.2
2045.58
2129.26
2057.32
2077.55
2139.55
1997.97
2101.86
2123.93
2015.64
2088.22
2060.67
2146.81
2080.25
1986.79
2097.5
2007.7
2074.42
1988.39
2034.22
2056.65
2090.17
2161.73
2087.08
2060.09
2019.51
2056.17
2099.66
2101.85
2125.59
1986.41
2107.52
2112.86
2098.75
2173.05
2096.41
1992.61
2084.75
2033.86
2074.85
2007.58
2107.78
2053.39
1991.71
2118.49
2087.51
2073.82
2008.86
2092.25
2048.72
2155.27
2061.71
2042.43
2121.78
2212.68
2087.79
2068.21
2075.53
2060.12
2187.3
2054.5
2069.31
2080.9
2054.69
2093.55
2163.72
2091.77
2047.96
2076.61
2210.22
1968.15
1989.67
2142.35
2033.25
2039.33
2124.62
2140.77
2091.98
2070.98
2143.38
1992.63
2157.2
2034.53
2058.1
2099.85
2179.29
2093.12
2003.49
2075.44
2214.18
2067.63
2112.03
2154.85
2042.03
2079.54
2115.38
2145.05
2049.16
2083.65
2068.89
2023.6
2100.69
2112.93
2156.55
2038.49
2088.87
2104.18
1960.27
2052.61
2007.05
2101.35
2129.01
2109.52
2077.52
2064.8
2061.13
2119.19
2177.9
2087.59
2099.46
2119.1
2188.68
2062.89
2109.12
2047.94
2104.48
2054.33
2060.22
2060.74
2046.87
2136.34
2100.92
2156.88
1978.1
2134.2
2057.14
2065.22
1983.2
2066.53
2082.49
2035.48
1996.02
2170.75
2147.43
2107.08
2114.42
2063.65
2043.38
2043.9
2024.75
2070.83
2084.51
2118.45
2081.74
1986.74
2086.16
2123.83
2010.81
2070.34
2164.16
2093.79
2076.19
2115.62
2027.13
2090.67
2071.71
2117.24
2045.71
2144
2069.56
2153.64
2029.53
2215.58
2058.42
1963.31
2001.51
2025.83
2095.64
1990.76
2058.75
2048.11
2055.4
2043.59
2082.82
2061.24
2121.57
2103.89
2099.92
2116.86
2056.5
2099.92
2095.12
2133.24
1997.5
2040.23
2081.43
2209.67
2112.78
2011.57
2096.86
2096.94
2088.67
2095.5
2048.83
2011.88
2028.89
2164.38
2093.3
2174.23
2047.85
2166.88
2051.03
1985.84
2080.09
2106.45
2098.41
2146.52
2065.27
2026.09
2022.93
2153.69
2043.01
2191.93
2058.45
2070.31
2063.05
2194.74
2042.52
2119.15
2057.51
1978.88
2099.1
2108.36
2049.98
2108.8
2081.01
2159.04
2078.99
2091.81
2068.93
2018.48
2050.32
2124.33
1955.22
2098.04
2094.93
2101.31
2061.17
2060.55
2108.62
2031.48
2064.2
2048.36
2142.15
2010.6
2075.41
2099.14
2103.21
2125.2
2203.35
2041.34
2163.06
2118.32
2140.13
2139.81
1994.11
2070.48
2104.2
2049.18
1971.94
2074.19
2192.12
2116.64
2215.51
2057.02
2080.54
1964.05
2049.1
2081.32
2113.84
1999.66
2052.71
2079.71
2060.93
2051.99
2111.7
2099.53
2171.27
2097.17
2004.3
2095.26
2042.46
2070.82
2138.05
2129.84
2046.59
2177.1
2037.16
2069.93
2103.8
2028.19
2154.61
2077.16
2029.03
1979.36
2041.44
2131.12
2071.89
2056.36
2090.19
2153.77
2089.1
2097.62
2062.21
2031.55
2132.87
2113.22
2133.66
2091.18
2081.2
2092.93
2010.83
2108.85
2130.76
2051.21
2068.48
1985.78
2059.63
2018.2
2054.26
2072.28
2096.98
2072.57
2077.04
2068.54
2085.95
2084.66
2057.36
2059.32
2034.98
2063.05
2122.06
2127.57
2165.34
2071.53
2078.45
2117.95
2160.1
2169.49
2038.12
2031.21
2104.9
2147.86
2197.96
2089.99
1978.93
2012.97
2015.21
2135.21
2078.67
2024.89
2126.97
2148.2
2140.49
2086.92
2102.18
2130.48
1992.26
2122.64
2030.25
1986.79
2017.28
2080.2
2077.47
2064.68
2004.49
2121.9
2068.55
2096.38
2119.89
2111.49
2105.03
2054.59
2074.29
2107.48
2094.66
2108.35
2078.18
2084.63
2081.87
2082.37
2140.41
2047.11
2067.19
2050.77
2139.37
2134.4
2068.44
2115.43
2069.96
2207.65
2088.73
2055.41
2147.18
2128.24
2102.2
2102.19
2095.28
2135.21
2038.6
2093.51
2119.46
2114.51
2103.85
1988.01
2072.68
2163.87
2101.94
1955.95
2095.31
2088
2011.09
2119.74
2052.25
2081.66
2129.53
2106.41
2060.16
2116.2
2147.37
1973.52
2019.9
2083.61
2099.18
2139.47
1936.26
2091.44
2042.76
2077.04
2033.41
2249.89
2031.29
2046.85
2043.13
1991.11
2064.31
2063.39
2036.27
2187.05
2071.34
2096.89
1983.25
2024.31
2030.76
1970.33
2203.02
2091.13
2082.51
2162.29
2073.11
2069.51
2072.97
2038.62
2118.32
2081.96
2038.72
2034.91
2115.66
2031.91
2140.56
2032.71
2155.65
2100.93
2137.27
2076.8
2069.19
1989.43
2027.71
2085.78
2027.17
2018.32
2058.89
2012.32
2125.31
2053.63
2000.81
2068.72
2041.29
2019.74
2018.02
2079.42
2027.06
2069.62
2092.78
2039.68
2139.7
2033.63
2140.96
2011.07
2151.59
2067.38
2004.82
2048.46
2013.21
2076.51
2110.31
2010.95
2065.79
2150.95
2161.79
2098.45
1962.8
2150.51
2091.69
2047.6
1975.35
2031.1
2121.51
2081.82
2053.64
2052.83
2023.2
2090.9
2089.69
2107.45
2108.85
2171.7
2047.82
2049.71
2098.07
2182.58
2176.89
1945.02
1941.02
2039.88
2162.65
2036.56
2130.55
2081.1
2095.95
2052.09
2147.72
2110.28
2013.47
1987.17
2127.27
2093.19
2078.76
2079.09
2102.2
2130.55
2097.65
2036.96
2082.54
2068.3
2119.9
2074.31
2084.22
2160.3
2023.38
2053.59
2089.9
2026
2043.48
2091.47
2145.51
1993.84
2082.71
2081.64
2100.43
2106.49
2054.25
2108.72
2008.95
2062.2
2128.89
2036.4
2075.42
2061.99
2198.02
2022.03
2185.21
2115.42
2006.6
2071.95
2057.51
2002.2
2132.84
2148.27
2123.37
2079.04
2121.43
1999.89
2170.95
2062.24
2138.51
2155.97
2152.38
2077.7
2109.51
2082.44
2095.43
2025.43
2079.29
2045.74
2134.77
2045.95
1959.43
2101.91
2031.41
2070.3
2044.6
2091.1
2117.91
2079.9
2149.89
2098.83
2025.99
1957.63
1976.46
1962.62
2026.03
2084.58
2086.99
1933.68
1968.54
2104.1
2053.04
2115.74
2090.99
2191.51
2086.15
2087.03
2141.96
2021.48
2147.48
2061.38
2008.06
2102.77
2146.34
2052.15
2111.35
2200.98
2141.34
2077
2145.41
2055.95
2066.8
2038.66
2114.55
2018.58
2148.72
2137.2
2154.99
2135.55
2072.52
2016.16
2082.74
2047.23
2143.77
2069.66
2048.43
2179.24
2183.83
2126.58
2090.91
2101.04
2087.13
2117.76
2006.57
2124.57
2144.21
2058.04
2157.27
2023.1
2030.74
2001.07
2073.55
2036.11
2129.58
2129.83
2023.93
2061.22
2034.88
2135.85
2071.03
2164.45
2089.19
2068.44
2061.36
2067.44
2089.66
2093.49
2002.86
2121.98
2079.68
2082.94
2071.37
2082.16
2086.68
1958.76
2080
2086.44
1966.25
2088.88
2231.69
1972.32
2007.93
2037.83
2080.88
2153.5
2101.75
2032.18
2043.99
2032.49
2048.56
2012.15
2048.32
2039.36
2168.11
2065.12
2043.97
2106.51
2026.27
2161.79
2043.66
1995.2
2015.16
2096.69
2150.06
2187.79
2147.55
2055.38
2072.99
2069.43
2072.3
1989.09
2021.29
2052.54
2048.75
2100.7
2080.73
2015.57
2108.03
2085.38
2054.03
1986.01
1991.13
2071.6
2105.89
2037.97
2059.79
2205.03
2043.67
2142.87
2010.05
2099.97
2149.96
2074.85
2054.93
2113.83
2094.67
1982.2
1992.18
2129.86
2170.58
2015.87
2050.67
2201.02
2151.38
2134.51
2064.1
2072.61
2153.24
2249.6
2064.12
2002.45
1945.29
2009
2018.37
2152.66
1927.93
2072.15
2130.25
1952.18
2053.04
2184.82
2145.83
2081.74
2165.57
2159.87
2133.35
2026.49
2080.65
2078.07
2230.04
2094.65
2160.76
2061.86
2033.58
1951.03
2160.85
2133.71
1951.71
2173.24
2014.88
2093.99
2003.48
2099.49
2001.05
2071.06
2172.45
2119.88
2057.37
2133.79
2055.11
2100.62
2142.65
2120.91
2069.68
2097.44
2067.55
2146.41
2122.62
2096.83
2032.92
2109.78
1971.62
2102.38
2021.71
2042.08
2049.72
2059.88
2088.62
2167
2153.77
1978.95
2039.29
2092.14
2070.35
2064.21
2145.31
2038.98
2129.23
2054.14
2085.47
2079.53
2083.76
2126.8
2071.32
2097.58
2068.61
2120.57
2090.54
2099.12
2017.51
1960.16
2086.35
2040.91
2083.77
2021.63
1997.33
2190.72
2048
2032.17
1971.67
2099.15
2117.43
2120.92
2044.42
2148.35
2259.25
