0.438563 2.18156
0.436279 2.08947
0.436364 2.08947
0.435556 2.06719
0.438261 2.13299
0.437447 2.11139
0.4375 2.11139
0.437551 2.11139
0.4336 2.00811
0.432941 1.98775
0.435385 2.04799
0.432453 1.96876
0.434815 2.02738
0.436364 2.06595
0.438571 2.12304
0.436491 2.06667
0.44 2.15945
0.441356 2.1961
0.441333 2.1961
0.440656 2.17821
0.44129 2.19589
0.440635 2.17841
0.43875 2.12659
0.436308 2.05827
0.433333 1.97381
0.433433 1.97381
0.435294 2.02339
0.433043 1.95798
0.432 1.92561
0.432113 1.92561
0.431667 1.90976
0.431233 1.89406
0.432973 1.94068
0.434667 1.98685
0.435263 2.00209
0.434286 1.9719
0.434872 1.98685
0.43443 1.97204
0.436 2.01608
0.434074 1.95789
0.433171 1.92906
