0.417582 0.440363
0.421463 0.511826
0.420952 0.488412
0.423256 0.534457
0.42 0.443873
0.417778 0.377022
0.417391 0.355087
0.417021 0.333489
0.411667 0.184577
0.409796 0.121698
0.4184 0.328263
0.416471 0.267173
0.417692 0.287253
0.415094 0.208031
0.419259 0.305729
0.424 0.421422
0.424286 0.421422
0.426667 0.477791
0.423448 0.385019
0.424407 0.403345
0.424 0.385241
0.424918 0.403129
0.421935 0.314741
0.422857 0.332214
0.423125 0.332214
0.425846 0.400536
0.424242 0.349861
0.424478 0.349861
0.426471 0.399447
0.427246 0.4158
0.427429 0.4158
0.428169 0.431817
0.426111 0.368401
0.425753 0.352706
0.427568 0.399326
0.429333 0.445491
0.428947 0.430251
0.428052 0.40006
0.430256 0.459874
0.428861 0.41543
0.4275 0.371393
