5730.26
5722.19
5237.78
5463.6
5318.25
5281.68
5335.95
5378.29
5241.33
5182.78
5324.11
4821.51
4841.9
4917.47
4660.09
4825.8
4725.65
4683.88
4500.36
4143.14
4025.72
3931.13
3955.49
3674.4
3588.44
3555.42
3369.47
3420.9
3353.05
3276.82
3216.83
3144.55
3049.72
3116.06
2922.07
2909.27
2921.75
2891.15
2770
2758.75
2705.58
2683.17
2688.19
2630.65
2626.87
2737.48
2492.7
2657.46
2595.52
2550.31
2538.29
2368.24
2313.14
2275.77
2279.06
2306.47
2281.32
2283
2262.42
2134.23
2236.77
2198.75
2171.3
2186.91
2190.35
2175.83
2212.54
2210.33
2230.89
2166.43
2197.51
2124.19
2136.65
2115.13
2210.91
2207.44
2149.82
2214.37
2101.49
2179.05
2147.86
2182.24
2179.62
2167.52
2061.11
2169.45
2178.58
2216.74
2106.29
2083.02
2136.28
2171.39
2189.08
2142.02
2183.04
2248.22
2178.06
2215.54
2085.61
2125.64
2159.23
2153.68
2135.67
2126.37
2209.5
2138.72
2138.23
2148.59
2230.24
2202.26
2191
2154.41
2176.23
2160.18
2168.25
2087.43
2237.2
2157.36
2232.24
2211.72
2195.92
2154.99
2183.16
2198.54
2120.69
2184.9
2194.66
2195.64
2157.3
2186.97
2133.28
2203.11
2206.48
2232.88
2149.77
2163.24
2186.54
2222.48
2170.71
2245.07
2159.24
2122.31
2167.13
2120.01
2174.06
2204.2
2177.96
2173.79
2115.33
2142.6
2101.61
2121.18
2157.07
2145.99
2122.79
2176.78
2171.29
2208.16
2132.69
2229.8
2181.93
2223.47
2100.08
2151.56
2141.25
2253.25
2151.75
2207.96
2183.34
2191.26
2220.83
2153.24
2327.94
2123.47
2172.1
2172.38
2142.31
2225.5
2074.18
2198.74
2158.27
2164.96
2093.03
2219.63
2184.95
2159.55
2187.27
2107.77
2133.13
2244.74
2148.59
2109.36
2167.65
2251.86
2105.27
2186.31
2157.49
2116.21
2249.21
2126.38
2191.71
2157.08
2153.91
2134.69
2176.94
2156.97
2167.74
2171.5
2234.19
2132.35
2150.9
2238.41
2094.3
2210.01
2151.65
2178.58
2142.95
2127.26
2132.86
2199.86
2105.71
2211.56
2087.39
2215.58
2167.27
2089.1
2146.25
2123.96
2115.68
2131.56
2118.8
2146.08
2120.07
2155.33
2175.27
2173.79
2148.7
2158.76
2138.96
2165.08
2184.27
2181.42
2194.98
2122.26
2129.34
2164.51
2205.62
2224.93
2131.42
2110.5
2160.29
2162.03
2108.56
2186.17
2153.08
2125.75
2163.97
2143.8
2165.4
2167.8
2163.52
2242.25
2220.41
2193.85
2158.8
2278.18
2119.88
2163.17
2096.51
2173.19
2142.45
2150.41
2216.28
2146.75
2140.6
2145.82
2114.31
2158.42
2147.06
2173.76
2184.18
2252.85
2171.6
2223.82
2181.19
2209.48
2125.21
2117.3
2241.17
2160.71
2203.17
2201.92
2124.45
2122.05
2136.16
2127.96
2192.78
2122.41
2313.38
2084.25
2185.21
2180.93
2214.36
2067.13
2141.87
2170.81
2157.77
2232.93
2147.4
2146.4
2212.69
2146.88
2140.07
2214.71
2237.76
2197.5
2211.09
2154.55
2154.75
2139.37
2070.5
2163.53
2114.44
2218.26
2222.35
2218.97
2207.07
2154.64
2140.48
2209.07
2163.55
2176.75
2123.09
2132.3
2128.62
2169.72
2183.58
2166.54
2170.89
2175.46
2123.74
2104.72
2189.14
2144.89
2186.69
2267.49
2166.89
2178.03
2147.2
2316.1
2125.37
2182.15
2237.41
2183.56
2082.55
2085.08
2197.72
2126.38
2138.03
2125.29
2169.71
2180.12
2181.15
2103.64
2212.44
2208.81
2267.78
2200.95
2198.31
2200.76
2194.01
2180.3
2088.4
2184.94
2177.07
2112.82
2262.13
2233.08
2183.64
2188.23
2144.96
2223.05
2177.24
2196.53
2145.7
2159
2247.11
2193.88
2179.99
2174.28
2124.79
2143.33
2192.18
2106.09
2176.04
2191.37
2234.92
2135.98
2185.7
2293.47
2159.01
2142.06
2190.89
2118.81
2151.55
2234.38
2178.71
2102.77
2141.46
2244.39
2173.84
2188.34
2134.86
2189.29
2183.23
2190.15
2183.86
2225.62
2136.79
2121.57
2103.7
2192.51
2220.48
2150.15
2184.68
2197.6
2161.69
2209.8
2109.39
2153.96
2182.91
2152.79
2212.03
2203.28
2178.64
2152.85
2135.38
2248.55
2139.61
2117.45
2203.91
2215.15
2193.47
2206.69
2100.13
2188.42
2110.56
2158.37
2129.28
2205.39
2155.4
2067.5
2143.15
2136.8
2121.49
2147.81
2090.12
2210.99
2251.16
2142.51
2230.77
2180.94
2151.97
2159.64
2166.61
2118.21
2158.34
2193.96
2190.14
2178.74
2214.3
2229.03
2202.02
2112.25
2145.57
2241.43
2174.96
2131.4
2290.46
2208.64
2205.84
2149.81
2151.49
2106.62
2140.21
2102.15
2106.38
2158.98
2158.96
2190.45
2142.19
2196.77
2090.2
2175.02
2179.48
2143.02
2176.24
2023.46
2234.92
2154.52
2192.46
2230.48
2173.11
2186.58
2184.25
2198.37
2152.26
2121.28
2116.89
2200.94
2128.22
2176.06
2165.07
2114.9
2211.62
2159.85
2146.72
2170.16
2216.51
2115
2191.18
2160.83
2173.93
2165.78
2179.87
2231.84
2191.49
2136.12
2199.36
2122.86
2156.08
2112.6
2216.65
2115.25
2170.03
2121.05
2201.25
2183.49
2136.01
2123.24
2138.93
2114.21
2092.98
2179.7
2140.14
2176.01
2156.05
2110.43
2149.98
2166.34
2158.04
2170.77
2134.25
2129.88
2126.01
2180.97
2111.45
2255.27
2162.52
2151.06
2151.91
2109.74
2141.19
2116.25
2060.64
2216.63
2091.92
2266.03
2191.21
2165.15
2200.27
2154.9
2190.66
2210.31
2219.95
2213.34
2171.34
2176.31
2113.31
2159.84
2087.64
2173.22
2214.58
2137.51
2194.9
2258.16
2125.47
2150.87
2174.55
2144.66
2144.9
2182.7
2115.3
2151.77
2188.15
2244.28
2128.64
2170.78
2211.21
2209.71
2186.91
2065.58
2237.8
2053.66
2190.2
2140.98
2129.45
2191.6
2212.15
2111.01
2217.2
2135.53
2159.02
2148.36
2208.81
2204.73
2101.69
2181.58
2202.26
2276.21
2187.37
2154.35
2196.99
2090.06
2171.97
2148.22
2189.11
2207.76
2132.78
2137.83
2226.54
2171.97
2211.73
2202.69
2127.24
2164.14
2213.27
2194.98
2141.44
2159.14
2169.51
2193.86
2167.65
2197.69
2193.45
2083.61
2107.05
2142.1
2174.86
2184.06
21800.8
21102
21682.2
21961
21523.5
21628.4
20863.4
19145.8
18057.3
18659.9
18422.1
18254.2
19166.4
17209.5
16995.5
16868.3
15649.1
16254
16456.2
16762.2
16177
15553.8
15806.4
15241.5
14988.1
15089.7
14615.8
15527.2
15507.3
13584.9
14446.9
13131.9
13485.3
13579.5
13237.1
13259.7
12520.7
13112
12207.1
11689.6
11836.9
11855.9
12075.5
11185.3
11715.8
11313.6
10795.8
10742.9
10981.6
10464
10626.6
10566
10151.9
10723.7
9956.74
9935.27
9804.29
9963.49
10053.7
10091.5
9730.05
9304.14
8750.48
8732.87
8666.92
8635.9
8840.29
8580.52
8013.66
7890.38
7743.28
7119.03
6716.45
6909.78
6367.6
5884.45
6177.41
6011.71
5811.69
6237.35
5954.15
6313.8
5932.51
5991.71
5813.87
5844.29
5589.87
5544.14
5687.78
5254.45
5100.51
4844.26
4968.11
4722.33
4775.33
4777.61
4573.35
4613.56
4753.51
4631.83
4504.46
4724.94
4525.63
4467.64
4457.57
4179.29
4137.21
4033.95
4149.79
3675.02
3660.34
3573.5
3672.71
3521.16
3439.11
3170.29
3218.41
3203.62
3084.36
3117.77
2905.28
2723.16
2539.5
2491.57
2394.75
2361.14
2319.06
2228.76
2290.55
2148.48
2178.41
2150.96
2213.69
2165.33
2159.96
2084.61
2171.99
2164.92
2120.58
2130.14
2163.96
2161.14
2145.74
2173.47
2177.72
2148.05
2193.69
2113.95
2125.49
2162.6
2169.2
2239.89
2130.53
2181.03
2214.11
2185.64
2182.57
2191.31
2278.42
2176.81
2099.06
2189.12
2185.08
2195.96
2153.65
2186.93
2165.3
2174.63
2205.37
2092.76
2182.2
2223.91
2177.5
2166.54
2211.6
2203.01
2212.61
2231.66
2163.29
2198.73
2111.93
2154.32
2189.33
2099.41
2196.42
2113.86
2141.11
2141.97
2164.76
2184.1
2152.11
2188.89
2182.33
2220.39
2128.63
2242.03
2174.54
2193.72
2157.5
2139.79
2086.69
2233.43
2150.13
2159.81
2125.63
2063.8
2118.52
2176.66
2186.1
2167.36
2107
2172.16
2149.61
2137.7
2103.47
2240.04
2154.57
20165
2161.47
2229.29
2130.48
2194.96
2163.08
2228.63
2116.89
2194.5
2178.11
2171.49
2173.18
2085.89
2143.83
2147.87
2121.14
2214.62
2131.74
2105.79
2109.52
2175.65
2225.27
2122.64
2194.21
2121.76
2130.72
19974.9
20452.9
20177.6
19815
20144.4
20025.1
19556.9
18687.4
17706.9
17840.1
17744.2
18198.7
17022.5
17719.8
17141.7
16408
16566.8
16175
16175.8
15445.8
16371.9
15800.7
15580.8
15200.1
14861.5
15197
14411.9
14681.4
14038.9
13980.6
13578.6
13740.1
13913.9
13602.3
12906.1
13041.7
12915.9
12904.8
12413.4
12461.9
12112.4
12388.8
12487.8
12580.6
12087.9
11050.3
11274.3
11080.7
11057.2
10786.2
10725.6
10981
10746.1
10812.2
10651.8
10526.1
10563.5
9870.53
9768.67
9310.58
9274.34
9125.69
9052.57
8727.28
8536.94
8864.11
8624.25
8808
8083.35
7746.86
7257.71
7248.03
7410.93
7053.16
7173.02
7051.8
6824.01
7118.34
6804.81
6614.33
6665.8
6657.82
6426.68
6516.14
6261.07
6248.06
6187.43
5812.25
5685.97
5890.21
5658.52
5814.42
5784.82
5755.32
5774.88
5723.4
5642.83
5600.53
5376.81
5645.74
5317.39
5347.01
5403.9
5093.39
5159.15
5209.99
5055.82
