0.999998
1
1
1
0.999998
1
1
0.999998
0.999987
0.999926
0.999935
0.999875 0.000124556
1
0.999897
1
1
0.999998
1
0.999995
0.999858
1
1
1
0.999802 0.000196789
0.999998
0.999997
0.999983
0.999978
0.999999
1
0.999911
0.999906 6.26209e-05 3.04502e-05
0.999964
0.999992
0.999985
0.999994
0.999952
0.999995
0.999988
0.999895
0.999911
0.999931
1
1
1
1
1
1
1
1
1
0.999892
0.999984
0.999962
1
1
0.999996
1
0.999978
0.999981
0.999934
0.999995
0.999934
0.999981
0.999972 2.71941e-05
1
0.999978
0.999999
0.999898
1
0.999962
1
1
0.999995
0.999979
0.999997
0.999993
0.999987
0.999902
0.999894
1
0.999909
0.99984 0.000128758
0.999856
0.999999
0.999993
1
0.999996
0.999998
0.999813
0.999999
0.999997
0.999997
0.999659 0.000168437
0.999985
0.999986
0.999989
0.999892 9.19631e-05
0.999987
1
0.999998
0.999967
1
1
1
0.999938
0.999899
0.999983
0.999986
1
1
0.999889 0.000110916
1
0.999999
0.999993
0.999927
0.999995
1
1
0.999866 0.000125526
1
0.999945
0.999918 6.70211e-05 3.2448e-06
0.999998
0.99998
0.999732 0.000268326
0.999963
1
0.99998
0.99999
0.999995
0.999979
0.999964
0.999661 0.000337692
0.999968
0.999504 0.000454389
0.999851 0.000147141
0.999998
0.999858
0.999998
1
0.999997
0.999993
0.999994
0.999985 1.52883e-05
0.999884
0.999768 0.000167181
1
1
1
1
0.999989
1
0.999788
0.99995
0.999917
1
1
1
1
1
1
1
1
1
1
1
0.999997
1
1
1
1
0.999906 9.38351e-05
1
1
1
1
1
1
1
0.999892
0.999997
0.999985 1.45304e-05
1
1
1
0.99998
1
0.999999
1
1
0.999988
1
0.99949 0.000473631
1
0.999994
0.999998
0.999988
0.999981
0.999958
0.999955
0.999965
0.99994 1.20299e-05 4.46645e-05
0.999969
0.999948
0.99982 6.20853e-05 6.79026e-05
0.999931
1
1
0.999939
0.999767
1
0.999962
1
0.999999
0.999876
0.999966
0.999998
1
1
1
0.999955
0.999464 0.000337195
0.999997
0.999997
1
1
1
0.99999
1
0.999839 1.55166e-05 6.52752e-05
0.999999
1
0.999998
0.999899
1
0.99997
1
1
0.999941
0.999975
0.999967
1
1
0.999998
0.999981
1
0.999968
0.999997
0.999953
0.999995
1
1
1
1
1
1
1
1
1
1
1
0.999998
0.999972
0.999997
0.999979
1
1
0.999998
0.999995
0.999981
0.999944 2.56604e-05 2.96648e-05
0.999873
0.999863
0.999875
0.999997
1
0.999935 6.50933e-05
1
1
1
0.999998
0.999938
0.999996
1
1
1
0.999998
1
0.999999
0.999987
0.999995
0.999951 4.90765e-05
0.999981
0.999926
1
1
1
1
1
1
0.999995
0.999897
0.999991
1
0.999941
0.999864
0.999967
0.999973
0.99998
1
1
0.999996
1
1
1
1
1
1
1
1
0.999998
1
1
1
0.999999
0.999952
0.999887 0.000105959
0.999859 0.000131773
0.999995
0.999985 1.50174e-05
0.99999
0.999898 8.15061e-05 1.67652e-05
0.999906 9.44256e-05
0.999977
0.999995
1
0.999807
0.999995
0.999966
0.999996
0.999932
0.999999
1
0.999995
0.999964
1
1
0.999986
1
1
1
0.999951 4.00997e-05
0.999996
1
0.999925
1
0.999931
1
0.999994
0.999982
0.999975
1
1
0.999894
0.999929
0.99997
0.999999
0.999803 0.000179237
0.999999
1
1
1
1
1
0.999997
0.999878 0.000122079
1
1
1
1
1
0.999963
1
1
0.999974
0.999992
0.999741
0.999961 1.11908e-05 2.74984e-05
1
0.999991
0.999992
1
1
1
1
1
1
1
1
1
1
0.999527 0.000473205
1
0.999983
1
0.99999
0.999999
0.999652 0.000347678
1
1
1
1
0.999999
1
0.999986
1
1
0.999906 9.38838e-05
1
1
1
1
1
0.999901 7.30906e-05 2.61278e-05
0.999973
0.999988
1
0.999995
0.999992
1
1
1
1
1
1
1
1
0.999976
1
1
1
1
1
0.999998
0.999974
0.999991
0.999999
1
1
0.999997
1
1
1
0.999995
0.999709
1
1
1
1
1
1
0.999962
1
0.999938
1
0.999997
0.999999
0.999932 6.72434e-05
1
1
1
1
1
1
0.999938
0.999988
1
1
1
1
1
1
1
1
1
1
1
0.999996
0.999995
0.999989
1
1
0.999999
1
0.999998
1
1
0.999989
0.999942
1
0.999987
0.999987
0.999999
1
1
1
0.999957 1.87392e-05
0.999811
0.999956
0.99988
0.999995
0.999899
1
0.999997
1
0.999999
1
0.999921
0.999501 0.000498992
1
1
1
0.999887 0.000110966
1
1
0.999985
0.999991
0.999919 8.05921e-05
1
1
0.999999
1
1
0.999974
1
0.99986 8.5836e-05 5.42919e-05
0.999999
1
0.999802 0.000125802 6.43226e-05
0.999961
1
0.999419 0.000186688 0.000392162
0.999979
1
0.999999
1
1
0.99994
1
0.999999
1
0.999971
0.999927
1
0.999952
0.999699 0.000283881
0.999978
0.99997
1
1
0.999994
1
0.999999
0.999728 0.000271182
1
0.999992
0.999989
1
0.999998
0.999957 1.30928e-05 2.40876e-05
0.999992
0.999986 1.25741e-05
0.99999
0.9999
0.999983
1
1
1
1
0.999981
0.999906
0.999992
0.999863 5.5534e-05 7.70545e-05
0.999723 5.55198e-05 0.000177042
0.999981
0.999843
0.999908
0.999998
0.999822
0.999867
0.9997 0.000299653
0.999985
0.999691 0.000279431
0.999968
0.999983
0.999981
0.999768
1
1
0.999839
0.999991
0.999916
0.999943
1
1
0.999929
1
0.999945
0.999999
0.999995
0.999999
0.999998
1
0.99996 4.04409e-05
0.999995
1
0.999999
1
1
0.999991
1
0.999968
1
0.999928 7.17753e-05
1
0.999985
0.999998
0.999885
0.999866
1
0.99994
0.999997
1
0.999962
0.999897
1
0.999993
0.999999
1
1
0.999877 0.000122614
1
1
1
1
1
1
1
0.999816 0.00018297
0.999914 3.78962e-05 4.82636e-05
0.999844
0.999609 0.000390357
0.999997
0.999986
0.999992
1
0.999895
0.999999
0.999895
0.999982
1
1
0.999998
1
0.999955
0.999971 2.93705e-05
0.999999
0.999927
0.999999
0.999988
0.999998
1
0.999972
0.999992
0.999999
0.999947
0.999998
1
1
1
1
1
0.999976
0.999575 0.000363327
0.999949
1
0.999972
1
1
0.999997
0.999902
0.999647 3.49848e-05 0.000308145
0.999914
0.999518 0.000187889 0.000263122 2.71914e-05
0.999996
0.999706 0.000190244
0.999909 8.48409e-05
0.999989
0.999935 4.45394e-05
0.999874 0.000108213
0.999998
0.999807 0.000193304
0.999374 0.0006261
1
1
1
1
0.999996
0.99998
0.999993
0.999973
0.999999
0.999939
1
0.999987
0.999999
0.999959
0.999999
0.999978
1
1
1
1
1
0.999942
1
0.999832 0.000116345
1
0.999997
0.999991
0.99965 0.000184238 0.00015134
0.999999
0.999846
1
0.999814
0.999999
1
1
1
0.999996
0.999791 0.000208599
0.999994
0.999983
1
1
1
1
1
0.999968
0.999952
0.999954 4.5508e-05
0.999838 0.000161669
1
0.999972
1
1
1
1
0.999999
1
1
1
1
1
1
1
0.999999
0.999989
1
1
0.999999
0.999904 9.21358e-05
0.999992
0.999841 0.000154381
0.999998
0.999616 7.44306e-05 0.000199414
0.999995
1
1
0.999993
0.999979 1.54522e-05
1
0.999957
0.999985
1
1
1
0.999973
0.999982
0.999999
0.999999
1
0.99951 0.000490363
1
0.99999
1
1
0.999996
1
0.999997 2.40455e-06
0.999979
0.999881 0.000118458
0.999996
1
0.999998
0.999968
0.999988
0.999987
0.999883
0.999993
0.999992
1
0.99987 9.10333e-05 1.85837e-05
0.999985 1.49574e-05
0.999966
1
0.999979
0.999994
1
1
1
1
0.999979
0.999994 6.26822e-06
1
0.999998
1
1
1
1
1
1
1
0.999997
0.999943 5.60186e-05
0.999985
0.999966
0.999995
0.999991
1
1
1
1
0.999998
1
1
1
1
1
0.999998
1
1
0.999934
0.999997
0.999994
0.999878
1
1
0.999679
1
1
1
1
0.999999
1
0.99981 0.00015416 3.56549e-05
0.000175609 0.484803 0.515017
0.999988
0.999985
0.999977
0.999852 0.000146176
1
1
1
1
0.999964
0.999995
0.999998
1
0.999923
1
0.999991
1
0.99988 0.0001197
0.999998
1
0.999997
0.99999
1
1
1
0.999899 0.000100512
0.999978 2.17006e-05
0.999997
1
1
0.999668 6.14467e-05 0.000201769
0.999998
0.999964
0.999996
1
0.999923
0.999985
1
0.999997
1
0.999996
0.999998
1
1
0.999993
0.999999
0.999982
0.999667 0.000313439
1
1
0.999997
1
1
1
1
1
1
1
1
1
0.999998
0.999878 0.000121232
0.999997
0.999982
0.999987
0.999977 1.01936e-05 5.94781e-06 6.54692e-06
0.999662 0.000126311 6.90522e-05 0.000122727
0.999997
0.999974
0.999927
0.999898
0.999998
0.999998
0.999997
1
1
1
1
0.99965 0.000329671 1.9866e-05
0.999654 0.000345769
0.999991
1
1
1
1
1
0.999805 6.42054e-05 0.00012055
0.999987
1
0.999924
0.999996 3.38603e-06
0.999972
1
0.999991
0.999976
0.999886 0.000102153
0.999863
0.999888 0.000111816
0.999947
0.999948
0.99996
1
0.999958
0.999997
0.999999
0.999943
1
0.999998
0.999898
0.999987
0.99995
0.999936
0.999998
0.999999
1
1
1
1
0.999998
1
1
0.999998
1
0.999975
1
0.999999
0.999932 6.75648e-05
1
1
0.99999
1
0.999891
0.999998
