0.44507 2.18175
0.444651 2.2278
0.447273 2.29574
0.448889 2.3403
0.448696 2.3403
0.441702 2.16752
0.440833 2.14625
0.436735 2.04145
0.4368 2.04145
0.43451 1.98036
0.432308 1.92012
0.431698 1.90031
0.43037 1.86123
0.427636 1.78411
0.427143 1.76507
0.427368 1.76507
0.426897 1.74652
0.429153 1.8015
0.426667 1.72908
0.42623 1.71119
0.426452 1.71119
0.425397 1.67625
0.426875 1.7108
0.427692 1.72788
0.427879 1.72788
0.429851 1.778
0.430588 1.79453
0.433043 1.85994
0.434286 1.89231
0.434366 1.89231
0.435556 1.92402
0.436712 1.95541
0.440541 2.06419
0.438933 2.01802
0.44 2.0485
0.437403 1.97303
0.435897 1.92817
0.437468 1.97261
0.4395 2.03133
0.44 2.04587
0.441463 2.08912
