76.2172
76.2172
78.275
78.275
78.275
78.8502
78.8502
78.8502
80.2729
80.4698
80.4698
84.1399 1.04361
84.1399
84.1399
84.9201
84.9201
84.9201
86.8236
87.7337
90.4013
92.4433
92.4433
92.4433
96.4999 0.85501
97.693
97.693
100.472
101.102
101.538
102.85
102.85
105.153 2.0183 0.396833
105.153
105.153
107.913
107.913
107.913
107.913
111.267
111.573
111.573
112.442
113.345
113.345
113.345
113.345
114.17
114.698
114.917
116.974
116.974
122.586
122.586
122.586
124.166
124.166
124.175
124.175
124.886
126.985
126.985
128.893
129.393
130.08
130.08 -2.28922
130.08
130.08
131.469
131.299
134.071
134.071
134.31
136.874
136.874
135.097
135.097
135.097
135.097
135.097
135.097
135.097
136.405
136.405 4.44128
136.405
135.608
135.608
135.608
135.608
135.608
135.608
135.608
135.608
135.608
135.608 -5.94423
135.608
135.608
135.608
134.737 1.15804
134.737
134.737
134.737
134.737
134.737
134.737
134.737
134.737
134.737
135.113
134.56
134.56
134.56
134.56 3.08805
135.106
135.106
135.106
135.165
135.165
135.165
135.729
136.314 -4.92085
136.314
135.701
135.972 0.418831 -1.78945
135.972
134.394
135.764 0.741159
135.764
134.708
134.708
134.708
134.708
134.708
134.708
134.708 -3.26201
134.708
135.756 3.97924
135.756 3.45898
135.756
135.756
135.756
135.966
135.966
135.966
135.966
134.905 -6.19907
134.905
136.033 3.68177
136.033
136.033
135.805
135.805
135.805
135.805
135.805
135.805
135.805
135.805
135.805
135.805
134.818
135.646
136.013
135.759
135.759
135.759
135.034
134.471
134.471
134.471
134.523
134.523
134.523
134.523 1.96902
134.523
134.523
134.65
134.969
135.221
135.22
134.806
134.806
134.806
134.806 -1.90384
134.806
135.804
135.804
135.391
135.391
135.391
135.391
134.192
134.552
134.552
134.552 2.2512
135.651
135.651
136.034
135.219
135.219
135.219
135.219
135.219
135.219 2.48943 -1.57257
135.219
135.219
135.219 -6.8846 6.3007
136.177
136.177
135.642
135.642
135.642
135.642
135.642
135.642
135.642
134.994
135.329
135.036
135.036
135.036
134.268
134.58
134.58 -0.793988
134.867
134.867
135.497
134.716
134.716
134.716
134.716
134.716 2.69601 0.560028
134.716
134.716
134.716
134.716
134.716
134.716
135.815
135.255
135.255
135.255
135.777
135.538
135.666
135.666
135.666
135.666
135.666
134.478
134.478
134.398
134.398
135.722
135.722
135.722
135.722
135.78
135.78
135.78
134.715
134.715
135.73
135.73
135.73
135.73
135.73
135.73
135.079
136.401
136.401
136.401
136.018 3.07716 -4.35308
136.018
136.018
136.018
134.952
134.952
134.897 4.29817
134.897
134.426
134.426
136.485
136.485
136.544
136.544
136.544
135.018
135.507
135.507
135.507
135.507
135.507
135.507 0.552948
135.316
135.316
135.316
135.287
134.892
134.892
134.858
135.471
135.471
135.471
135.471
135.471
135.471
135.471
135.471
135.471
135.471
135.471
133.803
133.71
133.71
133.71
133.71
133.71
133.71
133.71
135.63
135.63
135.63
134.604
134.604
135.191
135.191
135.864
135.431 -3.23331
135.837 -5.8095
135.837
135.837 -0.0152419
135.837
134.879 -1.81851 -3.77368
134.879 -1.81288
135.028
135.028
135.028
135.413
135.413
135.413
135.413
135.383
135.383
134.717
135.649
135.649
135.649
135.616
136.307
136.307
136.307
134.631
134.631 0.458005
134.631
134.631
134.631
134.631
134.649
135.972
135.168
135.05
135.05
134.532
134.532
134.532
134.532
134.532
134.532
134.532 1.62766
134.532
134.565
134.565
135.855
135.855
134.899
134.991
134.708 -3.17319
134.708
134.708
135.407
135.407
135.512
135.867
135.867
135.032
135.032
135.032
135.236
135.236 -1.97608 1.95257
135.236
134.458
134.693
135.113
135.113
134.88
134.679
135.539
135.539
135.539
134.832
134.611
134.608
135.245 2.29781
135.245
135.245
135.245
136.07
135.893
135.893 -0.712076
135.893
136.216
136.216
135.223
135.223
135.492
135.492
135.492
136.135
133.944 -4.85327
135.03
135.03
135.03
135.03
135.03
135.03 -0.854934 -1.63207
135.03
135.03
135.03
135.03
135.03
135.03
135.03
134.528
135.23
135.23
135.23
136.318
135.301
135.301
135.301
136.136
136.136
136.136
136.136
136.136
136.136
136.136
136.548
134.692
134.692
134.211
134.211
134.211
134.282
134.282
134.282
136.491
136.491
136.891
136.891
135.991
135.697
135.697
134.595
134.964
134.964
134.749
135.243
135.243 -0.993034
134.754
135.149
135.149
135.149
135.149
135.149
134.671
135.778
135.778
135.778
135.778
134.852
134.852
134.852
135.408
135.408
135.408
135.408
135.477
135.256
135.256
135.256
135.659
135.659
135.659
135.659
135.659
136.609
136.609
136.007
136.007
136.007
134.94
134.94
135.861
135.893
135.893
135.893
135.893 -0.712102
135.893
135.881
135.881
135.881
134.997
135.83
135.83
135.83
135.447
136.619
136.619
135.575 -4.02693
135.575
135.575
135.575
136.319 -1.23488
136.319
136.319
133.895
133.895
136.523 0.265994
136.582
136.091
135.633
135.633
135.39
135.647
135.647
135.647 -0.820652 1.47938
135.647
135.112
134.285 -0.525699 -6.83893
134.285
135.474
135.474 2.50169 3.30308
135.501
135.52
135.52
135.52
134.753
134.753
134.753
134.753
134.753
134.863
135.719
135.719
135.212
135.212 -2.84595
134.816
134.816
134.403
136.861
135.773
135.272
135.577
135.577 -1.38265
135.577
135.473
135.473
135.876
135.876
136.432 0.94904 2.90095
136.439
136.439 3.0999
136.28
136.28
134.482
135.492
135.492
135.492
134.813
134.813
134.813
134.813
134.813 0.382038 3.45004
134.813 0.942452 -3.47476
134.813
135.532
135.532
135.602
135.602
135.602
135.602 3.92229
134.727
136.658 0.806121
136.658
135.034
135.034
136.627
136.4
136.4
135.579
135.579
134.894
134.891
134.891
135.958
135.958
135.143
135.184
135.605
135.605
135.605
135.495
135.495
135.495 4.03743
135.495
135.01
136.205
136.205
136.205
136.205
136.205
136.205
136.205
135.806 -1.31412
135.806
135.806
134.995
134.995
135.159
135.411
135.038
135.123
135.598
136.068
135.05
135.154
135.154
135.174
135.174
135.174
135.174 -0.43608
134.989
135.347
135.4
135.234
134.978
135.492
135.492
135.492 -4.15947
-4.15947 137.225 0.741633
-4.15947
-3.72035 8.90898
-3.72035
-3.72035
-1.74939
-0.817548
3.34917
6.74134
7.51381
7.51381
7.94613
7.94613
11.9886
13.5649
13.5649
16.0046 -0.510204
16.0046
16.0046
16.0046
18.2351
18.2426
19.276
19.276
20.7678
20.7974
21.5488
21.5488
21.5488
25.2779
25.2779
29.9179
29.9179
29.9179
30.8126 -6.46044
30.8126
32.3638
32.5072
35.4242
36.0681
36.7016
36.7016
36.7016 0.119206 -2.83102
39.5433
39.5433 -1.5796 -3.06114 -1.28059
39.5433
43.2528 -3.4734
43.2528 -7.70487
43.2528
43.2528 0.859491
43.2528 -1.5033
45.1905
45.671 -0.389794
45.671 -1.85478
46.6613
47.2847
47.2847
47.2847
47.2847
47.2847
50.6843
52.0648
53.9874
53.9874
54.6607
54.6607
54.6607
54.6607
58.8002
61.2972
61.2972
65.6436
67.444
67.444
70.1326
73.4658
73.4658
73.8374 -0.066309
73.8374
73.8374
73.8374
73.8374 -0.421786 -2.71758
73.8374
73.9827
74.2196
74.5708
75.6756
75.6756
76.1759
78.5366
82.7417
82.7417 0.0535278
82.7417
84.6164
84.6164
85.6451
85.6451
85.6451
85.6451
85.6451
85.6451
85.6451 -4.61546
87.6921 10.9732
87.6921
88.3253
90.4291
91.3965
92.3493
92.3493
95.5351
95.5351
98.2082
98.2082
98.6541
100.829
102.271
102.271
103.792
106.019
106.019
108.388
112.866
115.408 -1.57821
119.495
121.09 -0.14569
122.492
125.243 -3.72737 0.491787
125.243
125.427
129.104
130.54
131.864 -2.34853
131.864
135.142
135.142
134.818
134.818
134.818
134.818
134.818
134.818
136.179
136.035
136.035 -3.2026
134.531
134.531
134.531
135.357
135.432
135.276
135.276 -3.26717
135.276
135.276 3.79288
135.276
135.276
135.276
135.276
135.276
135.316
135.316
135.316
135.316
135.949
135.949 6.19432 1.64008
135.949 4.76061
133.328
133.328
135.428
135.167
136.541
136.081
134.78
134.78
134.78
134.78 6.41632
135.793
135.08
135.08
136.156
136.156
136.156
136.065
134.958
134.958
135.929
135.929 -3.05212
135.929
135.904
135.904
135.904
135.904
135.904
135.904
135.904
135.904
136.047
135.05
135.485
135.485
135.485
135.485
135.485
135.248
135.248
135.248
135.248
135.248
135.248
135.248
135.958
135.958
135.958
135.958
135.958
135.958
134.405
134.405 1.17752 0.441936
133.968 1.17752 3.22699
135.935
135.935
135.97
135.97 -1.3242
136.472
135.987
135.987
135.987
135.987
135.987
135.987
135.987
135.987
135.987
135.877
136.123
135.165 -0.460255
135.165
134.695
136.103
136.103
135.225
135.225
135.225
135.148 1.94301
2.94943 135.933
2.94943
2.94943
2.94943
2.96325 -1.14489 -2.62867
4.06423
4.06423
6.48608
9.97415
9.97195
9.97195
9.97195
11.9855
11.9855
12.756
14.9573
16.0329
16.0329
17.7669
17.7669
17.7669
19.59 -6.8828
20.3602
21.3656
21.9506
23.1399
24.9597
24.9597
24.9597
27.601
27.601
27.601
27.601
27.601
30.3123
32.1179 1.98104
32.1179
33.0975
34.3053
34.3053 3.74259 0.472539 -1.33003
34.3053 -0.559732 2.17091 -0.772387
34.3053
34.3053
34.3053
34.3053
40.0272
40.0272
41.3763
42.0034
42.2623
42.2623
42.2623
42.2623 -1.40293 0.480901
42.2623 5.97447
43.099
43.099
44.3675
47.3308
47.9328
49.4816
51.0818 -0.107497 1.77219
51.5783
51.5783
54.718
54.718 -8.50363
54.718
55.8968
55.8968
57.9943
61.9663 -0.351256
63.4372
63.4372 -1.15812
63.4372
64.8708
65.0437
65.0437
66.9681
67.1619
67.1619
68.6965
68.6965
68.6965
69.2786
70.0886
71.0931
71.0931
73.2591
75.4856
75.4856
75.4856
75.4856
75.4856
75.4856
75.4856
75.4856
75.8664
76.5871
78.0505
78.0505
78.0505
78.1532 0.350067
78.1532
78.7879
79.5105
81.3954
81.3954
81.7205
