0.157079
0.137998
0.137998
0.137998
0.137998
0.123936
0.123936
0.123936
0.234488
0.0980649
0.0980649
0.157441
0.0756138
0.0376215
0.0883155
0.0883155
0.0883155
0.308683
0.330432
0.0695959
0.0695959
0.0695959
0.153052
0.260847
0.260847
0.299017
0.299017
0.192934
0.130221
0.130221
0.288493
0.288493
0.288493
0.288493
0.215764
0.215764
0.266909
0.266909
0.266909
0.528552
0.460741
0.083659
0.083659
0.083659
0.083659
0.0807707
0.0807707
0.0807707
0.00888083
0.00888083
0.00888083
0.30894
0.0744029
0.0744029
0.104491
0.104491
0.0780469
0.0780469
0.247493
0.247493
0.247493
0.247493
0.316551
0.316551
0.159171
0.159171
0.22171
0.276357
0.183549
0.135375
0.0538617
0.0538617
0.0538617
0.148625
0.37526
0.37526
0.37526
0.37526
0.37526
0.416191
0.416191
0.416191
0.307013
0.307013
0.372983
0.372983
0.0966434
0.313894
0.313894
0.313894
0.407952
0.407952
0.407952
0.407952
0.407952
0.407952
0.407952
0.407952
0.419726
0.419726
0.544016
0.0742976
0.0742976
0.0742976
0.0742976
0.356899
0.423497
0.489932
0.14004
0.14004
0.107897
0.107897
0.107897
0.173529
0.156916
0.156916
0.156916
0.156916
0.0433571
0.278319
0.278319
0.278319
0.278319
0.278319
0.278319
0.278319
0.254775
0.277623
0.310908
0.310908
0.310908
0.310908
0.310908
0.331228
0.199067
0.199067
0.199067
0.199067
0.253211
0.253211
0.253211
0.253211
0.12542
0.12542
0.162085
0.268822
0.268822
0.268822
0.282336
0.347716
0.347716
0.235615
0.177797
0.177797
0.177797
0.232462
0.0361933
0.0361933
0.0361933
0.0361933
0.0361933
0.0361933
0.0361933
0.0361933
0.0361933
0.0361933
0.0361933
0.0361933
0.0424427
0.0510136
0.061223
0.061223
0.061223
0.061223
0.061223
0.061223
0.0523984
0.0523984
0.187016
0.187016
0.187016
0.187016
0.125049
0.0633563
0.0633563
0.0633563
0.0633563
0.0633563
0.141545
0.173198
0.173198
0.138566
0.138566
0.239308
0.188275
0.188275
0.264487
0.264487
0.264487
0.430207
0.430207
0.386327
0.458091
0.458091
0.207546
0.221558
0.0980634
0.0980634
0.0980634
0.364048
0.364048
0.289604
0.0746938
0.241928
0.241928
0.241928
0.241928
0.105183
0.105183
0.105183
0.0811994
0.332956
0.45377
0.357072
0.156726
0.158994
0.158994
0.0929531
0.0929531
0.0929531
0.239339
0.269011
0.269011
0.173556
0.12669
0.12669
0.303922
0.303922
0.303922
0.303922
0.303922
0.124631
0.166782
0.152746
0.152746
0.152746
0.152746
0.152746
0.152746
0.152746
0.152746
0.0230133
0.0355116
0.0355116
0.0355116
0.0355116
0.0355116
0.0355116
0.0355116
0.0355116
0.113164
0.142381
0.142381
0.142381
0.142381
0.142381
0.107902
0.107902
0.119946
0.167223
0.13371
0.183903
0.372004
0.406087
0.406087
0.361977
0.361977
0.0582153
0.0582153
0.0582153
0.0582153
0.0582153
0.0582153
0.269396
0.064213
0.064213
0.064213
0.0551536
0.0551536
0.0551536
0.304376
0.255608
0.255608
0.255638
0.233504
0.0641371
0.0641371
0.0641371
0.0641371
0.0641371
0.0641371
0.289701
0.0254285
0.178836
0.215885
0.33944
0.121178
0.121178
0.121178
0.121178
0.121178
0.121178
0.121178
0.121178
0.121178
0.121178
0.121178
0.121178
0.121178
0.121178
0.121178
0.121178
0.0521119
0.0521119
0.151928
0.401211
0.582789
0.456694
0.456694
0.200482
0.333659
0.312621
0.510222
0.187223
0.187223
0.187223
0.235497
0.354102
0.354102
0.171371
0.1863
0.158776
0.0585628
0.0837
0.356372
0.356372
0.137901
0.0939346
0.064788
0.064788
0.064788
0.064788
0.268648
0.268648
0.268648
0.268648
0.268648
0.268648
0.268648
0.241933
0.118082
0.118082
0.118082
0.161259
0.452731
0.175697
0.175697
0.175697
0.193818
0.193818
0.193818
0.112558
0.112558
0.112558
0.112558
0.0881847
0.0881847
0.0881847
0.0881847
0.0881847
0.069298
0.069298
0.256314
0.279412
0.331746
0.331746
0.331746
0.402414
0.340146
0.340146
0.3972
0.141444
0.0126295
0.0126295
0.0126295
0.0126295
0.0126295
0.0126295
0.0126295
0.0126295
0.0126295
0.0126295
0.0538378
0.0538378
0.17172
0.21025
0.21025
0.244521
0.0497167
0.0497167
0.0497167
0.106303
0.106303
0.0903903
0.0903903
0.0903903
0.0300175
0.0300175
0.0300175
0.0300175
0.0300175
0.0300175
0.0300175
0.168316
0.168316
0.224436
0.224436
0.134654
0.36766
0.376028
0.376028
0.219018
0.0887966
0.0887966
0.0887966
0.0887966
0.0887966
0.0887966
0.0887966
0.0887966
0.118439
0.118439
0.118439
0.118439
0.118439
0.516411
0.178086
0.0383494
0.0383494
0.230853
0.0904972
0.0904972
0.13193
0.13193
0.13193
0.151535
0.151535
0.0634251
0.0634251
0.0634251
0.0634251
0.0634251
0.0634251
0.0634251
0.0637333
0.0637333
0.2195
0.0568823
0.09994
0.0794379
0.0778961
0.0730713
0.0730713
0.0730713
0.0730713
0.0952194
0.0952194
0.0952194
0.0643476
0.0390626
0.0390626
0.0390626
0.0390626
0.0390626
0.0390626
0.0390626
0.0390626
0.246613
0.246613
0.246613
0.246613
0.246613
0.189016
0.189016
0.177768
0.177768
0.177768
0.177768
0.177768
0.136063
0.136063
0.136063
0.136063
0.136063
0.0537163
0.101636
0.101636
0.302996
0.371945
0.281266
0.281266
0.133867
0.133867
0.200939
0.200939
0.200939
0.200939
0.226788
0.226788
0.162175
0.0125957
0.0125957
0.100992
0.100992
0.151196
0.0884379
0.0884379
0.170563
0.0677489
0.0677489
0.0677489
0.0677489
0.0677489
0.0677489
0.143312
0.143312
0.143312
0.143312
0.143312
0.417829
0.462801
0.462801
0.462801
0.293558
0.35408
0.35408
0.164326
0.107079
0.107079
0.176552
0.176552
0.14717
0.14717
0.440553
0.510966
0.441824
0.490316
0.430775
0.25911
0.25911
0.25911
0.328585
0.177363
0.177363
0.0861098
0.0861098
0.073881
0.0417515
0.0488208
0.221125
0.321927
0.321927
0.263427
0.263427
0.263427
0.317905
0.172707
0.108155
0.108155
0.108155
0.108155
0.494558
0.494558
0.800081
0.800081
0.800081
0.752597
0.752597
0.745277
0.414484
0.414484
0.22935
0.22935
0.285638
0.285638
0.201468
0.211402
0.211402
0.211402
0.211402
0.211402
0.211402
0.211402
0.211402
0.168148
0.168148
0.168148
0.168148
0.168148
0.168148
0.168148
0.168148
0.27261
0.27261
0.27261
0.279605
0.279605
0.0596757
0.0596757
0.0596757
0.0596757
0.185564
0.0968357
0.0968357
0.0968357
0.108542
0.0935914
0.0935914
0.293776
0.0788874
0.164778
0.135728
0.135728
0.135728
0.135728
0.0861752
0.146055
0.146055
0.153933
0.134512
0.134512
0.0658157
0.0658157
0.0658157
0.0658157
0.125949
0.125949
0.125949
0.125949
0.125949
0.125949
0.125949
0.168597
0.168597
0.168597
0.133856
0.133856
0.396541
0.372577
0.412433
0.301498
0.301498
0.301498
0.190846
0.190846
0.123971
0.123971
0.123971
0.0938142
0.0938142
0.26537
0.35715
0.342583
0.27046
0.108947
0.111856
0.430741
0.358775
0.0853329
0.0853329
0.0853329
0.0853329
0.0853329
0.411736
0.358056
0.13388
0.119483
0.110237
0.152446
0.152446
0.152446
0.337219
0.353559
0.457947
0.457947
0.667762
0.570912
0.570912
0.655189
0.655189
0.422881
0.204867
0.400991
0.0552798
0.0552798
0.0552798
0.0189084
0.0189084
0.137312
0.137312
0.207656
0.207656
0.207656
0.347185
0.297265
0.168257
0.168257
0.168257
0.168257
0.117516
0.117516
0.117516
0.117516
0.117516
0.117516
0.172389
0.172389
0.360831
0.254594
0.271537
0.271537
0.393427
0.16112
0.16112
0.16112
0.16112
0.16112
0.0959531
0.0959531
0.0959531
0.440499
0.107456
0.334232
0.234998
0.105755
0.0838592
0.220455
0.220455
0.220455
0.220455
0.301509
0.127675
0.127675
0.0969749
0.0969749
0.0999412
0.0999412
0.0999412
0.0999412
0.0999412
0.0999412
0.0999412
0.0999412
0.0999412
0.0999412
0.08786
0.08786
0.08786
0.08786
0.08786
0.08786
0.11073
0.491105
0.431457
0.431576
0.431576
0.0833083
0.0763032
0.0763032
0.17248
0.191297
0.191297
0.177552
0.199498
0.199498
0.170811
0.170811
0.170811
0.170811
0.170811
0.170811
0.170811
0.10478
0.10478
0.10478
0.10478
0.187155
0.187155
0.0948795
0.141825
0.141825
0.141825
0.141825
0.141825
0.135521
0.11366
0.11366
0.220339
0.220339
0.220339
0.220339
0.28825
0.28825
0.28825
0.28825
0.271455
0.271455
0.271455
0.077911
0.0582502
0.0582502
0.0582502
0.0582502
0.0582502
0.0582502
0.0582502
0.0582502
0.0582502
0.0582502
0.0582502
0.0582502
0.0582502
0.0582502
0.135813
0.135813
0.135813
0.321878
0.321878
0.321878
0.147997
0.0763221
0.0763221
0.0763221
0.0763221
0.0899174
0.0899174
0.0899174
0.0899174
0.0899174
0.0899174
0.0899174
0.212407
0.212407
0.212407
0.1461
0.1461
0.1461
0.1461
0.0731963
0.132419
0.0689555
0.0689555
0.0689555
0.144987
0.0409604
0.0720683
0.237434
0.237434
0.237434
0.283212
0.283212
0.187965
0.0383866
0.0383866
0.0383866
0.222596
0.345917
0.345917
0.241176
0.209424
0.209424
0.209424
0.209424
0.209424
0.211091
0.211091
0.0561572
0.170051
0.170051
0.170051
0.177009
0.177009
0.177009
0.177009
0.177009
0.263931
0.263931
0.263931
0.263931
0.263931
0.0702567
0.11065
0.146161
0.287132
0.15751
0.15751
0.203381
0.0246389
0.0246389
0.0246389
0.0246389
0.126244
0.394973
0.269553
0.269553
0.271354
0.203914
0.203914
0.0720919
0.0720919
0.0720919
0.0720919
0.0720919
0.0720919
0.0720919
0.0720919
0.0720919
0.063414
0.173289
0.391574
0.391574
0.391574
0.535522
0.345844
0.364906
0.326473
0.326473
0.326473
0.194986
0.194986
0.0653739
0.0653739
0.0648917
0.126334
0.190417
0.275717
0.0875885
0.100391
0.100391
0.0502458
0.0502458
0.050584
0.050584
0.336314
0.336074
0.367082
0.355139
0.340044
0.340044
0.340044
0.191447
0.367308
0.363414
0.363414
0.227959
0.227959
0.328709
0.25623
0.25623
0.254327
0.254327
0.254327
0.352998
0.352998
0.352998
0.352998
0.352998
0.352998
0.29861
0.29861
0.0447273
0.0447273
0.0447273
0.0447273
0.0447273
0.0447273
0.0447273
0.0447273
0.0943763
0.0943763
0.0943763
0.0943763
0.0943763
0.0943763
0.0943763
0.0943763
0.336668
0.336668
0.247696
0.247696
