0.426573 0.318802
0.429268 0.366444
0.429524 0.366444
0.432558 0.435511
0.429091 0.344927
0.429333 0.344927
0.429565 0.344927
0.426383 0.258535
0.426667 0.258535
0.430204 0.342373
0.4296 0.321717
0.429804 0.321717
0.429231 0.301637
0.42717 0.24222
0.433333 0.398538
0.431273 0.340692
0.430714 0.32166
0.429474 0.28408
0.429655 0.28408
0.429831 0.28408
0.427333 0.211666
0.428197 0.229553
0.428387 0.229553
0.431746 0.31692
0.4325 0.334194
0.429538 0.248791
0.430303 0.265683
0.432239 0.315807
0.435294 0.39845
0.435362 0.39845
0.437143 0.446999
0.436056 0.414966
0.436111 0.414966
0.433973 0.352186
0.430811 0.258946
0.431467 0.274334
0.430526 0.243854
0.431688 0.274044
0.434359 0.348812
0.435949 0.393256
0.433 0.305182
