105.302 51.2495 39.104 74.4827 -2.83613
51.5601 105.302 39.104 73.0089 -2.83613 1.87297
51.5601 91.8047 45.5302 72.9592 2.42565 -2.18298
91.8047 51.5601 47.8511 71.5586 -3.59102
91.8047 41.6009 51.3301 71.5586 4.95546
95.6105 45.5916 48.9973 71.5586 1.60193 -1.73589
95.6105 48.9973 44.4462 72.158 1.60193 -8.16414 0.181933
95.6105 48.9973 72.158 43.9506 -0.35069 -1.18444
95.6105 48.9973 72.158 46.6003 3.75102
48.9973 100.646 69.4257 46.6003 3.75102 1.40221 -1.0415
48.9973 100.646 69.4257 46.6003 3.75102
48.9973 100.646 43.0155 69.4257 0.214205
48.9973 100.646 69.4257 41.8621 0.214205
48.9973 100.646 41.8621 69.4257 0.214205 1.89905
51.0853 100.646 68.6627 41.8621 0.214205 -2.29399 -0.820574
51.0853 100.646 68.6627 41.8621 0.214205 0.573402
51.0853 102.013 68.6627 41.8621 0.214205 3.51476
51.0853 102.013 41.8621 68.6627 1.65215 -4.40873
51.0853 103.333 41.8621 68.6627 1.65215
51.0853 103.333 42.3727 68.6627 5.37216 -1.07313 0.967392 3.28763
51.0853 104.674 42.3727 70.3226 -0.727053
104.674 53.3697 45.4596 70.3226 1.91502 -3.00277 -1.40946
104.674 53.3697 45.4596 70.3226 -3.94737 -3.68293 1.5004
104.674 53.3697 39.0885 73.211 -3.94737
104.674 53.3697 42.9584 73.211 -0.520018 1.7147 2.43404 0.781982
104.674 53.3697 42.9584 73.211 2.94378 -5.96595 0.321503 0.60315
104.674 53.3697 42.9584 73.211 2.94378
53.3697 102.728 42.9584 73.211 -2.26492 -3.34446 -6.00927 -0.102218 -0.3848 -3.03749
53.3697 102.728 73.211 42.4107 -3.11195
105.653 53.3697 73.211 42.4107 -2.59153 0.526949 -0.359321
105.653 73.211 53.3697 42.4107 -1.99694
104.502 53.3697 73.211 44.3007 -1.99694 0.409977 0.827615 1.49519 -1.75538
104.502 50.227 73.211 44.3007 -0.189077 -1.55061
104.502 73.211 50.0485 40.2301 1.92972 -1.54599 -3.64969 2.81703
104.502 73.211 50.0485 41.9415 1.12166 -0.68695
104.502 72.1568 50.0485 41.9415 1.12166 3.57965 1.21762
104.502 72.1568 41.9415 50.0485 1.12166 2.03113 1.40794 -0.825897
104.502 37.4083 70.7796 50.0485 -0.339307
104.502 37.4083 50.0485 70.7796 -0.339307 -2.95535 -0.87925
104.502 42.9255 50.0485 73.1953 -1.42915 4.05312
104.502 50.0485 39.8901 69.8465 -1.42915
104.305 50.0485 42.7782 69.8465 -1.42915 -2.64799
50.0485 104.305 42.7782 71.2804 -1.109
50.0485 104.305 70.6663 42.7782 -0.0752201 -4.31466
50.9721 103.479 70.6663 42.7782 -0.565489
103.479 50.9721 70.6663 42.7782 0.598789
103.479 50.9721 70.6663 44.2325 1.59411 -0.998902 -1.18801
103.479 50.9721 70.6663 44.2325 1.59411 -1.18338 -0.826559
103.479 51.1722 42.3907 70.5553 2.80616
104.334 51.1722 42.3907 72.181 2.03476 0.598103 -2.02366 -0.035765 0.404284 -1.51561 1.10595 2.88886
104.334 51.1722 42.3907 72.181 2.96856 -2.17708 0.266653 -0.95219 4.61879
104.334 51.1722 42.3907 72.181 2.96856 2.9782 -2.64756
105.312 50.6939 43.5374 73.0637 2.96856 0.706929 7.94073 -1.70369 -0.574328
105.312 50.6939 43.5374 73.7103 2.96856 -1.70799 1.64638 -0.531933
105.312 50.6939 43.2296 71.5931 2.96856 1.51247 -1.8318 -0.998799 -1.3582
50.672 105.312 43.2296 71.5931 2.96856 5.49191 -0.472031
50.672 104.177 71.0227 43.2296 2.96856
50.672 104.842 43.2296 71.0227 3.59024 1.57317
104.674 50.672 42.475 71.0227 3.59024 5.09201
104.674 52.9214 40.2856 72.8744 5.2643 -1.93596
104.674 51.4123 41.4912 71.5625 0.832657 -0.113098 1.80027
104.674 51.4123 41.4912 71.5625 0.832657
105.975 51.4123 42.0519 71.5625 0.832657
105.975 51.4123 42.9528 71.5625 0.832657 -0.258668
105.975 42.9528 51.4123 71.5625 0.832657 6.23843 -0.611782
105.975 42.9528 51.4123 72.5851 0.832657
106.226 51.4123 41.6933 73.2941 0.832657 0.241727 0.149164
51.4123 105.87 42.1126 71.3467 0.832657 -0.0575089
51.4123 105.87 42.1126 71.3467 0.832657
51.4123 105.87 73.6564 42.1126 0.334781 0.254203 7.21462 1.04022 0.120727 0.265142 -1.67365
51.4123 73.6564 105.87 42.6808 0.904753 -1.35444 10.8117 -0.669856
51.4123 73.6564 105.87 42.6808 0.904753 9.81028 -0.199989 -2.31052 -3.31945 2.08113
71.6846 53.278 106.286 42.6808 2.02968 -1.48078 0.189108 6.81582 1.3399 2.97421
71.6846 53.278 106.221 42.6808 -1.49793 0.16918 0.272124
71.6846 50.1454 106.221 42.6808 -1.49793 0.522104 -2.668
71.6846 102.503 50.1454 42.6808 -3.72325 -1.25433 -4.33147 2.59266
71.4992 102.503 50.1454 42.5769 -3.72325 -1.33109 -3.56081
102.503 71.8407 50.1454 43.0881 -3.72325 1.64528 -1.67688 -0.411905 4.45153 -0.330826
102.503 71.8407 50.1454 43.0881 4.50502 2.89062
102.503 71.8407 50.1454 43.0881 -4.61289 2.96618 -0.142642 -1.13076
102.503 71.8407 47.9517 43.0881 -3.2693 -4.10385
102.503 71.8407 47.9517 43.9705 -3.83871
102.504 47.9517 70.483 44.261 1.01483 -1.67546 -0.380896
102.504 47.9517 70.483 44.261 1.51821 2.68082 -0.872447
105.537 49.5419 70.483 42.8817 1.51821 -0.920914 -2.3907
105.537 49.5419 72.6191 42.8817 1.51821
107.532 49.5419 72.6191 42.8817 1.51821
53.8659 107.532 72.6191 43.1392 -1.38626
48.0898 107.532 72.6191 43.1392 0.50572 0.688545 0.917051 0.325154 -1.54733 3.93446 -0.728931 2.15825 -1.74917
49.7473 72.6191 103.988 43.1392 0.50572
49.7473 72.6191 106.212 43.1392 0.50572
50.6099 69.2288 106.212 43.1392 -1.18577 -3.28393 -2.15524
50.6099 106.212 69.2288 44.5312 -1.18577 -2.8517
50.627 106.212 69.2288 44.5312 0.343911 -2.9491 5.89293
50.122 106.212 69.2288 44.5312 0.343911 -3.45424 -0.981811 4.03051 -4.31027 6.19077 -1.2009
50.048 106.212 69.2288 44.5312 0.343911
104.814 50.048 69.2004 44.5312 -0.55927 0.293214 -1.26143 5.6586
104.814 69.2004 50.048 44.5312 -0.55927 0.0234167 -6.82981 -3.4888 3.8616 4.1198 -0.677938 1.77321 2.89721 -1.76978
104.814 70.8756 50.048 44.8395 -0.55927 0.125393 1.99501 -2.28713
104.814 70.3751 50.048 44.4669 -1.46015
104.814 75.5606 50.048 44.4669 -1.46015 -2.01737
103.92 75.5606 42.7532 50.048 -1.46015 -0.451496 0.972314 0.393601 1.88228 -1.20089
103.92 42.7532 75.5606 50.048 2.68842 2.33075 -3.43886 -4.56407
103.92 42.7532 75.5606 50.048 2.68842 -1.34813 0.0821848 -1.92637 -0.95129 0.286758 1.33634 -3.03238 4.8153 -0.27458
47.553 103.92 75.5606 50.7804 2.71289
103.92 47.553 75.5606 50.7804 -2.54396
103.68 43.7886 75.5606 50.7804 -2.54396
103.68 75.5606 43.7886 50.7804 -2.54396
75.5606 103.68 41.8186 50.7804 -2.00773 -7.87882
75.5606 103.68 41.8186 50.7804 -2.00773
103.68 75.5606 41.8186 50.7804 -2.00773 0.231744 1.90411 -2.67982 -2.16992 -5.23644 -2.58447 -4.85518 5.06681
103.931 70.8965 50.7804 41.8186 -2.00773 1.66446
103.931 70.8965 50.7804 41.8186 -2.00773 -2.04228
103.931 72.7794 50.7804 44.3834 -3.40921
103.931 72.6959 50.7804 43.0496 2.49592 -4.21035
103.931 72.6959 50.7804 43.0496 2.49592
72.6959 52.446 103.868 43.0496 2.49592 1.01462 -0.208749 0.702665
72.6959 52.446 103.868 43.0496 -0.123086
70.8232 103.868 52.446 43.0496 -4.60039
70.0421 103.868 52.446 43.0496 -4.60039 7.05303
70.0421 103.868 52.446 43.0496 -4.60039 -1.57687 -0.0546293
70.0421 103.868 52.446 43.0496 -4.60039 1.01346 -1.12571 1.54509
73.6042 52.446 108.498 43.0496 -4.60039 -1.28911 -7.01699
70.968 108.498 52.446 43.0496 4.70715
75.8864 108.271 52.446 43.0496 -4.40403 -0.270859 -0.183682 2.77993 2.56874
74.351 108.271 43.0496 52.446 3.58625
70.2277 102.995 43.0496 52.446 3.58625 3.89513 0.0767674 -5.12317
104.274 70.2277 43.0496 50.8446 3.58625
105.67 43.0496 70.2277 50.8446 3.58625 -0.438409 0.762102
105.67 43.0496 50.8446 70.2277 3.58625
105.67 50.8446 43.0496 76.1373 -4.62568 3.62385
105.67 50.9569 43.0496 76.1373 -4.62568 -0.810936 2.94758 -1.6514 4.97467
105.67 50.9569 45.3992 69.7709 -4.62568
105.67 50.9569 40.915 72.9139 -4.62568 -1.07729
50.9569 105.67 42.0798 72.9139 3.3469 -0.948179 2.92745 1.37369 -3.18716
50.9569 105.67 42.0798 71.0139 -1.853 -0.256767 -0.37026
50.6002 105.67 42.0798 73.2152 -1.853 0.0871136 3.10519 -1.10043
50.6002 105.67 42.0798 73.2152 -4.1674 4.79561
105.67 50.6002 42.0798 73.2152 1.81245
104.543 50.6002 42.0798 73.2152 1.81245
104.543 52.8823 42.0798 73.2152 1.81245
104.543 52.8823 45.0694 73.2152 1.81245
104.543 52.8823 45.4094 73.2152 1.81245
104.543 52.8823 46.7314 73.2152 -3.26723 -2.68826
103.719 52.8823 73.2152 43.0257 -3.26723
103.719 52.8823 73.2152 43.0257 -3.26723 3.58263 -6.95453 -1.69358
103.719 52.8823 73.2152 43.0257 -3.29326 -5.85905
52.8823 103.719 73.2152 38.4885 7.10352 0.60686 2.21883 -1.17266
103.719 52.8823 73.2152 38.4885 -0.399086 -0.746961 -1.21442 -0.00278115 0.861921 -2.81742 -1.68497 1.23865 -2.268
103.719 52.8823 39.5493 73.2152 -0.399086 -1.82737 -1.70681 -3.63947 -2.04886
103.719 49.4093 39.5493 70.8208 0.576768
103.508 49.4093 43.303 71.6961 0.576768 0.430268 2.0394 -1.20456 1.22305
103.508 49.4093 43.303 73.2563 0.576768 1.59112 -0.238916 1.87473
104.106 43.303 49.4093 74.1585 0.576768 -4.68633 -0.406829 2.17704 -6.45678
43.303 104.106 49.4093 74.1585 -0.577947
43.303 104.106 49.4093 74.1585 -0.577947 3.35323 0.906087 1.0176 -1.189
43.303 107.021 74.1585 49.4093 -0.577947 1.95037 4.46788 4.46224
36.4203 104.744 74.1585 49.4093 0.596278 0.116623
36.4203 104.744 74.1585 49.4093 0.596278
37.9238 104.744 49.4093 74.1585 0.596278 7.41287 -1.02553
37.9238 104.744 49.4093 74.1585 0.596278 -3.81312 0.0454118 1.44373 -0.81503
44.2238 104.744 49.4567 75.8783 0.596278 -0.83445 0.709858
42.2905 104.744 49.4567 75.8783 0.596278
42.2905 49.8491 104.744 75.8783 1.75367 -1.88245 -0.541494
42.1377 51.5827 104.744 69.1029 1.75367 8.48685
42.1377 52.1281 70.8005 104.744 1.75367
39.325 70.8005 50.2979 105.446 -1.68594 2.15065 5.70638
39.325 70.8005 50.2979 105.446 -1.68594 -1.04515 1.30024 0.787668 -2.47354 3.2057 -0.481511
39.325 70.8005 53.2614 105.446 -1.68594 1.90323
71.4121 39.325 53.2614 105.446 -0.0243225
71.4121 53.2614 39.325 105.446 -0.0243225 -1.68513 0.155738
71.4121 49.8007 41.0322 104.991 -0.0243225 0.0841336 0.0840304 1.51351 -0.803258
71.4121 49.8007 39.5038 104.991 -0.0243225 -0.487841 -0.813004 -4.23551 -6.25395
71.4121 49.8007 39.5038 104.991 -0.0243225 -1.55191 2.64944 4.46295 0.0618173 0.513488 2.24005 2.15722
71.4121 52.2401 107.456 42.5697 -0.0243225 -1.56455 -6.35785 -5.46867 2.39855 3.14048 -1.46499 -0.396986 1.31471
52.2401 72.3265 107.456 42.5697 -0.0243225 -2.45138 4.33183 -4.02589 -0.951305 -0.597107
52.2401 72.9191 107.456 42.5697 -0.0243225 4.09154 -0.989533 3.47063 -0.898359
49.112 107.394 72.9191 44.7049 -0.0243225 -5.45185 -0.0913617 -1.14539 3.74063
49.112 107.394 72.9191 44.7049 -0.0243225
49.112 107.394 72.9191 44.7049 -0.0243225
49.112 104.745 72.9191 44.7049 -0.404159 -2.53126 5.36666
49.112 103.925 72.9191 43.6728 -0.290048 -1.1439 0.45996
51.2388 107.436 72.9191 43.6728 -0.023029
106.525 51.7841 72.9191 39.0397 -3.02084
106.525 51.7841 72.9191 39.0397 -4.60957 3.90256 0.570444 -1.50548
106.244 51.7841 70.9577 40.5018 -3.97335 -1.1098 -3.85143
106.244 51.7841 40.5018 70.9577 -3.97335
106.244 39.9813 51.6397 70.9577 -3.97335 0.86242
106.244 51.6397 39.9813 74.3652 5.46288 0.183388
106.244 51.6397 39.9813 74.3652 5.46288
106.244 51.6397 39.9813 71.6396 -2.97252 -0.213169
106.244 39.9813 49.938 71.6396 -2.97252
39.9813 105.554 49.938 73.4929 -2.12361 1.82435
48.7312 105.554 49.938 73.4929 1.82435 -2.12361 -6.24087 -0.826128
41.7565 105.554 49.938 72.6562 1.82435 -2.12361 0.970772 0.962123 3.11841
41.7565 104.489 49.938 72.6562 1.82435 -3.55567
41.7565 104.489 49.9339 71.8396 2.77251 4.6721
38.1994 104.489 71.8396 49.9339 -2.11328 2.39797 -0.195075 -0.0749808 2.33594
38.1994 106.945 71.8396 48.7566 1.44649
43.73 106.945 71.8396 48.7566 2.77038 -2.32375 2.42305 2.74499
43.73 106.229 48.7566 71.8396 -0.600153 -0.946517
106.229 42.373 48.7566 71.8396 -0.600153 2.95152 -7.79306 -1.77653 1.4378 -0.88881
106.229 48.7566 42.373 71.8396 -0.600153 -1.95695 -1.16471 -3.55923 1.98596 -2.4033
106.229 53.2043 42.373 73.9632 -0.600153 -1.22292 -0.271786
53.2043 105.5 42.373 76.8768 -0.600153 -4.3933
53.2043 105.38 42.373 71.1991 2.33766 -0.305021
53.2043 105.38 44.2109 73.3484 2.33766 1.73237
108.815 53.2043 44.2109 70.8569 2.33766 -2.19957
53.2043 106.985 37.7386 70.8569 -2.47248 1.60363 -0.0611003
53.2043 106.985 37.7386 70.8569 -3.32703 0.410028
53.2043 106.985 36.7262 70.8569 -0.626321 -6.22283
106.985 53.8605 36.4311 70.8569 1.56369 -2.57846 1.71103 9.05044 -1.84642 -0.308797
106.985 53.8605 41.31 70.8569 -2.53114
106.578 41.31 48.7067 70.8569 0.615988 -4.86407 -7.56853
106.578 41.31 70.8569 48.7067 0.615988
106.578 41.31 48.7067 70.8569 -1.26429 -0.654388
106.578 38.7742 48.7067 70.8569 -1.26429
106.578 49.5557 42.8234 70.8569 -1.26429
106.578 49.5557 42.8234 77.2438 -1.26429 -0.420576
106.578 50.6203 42.8234 72.6925 -2.76765
50.6203 106.578 42.8234 73.2721 -2.76765 3.71065 1.74623
50.6203 106.578 42.8234 73.2721 -0.38122
106.177 50.6203 42.8234 73.0655 -0.38122 5.08092 2.8562 0.0893105 1.95933 0.726211 -3.32772 0.061585
109.001 50.6203 42.8234 73.0655 -0.38122 -1.69091 0.6855 7.22463
109.001 50.6203 37.7636 73.0655 -0.38122 -2.54816 0.474552 2.28339 0.825654
52.6912 105.818 37.7636 74.7435 -0.38122 -0.478879 0.890548 -5.99083
52.6912 105.818 74.7435 37.7636 1.56802 1.662 6.7914 -0.00116669
52.6912 105.818 71.6294 37.7636 1.56802 -1.13877 -0.87682 -5.73315
71.6294 52.6912 105.818 37.7636 -4.28541 2.02396
71.6294 52.6912 105.818 42.4952 -4.28541 -1.26257 2.67064 3.12975
71.6294 52.6912 106.349 38.6241 -4.28541 -1.55186 1.42155 5.04699 3.12605 -0.0738764 -3.45711 -0.922837
52.6912 76.3867 106.349 38.6241 -4.28541 2.01754 3.28375
52.6912 75.0493 106.349 38.6241 1.83472 -3.02888 -3.25073 4.46592 3.26132
106.349 77.089 52.6912 38.6241 -7.21839 -1.10418 0.472417
106.349 52.6912 77.089 38.6241 -4.0354 5.33624 1.66546 2.14647 -0.526293 -0.76393 1.40492 -0.391086 -0.325013
106.349 54.644 77.089 38.6241 -4.0354 -1.84965 1.64652 -5.84068 -0.287347
54.644 106.349 77.089 38.6241 -4.0354 -0.858068
54.644 77.089 106.349 39.2208 -4.0354 3.35348 1.85965 0.287979
54.644 77.089 106.349 39.2208 1.03643 -3.30181 4.18378
55.3954 77.089 110.209 39.2208 1.17904 5.89708
55.3954 74.6567 106.07 39.2208 1.17904 -3.87527
55.3954 79.018 109.197 39.2208 1.17904 -3.44061 -1.59659 4.36529 -2.51257
79.018 57.4496 109.197 39.2208 -1.08964 -0.442465 3.66672 0.0277139
74.2907 57.4496 109.197 39.2208 -1.08964 2.3855
74.2907 108.267 57.4496 39.2208 1.80857 -0.200697
74.2907 108.267 57.9169 38.9179 1.80857 1.05665 -2.95397
73.5258 109.363 57.9169 38.6186 1.80857 -6.02255
73.5258 57.9169 109.363 38.6186 1.80857
73.7922 109.363 57.9169 41.6357 1.80857
73.7922 109.363 57.9169 41.5625 2.22656 1.51075 -1.46279 0.33148 3.36247
73.7922 57.5366 109.363 41.5625 2.22656 1.98814
57.5366 73.7922 109.363 43.474 0.23005
57.5366 73.7922 109.363 43.474 -1.75792
55.5421 73.7922 109.363 36.1517 -3.91035
55.5421 73.248 110.212 39.1251 -3.91035 2.5091
55.5421 73.248 107.427 40.312 -3.91035
56.4445 107.427 73.248 40.312 -2.02083
107.427 55.3297 73.248 40.312 -2.02083
107.317 53.3258 40.312 73.248 -2.02083
53.3258 108.889 38.7447 72.3274 -2.16374
108.889 53.3258 38.7447 72.3274 -2.16374 -1.33187 1.42957 -3.78564 1.91209 -2.23471 8.17206
108.889 53.3258 36.3491 72.3274 -2.16374 2.11611 -8.61336 -2.82653 -0.202829 1.25119 0.342677
108.889 53.3258 75.1946 37.0548 -2.16374 -6.38017
108.889 58.6417 37.0548 75.1946 -3.70544 -1.4884 -0.88331 2.43735
108.889 58.6417 38.6343 75.1946 -3.70544 1.97861 -0.304769
58.6417 109.095 38.6343 73.0443 -0.878864
58.6417 108.161 73.0443 38.6343 -2.20027 -0.712869 7.75963
58.6417 73.0443 108.161 38.6343 4.39493
55.2164 73.2458 108.161 38.6343 5.92483
55.2164 71.4748 108.161 39.2631 5.35281 3.32864
55.2164 74.6405 110.479 35.7784 2.43898 0.504876 -2.08674
74.6405 55.2164 110.479 35.0305 -3.52489 2.80589 -0.857347
73.5961 55.2164 107.879 35.0305 -3.94423 2.87328
55.5651 70.0173 107.879 35.0305 -0.860388
55.5651 70.0173 107.879 35.0305 -0.860388 1.98387 2.53265 -1.42462
54.9526 107.879 70.0173 38.3889 -1.08902
54.9526 108.042 70.0173 38.3889 -1.35271
55.8562 70.0173 108.042 35.2036 -1.35271
55.8562 77.2747 108.042 35.2036 -1.35271 -2.15194 -1.72538
55.8562 77.2747 108.042 35.2036 -1.35271
55.8562 108.042 77.5414 35.477 -1.35271
55.8562 72.959 108.042 41.7104 -1.35271
57.0697 75.5642 108.144 42.7207 -1.35271 6.75754 2.09692
57.0697 74.9256 108.144 42.7207 -1.35271
57.0697 72.1071 42.6595 108.144 -1.35271 -1.30969
57.0697 72.1071 108.203 42.9368 -1.35271 -0.880907 -4.50167
72.1071 57.0697 107.979 42.9368 -1.35271 -3.97056 -1.48045
72.1071 107.979 57.0697 42.9368 -1.35271 -6.83852 3.68533
72.1071 107.979 57.0697 41.966 -1.10866 -5.13327 -1.81229
75.1801 107.979 57.0697 41.966 1.55293 -1.42099 1.94028 -1.58161 2.6852 -7.74196 4.57821 -1.33558 1.11428
75.1801 107.979 57.0697 38.7581 1.55293 5.00284
107.979 75.1801 56.6585 38.7581 -0.577735 -5.46435 -2.01247
107.979 72.9623 56.3504 38.7581 -0.200208 -1.46542 -0.0521021 0.609394 5.54666
72.9623 107.979 56.3504 38.7581 -0.200208
72.9623 55.9975 107.979 38.7581 -0.200208
72.9623 107.979 56.1665 36.286 -0.200208 -0.674442 -0.0628086 -5.36524 0.999894 7.08144
72.9623 107.979 56.1665 38.2395 -0.200208 8.24383 -0.635096 -1.73968
72.9623 56.1665 107.979 37.7205 1.17072 -2.64762
75.4264 107.979 56.1665 37.7205 1.17072 1.25354 -2.98082 -3.28754
75.4264 107.979 56.1665 37.7205 -1.36097
75.4264 110.613 56.1665 37.7205 -1.36097
110.613 75.4264 56.1665 37.7205 -1.36097
110.613 75.4264 53.6349 37.7205 -5.1189
110.613 75.4264 53.9145 37.7205 -5.1189 -3.88403
110.613 75.4264 53.9145 40.3538 3.00019 -3.47596 -1.34251
110.613 53.9145 74.2453 40.3538 3.00019 4.35266 7.05478 4.05812 -2.1021
110.613 54.5888 74.2453 40.3538 -1.63468 0.989086 0.463216 0.919223 3.16722
110.613 54.5888 74.2453 40.3538 -3.45707 -0.856239
54.5888 110.613 75.7677 41.2672 -0.408892 1.53068
56.5935 110.613 75.7677 41.2672 -0.408892 -0.699731 0.998528 -1.91434 0.222696 -2.14157 -2.14572 -0.472486 2.49335
110.613 56.5935 75.7677 38.4029 -0.427144 5.11475 -0.447787 -1.16871 -6.24478 0.594996 0.92849 1.8568 0.378553 -4.04344 0.139021 -0.628586 -2.27863
110.613 56.5935 75.7677 38.4029 -0.427144 2.99328 5.8416 -1.72369
110.613 56.5935 73.2972 38.4029 -0.427144 2.07167
110.613 56.5935 73.2972 38.4029 -0.427144 4.04314 -1.78582 -0.398246
110.613 56.5935 73.5645 39.4625 -0.427144 -0.708164 -1.44553 -2.62938
56.5935 108.966 73.5645 37.311 -1.35329 -4.20905
56.5935 108.966 73.5645 37.4124 3.0619 -4.20905 3.71269 -0.389538
56.5935 108.966 73.5645 37.4124 0.904132 0.554221 0.293386 -1.72836 1.44982 -1.54869 2.1165 -2.47292 0.0772066
56.2245 75.6672 108.966 37.4124 0.904132 0.485016 -4.72617 -2.31226 -2.08457 -0.697282
56.2245 75.6672 108.966 37.4124 0.904132 1.19182 2.48558 1.33916 2.43461 5.25264 1.55847
55.619 76.373 109.123 34.5504 0.904132 1.93313 -1.28132 -0.680486 0.780417 1.64173 0.0862159 -3.27993
55.619 76.0647 109.123 36.5562 0.904132 0.0998298
55.619 107.333 73.9976 36.5562 0.904132
55.619 107.333 74.7809 40.272 0.904132 -4.67271
55.619 74.7809 107.333 39.8952 0.904132
55.619 74.7809 107.333 39.8952 0.904132 2.57092 -3.6452 0.64411 -0.275346 -0.389246
55.619 75.1452 107.333 39.8952 0.904132 -1.93959 1.24094
55.861 75.1452 109.508 40.9018 1.38161
53.7902 75.1452 109.508 40.9018 1.38161
74.3678 54.051 109.508 40.9018 1.38161 -1.11983 2.24303
74.3678 55.6239 109.508 36.1111 1.38161 2.46466
55.6239 74.3678 109.508 36.1111 1.38161
55.6239 76.144 106.608 36.1111 2.65085 1.7408
108.9 76.144 55.6239 36.3304 -1.54433 0.500256 0.188176 3.66962 -0.0620618 5.30193
113.028 55.6239 76.144 36.3304 -1.54433
55.6239 113.028 76.144 36.3304 -1.54433 -3.31645
55.6239 113.028 76.144 36.3304 -1.54433
55.6239 113.028 76.144 36.3304 -0.424385
55.6239 113.028 36.3304 75.212 -0.424385
55.6239 113.028 36.3304 74.7066 -0.821294 -1.62347 2.38428
55.6239 113.028 74.7066 35.5148 -0.821294 -1.16853
55.6239 113.028 74.7066 35.5148 -3.16826 -1.16119
113.028 55.6239 74.7066 39.219 -3.16826
55.6239 113.028 74.7066 39.9347 -2.46004
55.6239 113.677 74.7066 39.9347 0.142174 1.84818 1.57934 2.01088 3.27447 1.7881
113.677 55.6239 74.7066 36.7127 0.142174 0.241889 1.5958
113.677 55.6239 36.7127 74.7066 -1.38078 -1.20338 -3.36596 1.4282 1.96631 -0.929321
109.086 55.6239 77.4938 36.7127 0.28846 0.00148182
109.086 55.6239 75.3811 36.7127 2.17879 -1.27331 0.188917 3.13756 2.65751 -1.35398 -1.86059 0.381045
109.086 55.6239 78.311 34.3694 4.92131 -0.636205 -0.644953 -0.252272 -2.39726
55.6239 109.086 78.311 34.3694 1.60373 -1.69016 -3.65402 1.74246
55.1925 109.086 78.311 34.3694 1.60373
55.1925 109.086 78.311 34.3694 1.60373 2.57349
57.1996 109.086 78.311 34.3694 1.60373 0.266619
57.1996 110.127 78.311 34.3694 1.60373
57.1996 110.127 71.6182 38.3742 -3.43439
57.1996 110.127 71.6182 35.7941 4.48018
57.1996 110.127 71.6182 35.7941 4.48018 -0.624697 1.81567
110.127 57.1996 71.6182 40.7731 4.48018
53.6536 110.127 71.6182 40.6036 4.48018 1.50024 -3.45794
53.6536 110.127 71.6182 35.588 5.06475 1.13865
53.9432 110.672 72.8946 35.588 5.06475 1.11688 -2.21524
53.9432 110.672 72.8946 33.1375 5.06475 -1.8307 -1.87107 0.175285
56.2096 110.672 72.7788 36.571 -0.574149 -1.25151 -1.61395
56.2096 110.672 36.571 72.7788 0.583512
109.835 56.2096 36.9965 71.703 0.583512
109.835 56.2096 36.9965 71.227 0.583512 1.93602
54.2704 111.17 36.9965 73.6361 7.48542 -1.85461
110.023 55.1497 36.9965 77.5351 4.91751 -3.86491 2.87311
110.023 55.1497 77.5351 36.9965 4.91751 0.249869 0.358969
110.023 56.4494 77.5351 40.8768 4.91751 -2.93609 1.17549 -0.22409 -5.83916 2.28018
110.209 56.6276 75.8109 34.8977 4.09443 6.72549 3.22791 -0.0300836 -1.01659 3.27327
56.6276 110.025 75.8109 34.8977 4.09443
56.6276 110.854 75.8109 36.3096 4.6909 1.33829 3.25914
110.854 56.6276 75.8109 36.3096 4.6909 2.42216
56.6276 110.854 76.1151 36.3096 4.42504 -0.75742 6.81229 6.45236 1.26896
55.9829 110.854 76.1151 36.3096 1.08697 -1.38443 -0.411101 2.75406 -0.914473 -0.657182 3.43202
55.9829 108.223 75.8049 36.3096 -0.841016
108.223 55.9829 75.8049 38.0361 -0.841016 1.39799 -0.00241765 -3.85904
55.9829 108.223 75.6485 36.895 -0.841016
55.9829 108.223 76.3211 36.895 -0.841016
55.9829 110.559 76.3211 36.895 -1.37107
110.559 55.9829 75.7502 36.895 -1.37107
110.559 75.7502 55.9829 36.895 0.366544 1.47478 -2.01239
110.559 75.7502 57.5284 36.895 0.366544 -2.19974 -3.32229 -0.609341 3.11597
75.7502 110.559 57.5284 35.8216 0.366544
75.0873 58.4958 110.559 35.8216 0.366544
58.4958 75.0873 110.559 35.8216 0.366544 10.2172 5.72388 -10.0677 -0.503763 1.11016
55.2189 110.559 75.0873 40.4428 0.366544
56.1977 110.559 75.0873 38.3657 0.366544 -6.07247 -3.71588 -4.3047 3.78754
56.1977 110.559 75.0292 38.3657 0.366544 -3.61759 0.868348
56.1977 110.559 75.0292 39.7343 0.366544 -4.04494 -0.812447 -0.701992 1.94271 3.64325 1.74302 7.7525 2.54821 -4.85282
56.1977 110.559 75.0292 39.7343 0.366544 7.38727 -1.50854 0.392162 -0.918271 1.39523 1.71412
56.0612 110.559 76.291 39.7343 0.366544 -1.36609 2.58833 -0.0618973 1.00163 2.87827
56.0612 112.964 76.291 37.9626 0.366544 -0.302792 -2.79522 -1.86707 -0.318646 -1.99806 -3.18622 0.339546 -2.05747
112.964 54.5313 76.291 37.9626 0.366544 -1.29762 -3.68969 0.715898 -7.52639 2.56934 1.96139 2.27803 0.5282 0.0902489 -1.60446 0.0104895 2.4366 1.38077
112.964 75.0589 54.5313 37.9626 -2.40762 -1.60299 -1.73162 0.397251 -2.66378 7.17988 -1.6756
112.964 75.0589 54.5313 39.4802 -2.40762 2.48528 -1.60249 -0.745089 -1.0071 2.30864
112.964 75.0589 54.5313 39.4802 -2.40762 -0.0727015 -2.28105
112.964 54.5313 75.6247 39.4802 3.7221 3.20158 -1.76604
112.964 54.5313 76.8348 39.4802 3.7221 -2.38817
112.964 76.8348 54.5313 39.4802 4.95696
112.964 54.5313 76.8348 39.4802 4.95696 -1.31038
112.964 54.5313 39.4802 76.8348 4.95696 1.7797 3.51052
54.5313 112.964 39.4802 76.8348 4.95696 0.781438
54.5313 112.964 39.4802 76.8348 4.95696 -1.38525 1.10407 -0.0296418
54.5313 110.931 39.4802 76.8348 4.95696 0.186214
112.231 54.5313 40.5464 76.8348 4.95696 -2.74186 -0.137666
112.231 54.5237 40.5464 76.9755 4.18006
112.231 36.8072 54.5237 76.9755 0.960662 -5.79733
111.006 54.5237 38.255 76.9755 0.960662 -3.27866 -0.147878 -0.930796 4.25788 -1.59972
111.006 56.4175 38.255 78.5659 -0.94809 -1.06094
111.006 56.4175 38.4797 78.5659 -0.94809
111.006 38.4797 56.4175 76.8986 -0.560987 6.05066 4.413
111.006 56.4175 38.4797 73.1386 -0.560987 -1.85185 1.20271
111.006 38.2074 56.4175 73.1386 -2.73033 2.79576 -0.93553 -0.628769 1.49412 -1.3602
111.006 38.2074 56.4175 78.0063 -2.73033 -0.136436
111.006 38.2074 56.4175 76.5061 -2.73033 -4.45791 -1.46336 -1.38714 0.432165 -2.92681 5.30502 2.70247 1.0948 8.9616
114.412 36.3643 56.4175 76.5061 -2.73033
36.2031 110.337 54.5466 77.7017 0.595191
36.2031 110.337 54.5466 77.7017 -4.38074
37.6454 111.013 54.5466 77.7017 0.594685
37.6454 54.721 111.013 76.5498 0.594685
54.721 39.647 111.013 76.5498 0.594685
53.3544 76.5498 39.647 111.013 0.594685
53.3544 76.5498 39.647 111.013 0.594685 1.00484
53.3544 76.5498 38.1597 111.013 2.20625 0.298216
56.4183 76.5498 111.013 38.1597 2.20625 -4.84568
56.4183 76.5498 111.013 38.1597 2.20625 7.37445
53.6429 76.5498 111.013 38.1597 2.20625
76.5498 53.6429 111.013 38.1597 2.20625 -2.70656 3.03954
76.5498 53.6429 111.013 38.1597 2.20625
76.5498 53.6429 111.013 38.1597 -1.13643
76.5498 53.6429 111.013 38.1597 -1.13643 -2.2834
53.6429 76.5498 111.013 38.1597 -1.13643 7.14741 1.82338 3.57941
53.6429 76.5498 111.013 37.2632 -1.13643 -0.0379626
53.6429 111.013 76.5498 37.2632 0.981427
53.6429 111.013 76.5498 37.2632 0.981427
56.1526 111.013 76.5498 37.2632 0.181305
111.013 56.1526 76.5498 37.2632 7.15623 -1.55175
111.412 56.1526 76.5498 37.2632 4.57967 4.23721
111.412 56.1526 76.5498 37.2632 3.18598
111.412 56.1526 76.5498 37.2632 3.18598 6.35179
111.412 54.2979 76.95 39.3948 0.767215
111.412 76.95 54.2979 39.3948 0.767215
76.95 111.412 54.2979 39.3948 0.767215 4.49078
76.95 111.753 56.8333 39.3948 0.767215 3.33991 -1.35593 1.13911
74.8804 111.753 56.0346 39.3948 0.767215 1.38087
74.8804 111.988 56.0346 39.5273 0.767215
111.988 74.8804 56.0346 39.5273 0.767215
111.988 74.8804 55.4905 41.4477 1.61771
111.988 74.8804 55.4905 40.0685 1.61771 -0.0442355 -1.48783
111.988 74.8804 55.4905 40.0685 3.72168 -0.204549 -1.49187 2.61593 3.93201
111.988 74.8804 55.4905 41.3613 3.72168 3.5531 -0.959406
74.8804 111.988 55.4905 41.3613 -1.48103
111.988 74.8804 55.4905 41.3613 1.60851 -5.06064 8.2732 -0.649858 0.546815
74.8804 110.83 55.4905 41.3613 0.9331 1.68869 0.891866 -1.87633 6.18868
74.8759 55.4624 110.83 41.3613 0.9331 -2.16779
74.8759 54.1716 110.83 41.3613 0.9331 -6.11766 -4.44101 -0.283682
73.5896 109.979 56.1411 41.3613 0.9331 -0.540373
73.5896 109.979 56.1411 41.3613 0.9331 -2.88457 2.6175
109.979 73.5896 56.1411 41.3613 -1.25594
109.979 73.5896 56.1411 41.3613 -1.25594 -2.8865 3.62033 -1.56403
109.979 74.5238 56.1411 41.3613 -1.25594 0.870403 0.413964
110.093 55.9871 78.131 41.3613 -1.25594 1.46557
110.093 55.9871 39.2328 78.131 -4.2853
112.293 55.9871 39.2328 78.131 -0.68615 -2.98807 3.49283 2.40007 -2.45761
108.96 39.2328 55.4137 78.131 -1.97604 0.352542 0.996925 -2.93341 -0.439383 3.49378 1.58389
110.874 39.3141 78.131 55.4137 2.99833 -1.93385 0.996925 -1.01405 -0.439383 0.109822 1.58389
110.874 37.1143 73.7171 55.4137 -5.97648 2.25268 2.96136 -1.01405 0.109822 -0.439383 1.58389 -8.24707 3.77079 -1.41248 -1.54812 -0.47983 4.35673 -2.53756 -2.41894 1.10754 -0.848151
110.874 37.1143 73.7171 55.4137 -2.82388 -6.95363 10.7195 -1.01405 0.109822 2.60272 -0.901585 -1.60563
110.874 39.9349 73.7171 55.4137 -2.82388 -6.95363 8.15614 4.56738 -1.01405 2.60272
110.874 39.9349 73.7171 55.4137 -2.82388 2.60272 4.56738 -0.745418 8.15614 -6.95363 0.527292 0.422144 0.523107
110.874 39.9349 73.7171 55.4137 2.60272 -2.82388
110.874 39.9349 73.7171 55.4137 2.60272 3.8565 0.267893 3.20026 -3.59538
109.91 39.9349 74.4236 55.4137 4.01806 2.60272 -2.1563 2.80047 3.22377 1.00217
39.3525 109.91 74.7518 55.7676 4.01806 2.60272 3.33072 1.09696 1.18316 -0.00938893 0.435554 -0.576421
39.3525 109.527 74.7518 55.7676 4.01806 2.34465 -1.03488
39.3525 109.527 55.7676 74.7518 -1.1475 4.01806
39.3525 109.984 56.2621 75.5103 -1.1475 4.61792 -0.182876
39.3525 109.984 75.5103 56.2621 2.89627 5.42865
39.3525 109.984 75.5103 55.2129 2.89627 -2.0691 4.15891 -1.51544 4.3763
39.3525 109.984 55.2129 75.5103 2.89627 0.876882 0.609691 -4.46751 -1.90232
39.3525 55.2129 109.362 75.5103 2.89627
55.2129 39.3525 109.362 75.5103 2.89627 -2.70815 8.06642 1.37916
39.3525 55.2129 109.362 76.5122 -1.61946
37.783 55.2129 109.362 75.7324 4.98952
37.783 55.2129 75.7324 109.362 5.97505 -8.13357
55.2129 37.783 75.7324 109.362 -3.84279
53.994 37.783 108.915 75.7324 -3.84279
37.783 55.6266 107.935 75.7324 -3.84279 -3.23017
55.6266 38.3703 107.935 75.7324 2.10017 -4.90608
55.6266 107.935 38.3703 76.9887 2.10017
55.6266 38.3703 107.935 76.9887 2.10017 2.07918 1.30694
38.3703 55.6855 110.909 76.9887 -0.0787327 0.399816
38.8087 110.909 55.6855 76.9887 -0.0787327 0.321587 -1.85498 -3.14358 -4.54569
38.8087 110.909 55.6855 76.9887 -0.0787327 -0.926151 -0.239339
38.8087 110.909 55.6855 76.9887 2.60097 -0.564854
38.7064 55.6855 110.909 76.9887 2.60097 1.72709
38.7064 56.0868 110.909 76.9887 1.84021 0.194637
38.7064 56.0868 76.9887 110.909 1.84021 4.28685 -3.83929
56.0868 38.7064 76.9887 110.909 -1.29379 3.34474 -0.953223 -0.168389 -0.165586 -1.18382
56.0868 37.6553 76.9887 110.909 -1.29379 -4.39749
56.0868 35.6918 75.6214 110.909 -2.2119 -0.498849 -1.54864
56.0868 35.6918 109.851 75.6214 3.95602
35.6918 56.0868 109.851 75.6214 3.95602
35.6918 109.851 53.3366 75.6214 1.48207
109.851 35.6918 57.0791 75.6214 1.48207
109.851 35.6918 57.0791 75.6214 1.48207
109.851 35.6918 75.3401 54.8564 1.48207
109.851 35.6918 75.3401 54.8564 1.48207 -0.776918 4.95625
109.851 75.3401 35.6918 54.8564 1.48207 -4.23765 -1.94638 -2.30746 3.24441
109.851 75.3401 34.6667 54.8564 1.48207
109.341 75.6419 34.3261 53.0925 -2.16688 -1.97435 1.30269
109.341 75.2817 54.2336 34.3261 0.16606 3.51237
110.064 76.8344 38.5355 54.2336 0.778811 3.34335
110.064 76.8344 36.2423 54.2336 0.778811 3.05996
110.064 36.2423 76.8344 54.2336 3.97605 6.16735
110.064 36.2423 54.0388 76.8344 -3.58966
110.064 36.2423 54.0388 76.8344 -3.58966 -5.22634
54.0388 36.2423 76.8344 110.064 -3.58966
58.4653 36.2423 110.064 76.8344 -1.20994 0.93471
58.4653 39.0055 110.064 76.8344 -1.20994
56.789 39.0055 110.064 76.7511 0.490619
56.789 37.8854 111.544 76.7511 0.490619
56.789 37.8854 111.544 76.7511 0.490619 -0.776596 -4.70915 2.43415
37.8854 56.789 111.544 76.7511 0.490619 -0.994506
37.8854 111.544 56.789 76.7511 2.00204 3.21279
37.8854 111.544 56.4868 76.7511 2.31368 -2.69743 -4.77834 1.65162 -1.36803 -5.8878 -1.83818 1.70506
35.2971 108.543 56.4868 77.5136 2.31368 -1.51855 -0.960591 -3.41419
36.2037 108.543 77.5136 56.4868 2.31368 -4.24981 -0.685628 -0.566706 -5.07768
36.2037 108.543 77.5136 56.4868 2.43768 -0.0571634
108.428 36.2037 77.5136 56.4868 2.43768 -1.9205 -0.725954 0.250579 -0.869448 0.979071 5.46964 0.604471 1.03476 0.627455 -2.43237 -2.20793
108.428 77.5136 34.2329 56.4868 2.43768 -1.65532 4.22185
77.5136 108.428 34.2329 56.4868 0.203016 0.966475 2.46921 -1.58279 -1.6035 0.00780797
108.428 77.5136 34.2329 55.4998 0.000722387 -0.721594
108.428 76.879 55.4998 34.2329 3.90854
108.428 55.4998 76.879 34.2329 3.90854
111.961 52.9293 76.879 34.8797 -0.831009
111.961 52.9293 76.879 34.8797 -0.831009 -3.85856 -3.29801 -2.19987 -1.95607 -1.80509
111.961 54.1726 77.6517 38.9725 -0.831009 -2.23872 -0.577467
54.1726 111.961 77.6517 38.9725 -5.41416
111.961 54.1726 77.6517 38.9725 0.0734382
111.961 54.1726 77.6517 38.4241 0.0734382
111.961 52.7509 74.2921 38.4241 -0.604277 -0.0162111 0.139412 -0.949373
52.7509 111.961 78.6116 38.4241 -2.46008 -1.5289 -1.14564
111.961 52.7509 78.6116 38.4241 -0.489764 -1.44697 -3.18483 -1.93768
111.961 52.7509 78.6116 38.4241 -0.489764
52.7509 111.961 78.6116 38.4241 -0.489764 -4.99783 1.1466 -2.69197 -2.11788 -9.09438
52.7509 75.0526 111.961 38.4241 1.59225 0.0380715 2.77728 -4.16809
52.7509 111.961 80.7357 38.2153 1.44571 -0.219413 -2.3961
111.961 52.7509 80.7357 37.0588 4.04286 -1.60724
111.961 53.1056 37.0588 77.5278 4.04286
111.961 53.1056 37.0588 76.483 -1.91837 -3.98738
76.483 53.1056 38.919 111.567 -1.91837
77.1013 53.1056 111.567 38.919 -4.81002
77.8682 54.5485 112.259 38.919 -4.59738 -2.45791 -0.606916
54.5485 77.4896 113.005 37.3178 -4.59738
54.5485 77.4896 109.02 37.3178 -4.59738 -0.500233 -1.31368 -3.08469 0.569511 -2.58167 -1.50589
77.4896 55.938 113.138 37.3178 -4.59738
53.9879 77.4896 113.138 37.3178 -5.02135
53.9879 77.4896 110.618 37.3178 -2.387
110.618 75.3137 53.9879 37.3178 6.98341
108.957 54.9846 37.3178 75.3137 6.65211 2.39703
108.957 54.9846 37.3178 79.1785 6.65211 -2.21251 0.493133 1.84638
54.9846 111.622 37.3178 79.1785 4.50232 -2.59634 0.300214
54.9846 111.622 37.3178 75.3894 7.03682 0.0350546 2.98108 -0.0800674 0.437208
54.9846 111.622 75.3894 37.3178 7.03682 1.0355 -0.846861 -0.943702 4.42565 -5.24282 1.09815
54.9846 74.5454 111.622 37.3178 1.69935 -1.57631 1.31699 2.19937
55.0407 75.0633 111.622 37.3178 1.69935
55.0407 75.0633 111.622 37.3178 1.69935
54.6228 75.0633 111.622 37.1353 1.69935 -4.48278
54.6228 75.0633 38.0646 111.622 1.69935 3.13772 -3.60236 0.580989
75.0633 54.6228 38.0646 111.622 -0.669942 0.330412 -2.34554 0.123633 -0.393161 -0.43962 3.91718 0.392403 -0.589766
75.0633 54.6228 38.0646 111.622 2.98779 2.64351 4.55567 5.44323 0.223185 -4.44292 5.32138
75.0633 54.6228 38.0646 111.622 2.6495 1.97683 0.0927764
54.6228 75.0633 38.0646 111.622 2.6495 0.913865 -0.515603 -1.41916
75.6981 54.6228 38.0646 112.885 -3.48392 2.13559 -0.885281 1.45452 -0.161223
54.7962 112.885 38.0646 75.6981 1.05604 -1.22403 5.13938 2.55398 -4.14795 3.92183 -0.382546
54.7962 112.885 38.0646 82.9559 1.05604 -0.751432 -2.36834
54.7962 112.885 81.71 38.0646 1.05604 1.50788 1.52035 -0.705089
54.7962 112.885 81.71 38.0646 4.17552 2.1536
53.8066 112.885 81.71 38.0646 4.17552
53.8066 81.71 112.885 39.2644 -0.329069
81.71 53.8066 112.885 39.2644 -0.329069 7.78362
52.6678 81.71 112.885 37.7332 -0.329069 -0.664672 -0.066931
81.71 52.6678 112.885 37.7332 4.53678 1.93769 -0.0944505
81.71 112.885 52.6678 37.7332 4.53678 -0.63811 0.714363 -4.70887 -0.12712
81.71 115.653 54.2073 37.7332 4.71811 -0.240194
81.71 115.653 54.2073 37.7332 4.71811
114.8 81.71 54.2073 37.7332 4.71811 -0.283569 -1.38418
114.8 55.4442 81.71 37.7332 4.71811 -1.49928
114.8 81.71 55.4442 40.0326 1.33653
114.8 55.4442 81.71 39.8829 1.33653 -6.10457 1.17264
114.8 55.4442 81.71 39.8829 1.33653
114.8 55.4442 81.71 39.8829 -0.940817 1.34373 1.38735 2.33972 -0.559437 2.66223 -4.51033 0.515128
114.8 54.0323 81.71 39.8829 -2.82704 -2.54745
114.8 54.0323 80.1185 34.1691 2.9577 -1.03259 0.798958
116.748 55.4664 80.1185 34.0599 2.9577 -3.0746
116.748 53.3721 80.1185 34.0599 5.29793
55.3677 117.448 80.1185 34.0599 5.29793 0.416456 -2.46228 -1.30324 6.39943 -2.51401
53.9303 117.448 80.1185 39.3465 2.13245 0.977166 -0.76105 -1.80082 -2.76135 -4.98582
53.9303 81.6176 116.626 36.8226 2.13245 0.0934676
53.9303 81.6176 116.626 36.8226 2.13245 1.06017
81.6176 53.9303 116.626 36.8226 0.0100787 -6.04282 -2.28582
81.6176 116.626 53.9303 36.8226 1.47632
81.6176 116.626 53.9303 36.8226 1.47632
83.0779 116.626 53.9303 36.8226 1.47632
116.626 83.0779 53.9303 36.8226 1.47632
116.626 80.6548 53.9303 36.8226 1.47632
113.416 79.0134 53.9303 36.8226 1.60775
113.416 79.0134 55.5801 36.8226 0.516142 -0.454201
79.0134 113.416 55.5801 36.8226 0.516142 -0.672488
114.591 79.0134 53.59 36.8226 0.516142
114.591 79.0134 36.8226 53.59 0.516142 -4.19122 3.45923 5.2222 -0.740022 -4.05575 -3.22987 -1.82709
79.0134 114.591 38.3175 53.59 0.516142 -2.85483 1.35919 -1.13016
79.0134 114.591 37.5341 53.59 0.516142 1.20545 -0.859154 2.96642
79.0134 114.591 54.0467 37.5341 0.516142 -3.43162
79.0134 54.1991 114.591 37.5341 0.516142 7.12912
54.0128 78.3588 114.591 34.7127 0.516142 -0.376637
78.8584 54.0128 115.038 34.7127 0.516142 -5.96733 0.98772
78.8584 115.534 55.5642 34.0069 0.516142 -0.965766 2.47103 -3.05048 -9.80864
78.8584 115.534 55.5642 34.0069 0.516142 2.47103 -0.965766 -3.05048 -0.105395
115.534 78.8584 55.5642 36.8564 -1.11139 -3.73873 1.27175 -3.05048
115.534 78.8584 55.7621 36.8564 1.41664 1.27175 -3.73873 1.16345 -0.879635
115.534 78.8584 54.6083 36.8564 1.2795 4.50381 1.49978 -3.01316
115.534 78.8584 53.4781 37.5158 1.2795 4.50381
115.534 78.8584 53.4781 38.6385 3.21082 4.50381 -1.56204
115.534 78.8584 53.4781 35.2112 -3.15518 1.04638
78.8584 117.485 53.4781 35.2112 -3.15518 2.45473 0.0301056 -4.55009 -1.60719
78.8584 53.4781 117.485 35.8457 -3.15518 2.45473
78.8584 53.4781 117.528 35.8457 4.03545
53.4781 78.8584 117.026 35.8457 4.56533
54.2098 117.026 78.8599 35.8457 15.7491 0.0660366
54.2098 117.026 35.0497 78.8599 2.37661 -3.54656
53.5697 35.0497 117.026 78.8599 -2.59055 -4.40639
53.5697 35.0497 78.8599 117.026
53.5697 80.3208 35.0497 116.47
53.5697 35.0497 81.0756 116.47
53.5697 35.0497 116.47 81.0756
81.0756 116.47 35.0497 55.7964 -6.414
81.0756 116.47 35.0497 55.7964
80.1055 116.47 35.0497 56.6645 4.83495 3.3803
78.196 116.47 56.6645 35.0497 -0.712045 3.33518 -4.18502
116.47 78.196 56.6645 35.0497 1.11344 -1.51116
116.47 57.9189 78.196 39.3693 13.371 -3.03077 -1.64121 0.884716 3.27395 0.287211
57.9189 116.47 78.196 39.3693 -3.26625 2.44396 -6.14848 0.194479 -0.159836 4.30057 0.665979 -0.0921338
116.47 53.752 78.196 40.3521 -6.41377 0.580605 0.177495
117.046 78.196 55.0264 40.3521 -6.40772 -0.174825 1.90573 -1.52686
78.196 117.046 55.0264 40.3521 3.40596
117.046 78.196 55.0264 40.2824 -0.577995
117.046 78.196 55.0264 40.2824
117.046 76.7938 55.0264 35.9328 -2.853 -0.708921 -1.47336 0.151277 -3.12161 0.0219519
115.903 78.3206 35.9328 55.0264 -0.0525662 0.014152
115.76 78.3206 55.2043 34.8458 -2.04 -3.88196
115.76 55.9853 77.8894 34.8458 8.11636
115.76 77.8894 55.9853 34.8458 -0.844372 0.448722 -0.0467733 2.46565
77.8894 117.073 55.9853 34.8458 4.92528
77.8894 56.0429 115.313 35.4776
79.0825 56.0429 115.313 36.4357 1.45937
79.0825 116.798 56.0429 36.4357
77.448 116.798 56.0429 36.4357 -0.636711 0.682991 1.95023
77.448 116.472 56.0429 37.2757 -1.21055 -4.13191
78.4572 116.472 56.0429 37.2757 0.051003 0.984869 5.07646 -3.04267 0.395195 -3.62581
116.472 78.4572 56.0429 37.2757 -0.603548 -1.18355
116.472 78.4572 56.0429 32.9337 1.4013 1.17479
78.4572 116.472 56.0429 36.769 -0.0393954
78.4572 56.0429 116.472 36.769 0.623531 4.03854 3.72292 1.28371 -1.22498 -3.2255 0.915662
78.4572 56.0429 116.472 36.769 4.07575 0.640601 2.59362 8.68799
78.4572 56.0429 116.472 36.769 -1.94821 3.90264 2.30682 0.756606 -0.537707
78.4572 56.0429 116.472 36.769 -7.79469 -0.660985 -2.82987
78.4572 56.0429 116.472 36.769 0.535746 1.67026
78.4572 56.0429 36.769 116.472 3.56417 -1.71131 -1.40108 -1.6525
55.1665 78.4572 36.769 116.472 -5.3955 5.20701
78.6003 55.1665 35.7936 116.472 1.66559 1.06423
55.1665 76.7555 34.1659 116.472 3.4262 0.977415
55.1665 76.7555 116.472 36.9089 3.4262 -3.28861 0.158514
54.7047 117.136 76.7555 33.4714 1.03436 -1.93913 -0.738055 -2.78103
54.7047 76.7555 117.136 33.4714 -15.5212 0.527528 -4.63317 0.96929
54.7047 76.7555 117.136 34.2647 2.74853 -0.865197 1.51143
76.7555 54.7047 117.136 35.7229 -0.262469
76.7555 54.7047 117.136 35.7229 -4.15413 -1.39411 -0.163063 -0.31848 -3.14756 -0.595947 2.81279 0.944425 0.459018
79.8219 54.7047 117.136 35.7229
79.8219 114.184 53.2158 35.7229 1.68599 -3.39104
79.8219 114.184 53.2158 35.7229 -2.79874 -3.07784
115.291 79.8219 53.2158 35.7229 -5.10691
115.291 79.8219 35.815 55.2945 -3.50324 1.3919 0.681632
115.291 35.815 79.8219 55.2945
115.291 35.5765 55.2945 79.8219 -0.207551 3.97438
115.291 55.2945 36.4389 79.8219 -4.15401
52.7504 115.291 34.4505 79.8219 0.613198 -3.0139
52.7504 115.291 79.8219 34.4505
115.291 52.7504 79.8219 34.4505
52.7504 115.291 79.8219 34.4505
54.0217 115.291 79.8219 34.4505 -4.41682
54.0217 115.291 76.5848 37.7584 -5.00191 5.11319 3.25942 2.61306
54.0217 115.291 37.7584 76.5848
54.0217 115.291 37.7584 76.683 -0.913836 3.10733
54.0217 115.291 80.4636 37.7584 2.59212 -0.930846
115.291 80.4636 52.4822 37.7584 -0.351814
80.4636 115.291 52.4822 37.2715 -1.82403
80.4636 118.392 54.211 37.2715 -5.26357 1.28342 0.920073
80.4636 118.392 51.8246 34.634 3.12241 -4.02739 3.10081
80.4636 118.392 34.634 51.8246 1.67182
118.392 80.1216 38.2645 51.8246
118.392 80.1216 51.8246 38.2645
80.1216 115.509 51.8246 38.2645 1.83731
80.1216 119.205 38.2645 55.8244 4.41292
80.1216 119.205 53.359 38.2645
81.0517 53.359 119.205 38.2645 0.133229 -0.0995392
53.4918 81.0517 119.205 34.6929
53.4918 81.0517 34.3877 119.205 2.26101 -4.67881 3.41725
53.4918 79.2444 114.914 34.3877
53.4918 79.2444 114.914 34.3877
53.4918 82.0521 114.914 34.3877
53.4918 81.4737 114.914 33.4258 1.69391
81.4737 53.4918 114.914 33.4258
53.4918 81.4577 114.914 32.4756
53.059 81.4577 117.724 32.4756
53.059 81.176 35.8899 117.724
53.059 81.176 117.477 35.8899 -3.40248
79.7981 53.6798 117.477 35.8899 -2.21286 3.60123 0.874312
79.7981 53.6798 117.477 35.8899 -1.48149 2.55909 1.19783
80.9062 117.449 53.6798 35.8899
80.9062 117.449 53.6798 38.6168 1.00973
117.449 80.9062 50.996 38.6168 2.53115 -0.730098
117.449 50.996 80.9062 38.6168 4.07462 -4.10209 1.58517
117.449 52.8152 80.9062 34.3038 1.09617 3.34352
52.8152 117.449 79.1311 34.3038 1.45056
52.8152 79.1311 117.449 37.2658 -0.818114 0.683497 2.69012 -0.410899
54.9352 79.1311 116.832 37.2658
54.9352 79.1311 116.832 36.0561
54.9352 80.3179 116.832 36.0561
54.7037 80.3179 116.832 36.0561 1.8292
54.7037 80.3179 116.832 36.0561 1.89791 -5.17012 1.50487 -2.93923 -3.70805 0.579886
80.3179 54.7037 116.832 36.0561
80.3179 54.7037 36.0561 118.103 1.77934 7.81809
54.7037 80.3179 36.0561 118.103 3.17644 4.10007 1.9733
80.3179 54.7037 36.0561 118.103 0.0492646
80.3179 34.8414 54.7037 118.103 5.12938
34.8414 79.4293 54.7037 119.284 -2.07167
34.8414 79.4293 116.246 54.7037 -3.35044 0.322288 1.14169 -5.45247 -0.450646 -1.34286
34.8414 78.5323 54.7037 116.246 1.32696 1.67636
34.8414 80.0025 118.177 54.7037 0.991718
35.0272 80.0025 118.177 54.7037 0.186188 -4.36377 0.347092
80.0025 35.0272 118.177 54.3838 1.00579 -2.00964
80.0025 118.177 35.0272 54.3838 -7.07109 -6.45226 1.27398
118.177 80.0025 35.0272 54.3838
80.0025 118.563 35.0272 54.3838 0.231873 -0.726281
118.563 79.1083 35.0272 54.3838 -0.0624417 4.24352
79.1083 118.563 35.0272 54.3838 -0.0624417 -0.665963 2.22277
79.1083 118.563 54.3838 35.0272
79.1083 115.684 54.3838 34.1453 -4.50508 -1.98506
79.1083 54.3838 115.356 34.681 5.21464 0.946825 3.5525
54.3838 79.1083 115.442 38.3906 0.857479 -1.17811 -2.53544
54.3838 79.6516 119.748 38.3906
54.0643 79.6516 119.748 38.3906
54.0643 79.6516 38.3906 119.748 -2.93864
79.8624 54.0643 38.3906 119.748
79.8624 54.0643 36.6182 119.748 2.03501
53.167 79.8624 36.6182 116.712 0.869376 -1.89262
53.167 36.6182 79.8624 116.712 -5.96625 3.75122 1.55748
53.167 36.6182 79.8624 116.712 -2.80128 -2.42597 -6.47684
53.167 36.6182 116.641 79.8624 -1.47629
53.167 36.6182 116.641 79.8624
53.167 36.6182 79.8624 116.641 3.97289 -1.23213 -2.38951 3.07152 2.37091 0.355865 0.776423 -1.24508 -1.7406
36.6182 53.167 79.8624 118.715 -1.12828 -3.98709 -5.65363 2.08782
53.167 36.6182 79.8624 118.715 2.08256 0.6231 -0.31515 -2.38165 3.04618
36.6182 53.167 79.8624 117.087 -2.92931 3.03302 0.639786
53.167 36.6841 79.8624 117.087 1.05006 -8.27554
53.167 38.931 79.8624 117.087 1.64171
53.8627 79.8624 38.5758 117.087 -1.0157 -1.85519 1.64934 2.26086
53.8627 79.8624 117.393 38.5758
51.9877 118.398 80.2628 37.061
51.7118 118.398 79.8851 37.061
118.398 52.1421 79.8851 37.061
118.398 54.9366 80.1878 37.061
118.398 54.9366 80.1878 37.061
116.424 54.9366 81.106 37.061 -1.84723
116.424 81.106 54.9366 34.5494 0.254286 0.528224 2.32987
81.106 118.133 54.9366 38.4118 0.754291 2.39403
81.106 118.133 54.9366 38.4118
38.4118 81.106 55.472 118.133
38.4118 55.472 81.106 118.133
34.8404 55.472 81.106 119.865
34.8404 55.472 119.865 81.106
55.472 36.3935 119.865 81.106 -4.20799
33.8419 55.472 119.865 81.106
55.472 35.969 119.865 81.3818
55.472 119.865 36.5482 79.8731
55.472 119.865 79.8731 36.5482
55.472 119.865 36.5482 79.8731
55.472 36.5482 118.181 79.8731
36.5482 55.472 117.221 79.8731
36.5482 117.221 55.472 79.8731 -2.22222 2.48988 -1.81614
34.9473 117.221 79.8731 55.472 3.09664 -0.0364604
34.9473 117.221 79.8731 55.472 -2.71705
34.9473 117.779 79.8731 53.1895
34.9473 117.779 53.1895 79.8731 2.30284
34.9473 53.1895 117.198 79.8731
53.1895 33.8176 117.198 79.8731
53.7083 34.5229 79.8731 117.198 5.5861
53.7083 83.0282 34.5229 117.198 -0.74862 -4.82163
53.7083 82.3746 117.198 34.5229
53.7083 82.3746 117.198 34.8998 1.15512 0.548282
53.7083 80.4179 117.198 32.4127
52.7817 80.4179 117.198 32.4127 -6.8035
80.4179 53.7047 117.078 32.4127
53.4059 80.4179 117.078 32.4127 -2.85861 -0.932049
54.2183 82.1776 117.078 32.2252
54.2183 81.3444 118.846 30.6085 -6.81491
54.2183 118.846 81.3444 30.6085
118.846 54.2183 81.3444 33.2337
118.846 81.3444 54.2183 34.4946 4.027 -5.15459 1.96924
118.846 54.2183 82.5015 34.9551
54.2183 118.846 82.5015 34.9551
54.2183 118.846 34.9551 82.5015 1.19221
54.2183 36.8695 118.846 82.5015 7.12827
54.2183 36.8695 79.9766 117.471 3.46489
54.2183 33.5499 79.9766 117.471
53.795 33.5499 79.9766 117.471
33.7197 53.795 81.9952 117.471 -3.26719 1.12052 -0.159386 4.15785 5.47872 -1.40598
36.7112 81.9952 53.795 117.471 2.53671 -3.0032
81.9952 33.7372 53.795 117.471
53.795 33.5284 81.4756 118.145 -2.30824
57.9974 33.5284 81.4756 118.145
57.9974 33.5284 81.4756 118.145 0.717859 -0.874804 0.429689 2.36353 2.09787 -1.42155 -1.98802
57.9974 31.7123 81.8015 117.945 -5.70368 1.57758
57.9974 81.8015 36.7656 117.945 -1.38678
57.9974 36.7656 81.8015 117.945 1.29504 2.61925 2.51856 -1.28446 9.70907
57.9974 36.7656 81.8015 117.945 1.36057 0.779951 0.555987
57.9974 81.8015 36.7656 117.633 0.678478 -5.59152 -0.966114
81.3107 53.3421 35.9537 117.633 -0.989237 -1.93941 -2.34972 3.65167 -2.21723 2.17037 4.35671 -2.86475 0.882205
53.3421 81.3107 35.9537 117.633 6.03423 -1.93941 -2.34972 3.65167 -2.21723 2.17037 3.71574
53.3421 81.3107 117.633 36.0491 3.11083
81.3107 53.3421 117.633 36.0491 -3.6335 -0.379982 1.95629 1.37994
81.3107 115.692 53.3421 36.0491
81.3107 119.148 36.0491 53.3421 -0.499587 -1.36169 -1.2594 -0.130107 2.62753 -0.412891 -5.59396 -0.0264664
119.148 81.3107 36.0491 53.3421 -1.81372 -4.68926 1.59937 5.20965 5.6589
119.148 83.1333 53.3421 36.0491 3.3841 -4.00999
119.148 83.1333 36.0491 54.1179 1.26325 -0.0518028 -4.31 1.88093 0.907723 0.167257 -0.956257 -0.165939 3.20803
121.093 83.1333 54.1179 36.0491 11.9298 -1.96385 -4.38844 4.88897 -1.87627
118.033 82.0784 38.9125 54.3561 -2.72172 4.92447
118.033 82.0784 54.3561 38.9125
53.5293 118.033 82.0784 38.9125 2.62591
118.033 53.5293 82.0784 37.4608
53.5293 119.426 80.9879 37.4608 -1.65319 -1.3679 1.7605
53.5293 82.0224 119.426 36.7739 0.87612 -3.20927
53.5293 82.0224 36.7739 119.248 -2.25918 -2.02482 1.24106 5.74784 2.07744 3.71358
82.0224 53.5293 36.7739 119.248 -3.0398 -5.74651
82.0224 36.7739 53.5293 119.248 0.354408
82.0224 32.8842 55.4222 119.248 -14.3554 -1.78212
82.0224 55.4222 32.8842 119.269
55.2305 82.7648 30.9814 119.269
55.2305 30.9814 82.7648 119.269 1.99374 -2.38786 0.795996
55.2305 82.7648 39.4436 119.269 1.99374 -2.38786 -1.79741
82.7648 55.2305 39.4436 119.269 5.41474
55.2305 81.6233 36.0929 119.252
55.2305 77.3692 117.468 36.0929 1.97471 -2.43669 14.4658
55.2305 77.3692 117.468 36.0929 -0.780271
55.2305 77.4634 117.468 36.0929
55.2305 77.4634 117.468 36.0929
77.4634 55.2305 117.468 36.0929 0.2523 -1.43202 0.964989
80.8145 117.468 55.2305 36.7964
80.8145 55.2305 117.468 36.7964 -3.2 1.22951 -1.02304
52.1322 79.5255 117.468 36.7964
52.1322 79.5255 117.468 36.7964
52.1322 117.468 79.5255 36.3751 -2.00033 3.17103 -0.0163979 1.22087
52.1322 117.425 79.5255 36.3751
53.3956 79.5255 117.425 34.2516
79.2646 53.3956 117.425 37.1406
79.2646 117.425 53.3956 37.1406
118.305 79.2646 54.4269 37.1406 -0.708895
118.305 79.2646 54.4269 34.9276
118.305 54.4269 79.2646 34.8426 -4.57226
118.305 54.4269 79.2646 34.8426
118.305 54.4269 81.2691 34.8426
118.305 79.1057 52.5005 34.8426
118.305 52.5005 79.1057 34.6969
118.305 79.1057 52.5005 37.7636 0.399263
118.305 52.5005 80.6219 37.7636 -0.979904
52.5005 117.582 80.6219 37.7636 -2.10829 8.40638
52.5005 80.6219 117.582 36.8933
78.6273 54.1677 117.582 36.8933
54.1677 78.6273 117.582 36.8933
54.1677 117.582 78.6273 36.8933 -0.729386
54.1677 78.2971 116.934 36.8933
54.1677 78.2971 116.934 36.8933 4.78645
51.4407 80.5897 116.934 36.7636 -1.43471 -2.23487 -2.56191 -1.80471 2.84659 0.0908504 0.767077 0.573332 0.91574 2.96058
51.4407 80.5897 36.7636 119.44
51.4407 80.5897 37.0448 118.99
51.4407 37.2221 80.5897 118.99
50.4368 37.2221 80.5897 118.99 -4.00271
50.4368 37.2221 118.99 78.8771
50.4368 37.373 78.8771 118.99
50.4368 78.8771 37.026 118.99
78.8771 50.4368 37.026 117.162
78.8771 50.4368 117.162 37.026 -2.78951
78.8771 50.4368 117.162 37.026 -0.465969
50.4368 78.8771 116.423 37.026
50.4368 118.547 78.8771 37.026 0.00363697 0.240689 -0.117281 0.546877
50.903 117.013 78.4943 37.026 1.75679
50.903 78.4943 117.013 37.026
53.7154 78.4943 117.013 35.4639
53.4981 117.013 78.4943 35.4639 1.64709 -2.81443
78.4943 117.013 53.4981 35.4639 1.27033 -2.29551 -1.96596 -0.125068 0.899188 -5.66159 -2.01515 -1.59688 1.59668 -0.01313
80.2369 117.013 53.4981 36.1167 1.40113 -4.66027 1.57731 0.588571 1.66788 2.35442 1.29216
80.2369 117.013 36.1167 53.4981
77.8378 117.013 52.1297 36.1167
77.8378 117.013 52.1297 36.1167
77.8378 52.1297 36.1167 117.013 -2.83362
77.8378 50.2692 117.496 36.1167
78.4862 50.2692 117.496 36.1167 -0.656507
78.1536 50.2692 118.989 36.1167
78.6475 49.5033 118.989 36.282 1.06914 -1.38293 -0.0736186
78.6475 49.5033 117.712 36.282
78.6475 117.712 49.5033 36.0313
78.6475 117.712 49.5033 36.0313 1.45406
78.6475 49.5033 117.712 34.9854 2.65464
78.23 49.2895 120.176 34.9854
49.5809 78.23 120.176 34.9854 4.02535 -0.769433
54.086 120.176 77.8049 34.9854 -2.27455 2.39888
54.086 77.8049 120.176 34.9854 -2.0858
53.7608 77.8049 120.179 34.9854 -2.67911
53.7608 119.437 77.8049 32.7304
119.437 53.7608 77.8049 32.7304
119.437 53.7608 77.8049 32.7304
119.437 77.8049 53.7608 32.7304 0.569729
77.8049 118.424 53.7608 32.7304
81.5616 118.424 53.7608 33.2191
80.3105 118.424 53.7608 35.5167 1.12576
80.3105 53.7608 118.424 35.5167
80.3105 53.7608 34.912 118.424 2.05437 1.31322 0.258721 -1.99191 1.20383 2.01745
80.3105 53.7608 118.424 34.912 -1.15087
53.7608 80.3105 118.424 34.912 -0.368647
80.3105 53.7608 118.424 34.912 -1.22602
80.3105 118.424 53.7608 34.912
80.3105 118.424 50.7441 34.912 0.128405
121.61 80.3105 51.7417 34.6782
80.3105 119.635 51.7417 34.6782
80.3105 49.9594 119.635 34.6782 2.16777 -8.06951
80.3105 49.9594 119.635 34.6782 3.14313 2.48348
80.66 52.2212 119.635 35.1372 -2.45093 -0.513715
80.66 120.65 52.2212 35.1372
80.66 120.65 52.2212 35.1372 0.986694 -1.75836 -0.938983
80.2853 52.2212 120.65 34.7061 -2.37534 1.89606 0.264959
52.2212 80.1376 120.65 34.7061
52.2212 120.65 80.1376 32.8866 3.88518 0.482562
52.2212 118.874 80.1376 32.8866
54.6125 80.1376 118.874 33.3847 -2.10506 0.973224 1.36917 0.983327
54.6125 118.874 80.1376 33.3847 3.85487
54.6125 80.1376 118.874 33.3847 -4.28929 0.994488 -1.61666 2.71915
79.9191 54.6125 117.932 33.3847 0.576257 -0.0754745 2.20072 -6.35463 -0.757983
79.7986 117.932 54.6125 33.3847 1.82816 2.57988
79.7986 117.932 33.3847 54.6125 4.30442 1.06538
79.7986 33.3847 117.932 50.2484 -2.42536 3.97305 -0.415048 1.01525 -0.714376 -0.520836 1.3985
79.7455 33.3847 117.932 50.2484 -0.207925 -2.26799
79.7455 33.3847 52.9135 117.932
34.9959 80.3449 52.9135 117.088 -4.44693 -1.99306
33.5439 80.3915 52.9135 117.088 2.10542 1.44496
33.5439 80.3915 117.088 52.9135 3.23032 1.0921 0.881565 4.05354 -1.25618 3.19124
80.3915 33.5439 117.388 52.9135 0.389174 -1.13672
80.3915 33.5439 52.9135 117.388
80.3915 52.9135 34.9528 118.446 0.406149 -0.528578 3.56834 2.55672 -2.57776 -2.73756 3.24876
80.3915 52.9135 34.9528 118.446 3.8061 -1.86157
52.9135 80.3915 35.3767 118.446 -1.07013
79.8311 53.1421 35.3767 118.446
81.3513 35.3767 53.1421 120.551 -1.53799 1.98969
81.3513 35.3767 53.1421 120.551 -0.0628682
81.3513 35.3767 53.1421 120.551
81.3513 32.4657 120.551 53.1135
81.3513 32.4657 53.1135 120.551 1.15964 -0.821677 -0.792651
79.9277 53.1135 33.6566 119.447
53.5065 81.6771 32.5997 119.447 -1.83852 -0.983991 1.70884 -0.268459
53.5065 81.5409 120.86 32.5997 3.75025 -0.265896 -4.61019 3.58322 0.736114 0.6208 1.48923 -0.748573 2.72097 -2.72708 6.55442
51.7629 81.5409 120.86 32.5997 2.77708
51.7629 82.0418 120.254 32.3915 0.146793
82.0418 51.7629 120.254 32.3915 -0.25703 0.482589 -0.470852 -0.42394
82.0418 51.7629 120.254 32.3915 -1.3881
51.7629 82.0418 121.282 32.3915 0.725544 2.9896 -1.46402
52.9644 82.0418 121.282 36.1963 0.725544 2.65306
81.9754 51.9717 118.202 36.1963 -7.42105 2.59626 -3.5107 -3.63961 3.33501 1.36772
81.9754 51.9717 118.202 31.8695 -3.39584 -3.46181
81.9754 51.9717 31.8695 118.202 -0.521734 2.31945
81.9754 51.9717 31.8695 118.202 -1.34213 1.5506 -6.26033 -0.168677
81.9754 51.9717 118.202 32.0311 0.121756
81.9754 52.4614 118.202 32.0311
81.9754 52.4614 32.0311 118.202
79.2315 52.4614 118.202 35.7367
79.2315 52.4614 35.7367 121.056
79.2315 35.7367 52.4614 121.056
79.2315 35.4791 52.4614 118.484 -0.242516
79.2315 38.5259 52.4614 118.484
79.2315 38.3709 52.4614 118.484 -0.884449
79.2315 35.098 118.484 52.4614
79.2315 35.0039 52.4614 118.484 0.585711
79.0047 52.4614 35.0039 118.724 -5.09572 0.034512
52.4614 79.0047 35.0039 120.469 1.26004 -1.79335 0.799239 -1.16655 1.56882
52.4614 79.0047 34.4023 120.469
79.0047 52.4614 34.4023 120.469 2.43199
