289.681
317.496
402.208
449.379
421.908
417.507
397.202
355.9
357.253
395.301
356.961
361.544
383.316
342.158
382.168
366.721
307.961
299.032
304.3
299.532
316.29
324.96
310.74
335.948
296.822
304.287
300.957
318.478
327.042
351.28
338.592
337.429
325.172
321.58
304.933
326.295
319.63
290.546
296.517
319.397
323.05
305.947
281.873
326.536
287.16
321.594
293.952
283.435
271.378
277.904
279.251
305.697
270.308
307.876
292.305
274.866
271.124
278.511
274.435
247.279
306.42
289.697
292.351
262.94
262.998
321.899
297.606
246.78
284.332
283.574
278.143
276.666
300.74
263.215
274.931
263.024
294.462
278.129
261.765
305.595
304.099
311.424
269.842
276.188
256.362
304.623
243.973
266.365
309.5
313.334
268.856
277.281
276.479
292.726
280.044
294.43
266.45
309.108
269.254
269.382
240.586
305.33
274.27
278.711
257.063
274.401
281.759
295.326
259.408
250.176
248.737
244.428
307.163
238.201
239.539
287.98
243.915
292.272
255.272
263.482
265.858
308.166
274.49
303.28
247.239
266.529
278.852
230.918
268.312
246.395
295.624
262.302
258.316
286.969
257.735
281.739
291.405
259.332
271.168
269.881
279.825
280.452
293.708
255.307
250.877
267.646
277.665
271.89
282.836
264.061
270.719
227.038
255.957
244.562
249.298
259.246
266.087
267.365
272.001
251.28
283.176
262.397
270.747
269.301
297.261
259.395
311.567
268.902
243.362
269.814
271.342
233.648
254.452
246.21
250.922
258.073
245.507
246.949
271.726
238.984
247.973
260.981
227.507
267.473
270.773
273.441
244.27
239.125
247.818
248.301
254.307
265.81
258.895
617.967
413.938
342.466
280.305
276.006
266.589
256.045
253.007
284.89
279.946
272.431
264.001
298.75
258.208
245.235
258.469
248.13
256.579
287.65
286.842
259.402
254.889
279.361
231.317
224.99
269.282
253.714
233.126
325.191
226.391
233.056
254.339
239.495
245.89
226.866
259.911
290.133
259.815
286.77
274.108
232.215
434.09
380.788
357.447
338.385
294.327
304.223
285.313
317.31
261.989
287.875
284.572
276.614
270.709
253.348
277.113
279.697
283.654
277.974
291.52
270.564
265.508
270.911
298.967
295.126
257.32
261.447
239.053
258.754
249.081
239.659
288.652
261.165
277.929
275.423
267.088
266.964
261.517
262.121
250.934
261.375
230.891
270.219
269.125
266.851
280.281
258.312
260.936
297.879
275.706
239.092
281.699
274.966
249.815
264.876
276.163
263.6
247.842
282.699
269.989
269.55
201.27
272.111
243.882
263.906
244.634
241.131
271.973
266.605
264.377
256.171
278.303
245.404
274.884
261.802
226.757
265.116
237.797
221.085
239.683
267.445
221.58
258.646
293.156
239.353
260.899
213.414
240.654
260.406
227.598
242.543
252.752
237.601
252.388
257.583
236.228
253.17
250.797
236.481
259.566
267.813
250.498
244.309
253.953
276.723
268.335
274.733
277.729
243.677
233.819
249.688
260.101
247.627
247.354
226.528
247.422
241.063
237.96
235.977
273.705
255.81
245.859
279.525
253.655
243.011
274.768
290.108
266.688
258.179
257.912
234.356
234.131
241.586
280.835
242.678
219.057
247.188
258.522
254.329
252.721
231.366
242.544
253.531
234.716
245.882
230.153
217.138
222.623
253.11
258.324
262.28
257.292
235.019
254.141
277.248
214.448
224.695
225.713
249.981
239.317
233.99
244.465
248.111
250.836
240.998
218.648
237.615
275.227
221.953
233.748
247.07
229.28
233.681
217.591
231.637
241.393
265.103
223.356
218.645
242.86
222.63
210.222
244.964
202.868
239.215
236.3
243.831
239.311
228.232
220.165
243.475
225.758
218.392
219.437
247.86
222.682
219.07
216.497
222.067
256.822
242.844
243.798
214.712
219.727
230.679
218.461
263.945
224.82
249.117
238.282
219.69
224.68
229.941
220.387
262.524
222.92
242.58
220.805
215.622
250.375
214.433
245.61
220.747
221.157
217.763
248.052
237.621
257.326
255.545
240.985
243.396
205.23
225.314
269.317
221.51
219.781
262.017
218.96
241.026
213.452
234.354
237.777
227.989
230.696
233.244
245.464
221.499
226.76
213.053
237.353
203.146
212.73
221.074
220.568
230.327
245.483
198.968
208.606
215.08
240.186
221.706
254.429
232.823
215.328
242.069
233.414
228.524
223.311
224.96
207.117
218.453
220.838
235.933
226.781
204.505
226.726
210.449
228.471
233.14
264.836
248.515
274.023
234.553
227.342
220.318
209.688
233.15
228.286
259.42
245.077
229.375
207.949
235.2
225.691
199.319
235.718
243.066
224.968
220.861
212.924
238.396
239.463
198.721
195.193
220.12
203.486
272.294
223.636
208.987
221.669
219.866
236.543
237.226
209.802
226.518
204.576
245.135
230.137
219.095
216.045
226.132
205.474
216.299
212.6
219.096
209.962
199.97
217.138
199.441
200.338
244.697
257.866
239.562
255.106
219.792
208.778
217.437
213.22
240.142
219.272
229.772
219.228
186.435
232.909
203.724
205.26
214.279
232.043
257.839
231.919
231.598
214.641
197.456
239.236
209.392
202.558
213.704
216.554
229.878
199.817
200.146
196.943
198.781
204.326
190.187
188.457
202.136
208.063
205.9
217.53
200.821
205.032
200.565
178.318
183.734
202.761
203.708
188.348
202.438
212.373
222.887
198.788
207.612
216.401
197.85
196.451
203.82
213.581
183.311
213.705
212.212
197.799
197.665
182.742
191.022
187.133
177.85
188.293
200.645
194.932
218.146
191.397
178.341
179.636
181.109
191.632
180.516
176.152
202.758
193.326
218.124
208.238
197.614
208.369
211.66
189.844
205.391
200.041
188.678
195.356
181.286
189.389
193.233
184.921
190.426
182.463
180.897
166.514
187.401
195.129
191.964
184.848
153.328
178.268
161.769
170.029
209.606
184.589
145.119
162.813
156.335
150.078
167.281
197.796
165.771
161.054
161.56
148.726
169.606
164.896
157.964
173.705
155.056
147.619
135.424
164.652
156.904
158.319
162.016
164.054
155.604
141.952
179.844
187.662
148.524
188.649
204.777
257.239
241.278
228.355
224.76
220.692
201.82
200.512
211.854
208.316
191.792
214.889
194.126
205.142
186.048
183.25
194.978
201.008
179.932
189.193
189.982
199.785
204.368
191.346
190.157
205.183
198.463
202.096
203.177
192.379
170.069
198.687
162.596
162.668
155.831
179.797
170.627
179.211
169.92
176.178
173.183
173.208
165.925
162.558
148.178
168.851
170.279
170.458
160.496
174.232
171.551
189.687
181.495
193.331
171.601
177.934
171.167
174.012
196.872
187.448
171.654
169.068
176.805
162.261
173.21
167.904
169.128
177.237
171.096
157.359
158.123
163.998
172.031
163.125
167.881
186.973
176.619
164.217
170.713
166.031
174.347
185.64
164.378
187.698
179.054
155.385
155.816
182.119
169.725
165.519
166.317
152.532
179.471
160.198
175.458
174.079
160.605
157.467
155.933
153.011
139.444
146.592
163.488
158.846
156.552
163.835
153.135
160.41
161.561
151.421
166.18
148.304
158.032
167.362
159.435
167.699
167.076
159.653
190.729
145.229
164.51
135.947
152.626
156.292
166.31
161.621
178.297
183.72
178.189
161.965
176.296
148.11
155.07
196.203
192.524
169.591
170.196
167.716
190.955
166.514
202.092
166.976
176.845
194.19
155.445
163.437
181.105
148.118
166.141
172.672
173.776
183.321
172.903
162.061
172.656
179.247
170.875
161.345
159.661
192.785
200.606
177.898
189.747
158.559
171.964
191.922
171.255
174.314
169.824
159.188
168.637
177.542
161.34
159.802
173.377
181.254
180.229
187.706
182.86
203.587
171.72
175.741
164.015
175.062
164.219
160.958
180.921
163.216
164.17
173.165
154.421
167.382
170.415
159.921
144.51
151.682
171.013
166.036
159.584
158.808
156.978
189.083
162.667
167.3
169.462
163.408
160.156
161.419
180.2
180.524
167.527
164.329
177.003
183.439
170.649
170.076
153.019
175.301
162.571
164.209
184.653
180.346
165.685
190.858
173.098
165.586
183.568
167.942
187.576
163.394
174.221
158.391
175.986
171.233
150.506
169.765
144.341
168.19
158.522
149.822
162.151
181.021
158.513
161.402
164.336
167.599
163.08
149.962
163.709
163.702
151.729
160.191
143.097
172.563
174.838
163.525
161.61
143.389
160.215
177.653
171.921
166.877
177.371
163.949
157.405
156.685
166.08
183.137
175.122
158.096
163.301
153.495
183.328
157.85
149.252
136.349
158.195
152.602
136.72
150.983
148.089
154.674
147.57
157.446
143.893
151.566
149.374
159.796
154.991
148.503
143.375
169.779
152.743
140.93
133.686
160.404
159.147
143.52
154.487
142.767
147.523
