7962.5 -2094.05 10056.5
7801.96 -2257.16 10059.1
7863.94 -2197.29 10061.2
7865.67 -2197.45 10063.1
7869.1 -2193.07 10062.2
7888.76 -2173.06 10061.8
7888.55 -2172.44 10061
7894.26 -2167.9 10062.2
7887.93 -2170.96 10058.9
7899.83 -2160.28 10060.1
7902.24 -2155.66 10057.9
7911.47 -2149.47 10060.9
7911.97 -2147.58 10059.5
7913.99 -2144.74 10058.7
7910.47 -2145.06 10055.5
7924.39 -2129.68 10054.1
7929.44 -2124.49 10053.9
7931.34 -2120.88 10052.2
7932.79 -2122.08 10054.9
7929.45 -2121.58 10051
7927.34 -2121.88 10049.2
7921.56 -2129.5 10051.1
7924.5 -2124.19 10048.7
7926.55 -2125.52 10052.1
7929.06 -2118.75 10047.8
7929.35 -2119.56 10048.9
7931.56 -2119.69 10051.2
7925.41 -2118.95 10044.4
7924.54 -2125.52 10050.1
7915.95 -2134.68 10050.6
7927.34 -2122.68 10050
7924.26 -2126.91 10051.2
7929.47 -2119.79 10049.3
7927.67 -2120.42 10048.1
7931.3 -2118.16 10049.5
7932.45 -2115.07 10047.5
7933.08 -2115.33 10048.4
7936.18 -2110.65 10046.8
7931.54 -2114.33 10045.9
7940.8 -2107.11 10047.9
7941.03 -2106.84 10047.9
7941.71 -2103.13 10044.8
7918.47 -2121.71 10040.2
7940.93 -2102.61 10043.5
7944.52 -2100.12 10044.6
7941.8 -2102.4 10044.2
7943.28 -2098.75 10042
7942.21 -2098.85 10041.1
7941.63 -2099.29 10040.9
7945.82 -2097.54 10043.4
7947.08 -2097.33 10044.4
7948.45 -2093.36 10041.8
7948.26 -2092.71 10041
7946.62 -2093.47 10040.1
7943.99 -2091.49 10035.5
7951.6 -2090.68 10042.3
7954.18 -2093.07 10047.2
7952.95 -2094.23 10047.2
7952.35 -2091.84 10044.2
7951.24 -2092.74 10044
7955.93 -2088.9 10044.8
7959.35 -2088.06 10047.4
7957.03 -2087.74 10044.8
7954.77 -2090.72 10045.5
7952.69 -2091.87 10044.6
7952.37 -2092.63 10045
7952.02 -2090.68 10042.7
7956.99 -2090.22 10047.2
7960.33 -2086.82 10047.1
7960.66 -2084.83 10045.5
10084 -2107.25 12191.2
7953.89 -2089.29 10043.2
7948.87 -2094.03 10042.9
7954.31 -2089.26 10043.6
7952.97 -2089.05 10042
7951.55 -2089.89 10041.4
7949.79 -2092.67 10042.5
7949.15 -2090.13 10039.3
7955.45 -2086.11 10041.6
7952.44 -2089.83 10042.3
7951.74 -2091.42 10043.2
7951.47 -2092.08 10043.6
7948.17 -2095.76 10043.9
7951.07 -2091.59 10042.7
7956 -2088.49 10044.5
7952.01 -2092.79 10044.8
7951.45 -2090.98 10042.4
7948.28 -2093.53 10041.8
7946.39 -2092.42 10038.8
7953.36 -2087.01 10040.4
7958.85 -2081.86 10040.7
7953.44 -2083.7 10037.1
7957.45 -2083.41 10040.9
7957.85 -2083.69 10041.5
7958.6 -2083.45 10042.1
7958.46 -2083.7 10042.2
7960.64 -2079.45 10040.1
7951.66 -2087.74 10039.4
7957.84 -2084.78 10042.6
7966.48 -2075.83 10042.3
7963.55 -2076.93 10040.5
7959.67 -2075.85 10035.5
7963.44 -2075.49 10038.9
7964.36 -2074.64 10039
7964.39 -2076.17 10040.6
7959.8 -2079.82 10039.6
7961.62 -2077.61 10039.2
7966.27 -2077.81 10044.1
7967.99 -2076.68 10044.7
7963.56 -2079.37 10042.9
7962.52 -2080.84 10043.4
7969.92 -2077.72 10047.6
7973.22 -2078.24 10051.5
7969.96 -2076.22 10046.2
7969.25 -2075.6 10044.8
7968.96 -2075.79 10044.8
7961.34 -2083.21 10044.6
7965.58 -2080.15 10045.7
7953.34 -2091.42 10044.8
7958.35 -2083.31 10041.7
7966.9 -2075.25 10042.1
7963.41 -2078.6 10042
7956.46 -2086.8 10043.3
7965.41 -2076.98 10042.4
7962.54 -2079.75 10042.3
7966.38 -2076.71 10043.1
7964.3 -2078.49 10042.8
7961.68 -2081.35 10043
7966.68 -2074.46 10041.1
7958.96 -2082.65 10041.6
7959.23 -2082.61 10041.8
7961.45 -2081.94 10043.4
7963.23 -2079.81 10043
7968.48 -2077.15 10045.6
7963.43 -2077.61 10041
7963.46 -2077.47 10040.9
7961.98 -2077.18 10039.2
7965.72 -2075.92 10041.6
7970.25 -2075.94 10046.2
7969.81 -2077.17 10047
7971.71 -2075.22 10046.9
7969.38 -2076.41 10045.8
7968.16 -2077.44 10045.6
7964.03 -2077.8 10041.8
7958.73 -2078.9 10037.6
7968.63 -2076.49 10045.1
7966.9 -2074.86 10041.8
7961.25 -2076.41 10037.7
7952.36 -2093.05 10045.4
7961.04 -2083.32 10044.4
7967.92 -2076.52 10044.4
7967.4 -2078.57 10046
7967.22 -2075.74 10043
7965.86 -2077.64 10043.5
7965.73 -2077.31 10043
7968.61 -2076.83 10045.4
7966.49 -2078.52 10045
7966.19 -2079.9 10046.1
7966.9 -2082 10048.9
7974.65 -2077.31 10052
7970.03 -2078.51 10048.5
7966.85 -2079.23 10046.1
7968.25 -2080.45 10048.7
10100.4 -2094.06 12194.5
7970.88 -2076.32 10047.2
7970.14 -2074.56 10044.7
7967.96 -2075.23 10043.2
7972.83 -2071.99 10044.8
7973.7 -2072.59 10046.3
7977.23 -2071.58 10048.8
7976.06 -2070.64 10046.7
7974.77 -2068.93 10043.7
7979.57 -2065.1 10044.7
7973.41 -2067.63 10041
7975.2 -2068.91 10044.1
7972.81 -2066.95 10039.8
7976.87 -2063.62 10040.5
7974.77 -2065.52 10040.3
7973.18 -2067 10040.2
7973.14 -2067.77 10040.9
7975.74 -2066.73 10042.5
7972.93 -2068.34 10041.3
7968.76 -2069.89 10038.7
7967.43 -2075.89 10043.3
7975.41 -2065.77 10041.2
7969.2 -2069.75 10038.9
7972.94 -2066.72 10039.7
7971.22 -2069.97 10041.2
7973.7 -2065.47 10039.2
7971.64 -2065.41 10037
7976.73 -2063.29 10040
7976.37 -2062.46 10038.8
9713.71 -2391.74 12105.5
9964.68 -2199.38 12164.1
7900.13 -2132.49 10032.6
7936.56 -2097.94 10034.5
7939.88 -2092.27 10032.1
7946.9 -2091.17 10038.1
7944.69 -2092.67 10037.4
7949.4 -2085.19 10034.6
7943.8 -2091.63 10035.4
7949.19 -2085.06 10034.2
7952.84 -2083.4 10036.2
7962.14 -2074.82 10037
7953.1 -2082.14 10035.2
7950.91 -2083.72 10034.6
7961.35 -2075.57 10036.9
7967.46 -2070.5 10038
7968.14 -2069.64 10037.8
7968.77 -2068.18 10036.9
7971.3 -2068.11 10039.4
7964.33 -2071.12 10035.4
7963.74 -2070.29 10034
7971.63 -2066.81 10038.4
7970.09 -2073 10043.1
7964.42 -2077.63 10042
7977.02 -2063.89 10040.9
7974.01 -2066.21 10040.2
7977.77 -2061.07 10038.8
7983.65 -2057.03 10040.7
7905.75 -2131.65 10037.4
7975.59 -2064.18 10039.8
7982.45 -2053.06 10035.5
7980.36 -2054.7 10035.1
7983.12 -2052.65 10035.8
7982.05 -2053.99 10036
7983.73 -2053.79 10037.5
7982.84 -2055.73 10038.6
7935.02 -2110.88 10045.9
7969.89 -2074.63 10044.5
7972.6 -2075.95 10048.5
7976.94 -2072.73 10049.7
7975.09 -2075.09 10050.2
7759.98 -2289.72 10049.7
7869.71 -2183.3 10053
7909.88 -2139.87 10049.8
7917.66 -2128.35 10046
7929.65 -2118.54 10048.2
7930.52 -2117.24 10047.8
7939.6 -2107.11 10046.7
7951.55 -2099.81 10051.4
7947.06 -2101.97 10049
7952.32 -2097.94 10050.3
7958.5 -2094.04 10052.5
7948.57 -2100.76 10049.3
7957.73 -2092.91 10050.6
7962.2 -2090.4 10052.6
7954.86 -2096.63 10051.5
7965.63 -2085.02 10050.6
7961.98 -2088.14 10050.1
7960.12 -2087.63 10047.8
7967.07 -2086.14 10053.2
7967.01 -2086.96 10054
7968.77 -2084.6 10053.4
7967.52 -2085.05 10052.6
7968.32 -2084.8 10053.1
7970.73 -2085.1 10055.8
7969.48 -2084.03 10053.5
7965.47 -2092.41 10057.9
7969.32 -2089.17 10058.5
7969.53 -2088.06 10057.6
7969.24 -2086.47 10055.7
7972.42 -2084.74 10057.2
7967.68 -2085.36 10053
7966.38 -2086.35 10052.7
7969.86 -2083.17 10053
7970.02 -2085.93 10056
7968.63 -2086.2 10054.8
7969.95 -2084.04 10054
7973.21 -2079.94 10053.2
7975.5 -2080.74 10056.2
7980.08 -2074.67 10054.8
7980.14 -2072.19 10052.3
7978 -2078.28 10056.3
7969.84 -2081.51 10051.3
7974.97 -2077.95 10052.9
7978.8 -2077.34 10056.1
7960.06 -2093.17 10053.2
7965.19 -2085.73 10050.9
7970.84 -2081.54 10052.4
7969.45 -2082.83 10052.3
7976.6 -2080.03 10056.6
7970.15 -2080.43 10050.6
7970.05 -2080.71 10050.8
7958.92 -2091.07 10050
7963.08 -2082.21 10045.3
7968.2 -2078.96 10047.2
7969.75 -2077.12 10046.9
7967.8 -2077.24 10045
7963.02 -2076.04 10039.1
7975.1 -2070.91 10046
7979.77 -2065.38 10045.1
7975.54 -2067.21 10042.7
7974.05 -2066.45 10040.5
7954.63 -2093.92 10048.5
7972.99 -2072.19 10045.2
7976.3 -2068.13 10044.4
7978.18 -2068.62 10046.8
7967.47 -2074.51 10042
7968.49 -2074.94 10043.4
7983.49 -2066.93 10050.4
7980.11 -2065.69 10045.8
7977.99 -2066.08 10044.1
7972.07 -2069.28 10041.4
7974.32 -2067.67 10042
7974.39 -2067.58 10042
7970.67 -2069.43 10040.1
7974.39 -2067.26 10041.7
7971.78 -2068.97 10040.7
7974.45 -2066.92 10041.4
7968.43 -2067.21 10035.6
7971.94 -2068.76 10040.7
7973.27 -2067.43 10040.7
7973.29 -2065.94 10039.2
7973.99 -2064.86 10038.8
10088.8 -2097.54 12186.4
7968.89 -2068.41 10037.3
7974.32 -2063.51 10037.8
7978.19 -2062.05 10040.2
7967.93 -2066.43 10034.4
7976.38 -2064.22 10040.6
7973.31 -2062.45 10035.8
7976.72 -2065.46 10042.2
7977.99 -2063.54 10041.5
7976.02 -2063.23 10039.3
7975.98 -2064.16 10040.1
7978.19 -2063.42 10041.6
7978.15 -2061.38 10039.5
7971.08 -2069.45 10040.5
7982.9 -2060.28 10043.2
7983.86 -2061.48 10045.3
7981.31 -2063.08 10044.4
7979.51 -2065.47 10045
7964.71 -2073.57 10038.3
7975.98 -2070.7 10046.7
7969.45 -2070.49 10039.9
7975.75 -2070.79 10046.5
7977.46 -2066.32 10043.8
7974.94 -2068.46 10043.4
7975.23 -2066.54 10041.8
7977.83 -2069.83 10047.7
7982.27 -2064.73 10047
7983.21 -2063.38 10046.6
7976.89 -2068.06 10044.9
7979.54 -2063.05 10042.6
7986.3 -2058.76 10045.1
7984.22 -2059.8 10044
7986.44 -2059.04 10045.5
7990.15 -2056.11 10046.3
7986.16 -2059.24 10045.4
7985.75 -2060.31 10046.1
7986.83 -2060.43 10047.3
7985.72 -2061.8 10047.5
7985.94 -2062.32 10048.3
7987.94 -2060.46 10048.4
7986.4 -2061.16 10047.6
7988.24 -2060.32 10048.6
7988.12 -2062.38 10050.5
7981.49 -2067.83 10049.3
7970.21 -2080.06 10050.3
7974.6 -2071.34 10045.9
7985.6 -2064.36 10050
7989.18 -2059.95 10049.1
7994.11 -2057.17 10051.3
7990.83 -2063.01 10053.8
7951.5 -2091.04 10042.5
7968.91 -2077.93 10046.8
7981.79 -2061.57 10043.4
7970.4 -2068.96 10039.4
7978.45 -2060.35 10038.8
7980.1 -2058.99 10039.1
7985.39 -2059.22 10044.6
7987.23 -2057.78 10045
7987.41 -2056.32 10043.7
7986.67 -2055.76 10042.4
7987.32 -2055.71 10043
7988 -2056.71 10044.7
7986.63 -2056.73 10043.4
7986.32 -2054.59 10040.9
7995.76 -2055.92 10051.7
7991.68 -2053.53 10045.2
7996.04 -2049.54 10045.6
7997.12 -2051.35 10048.5
7990.77 -2051.55 10042.3
7991.21 -2050.27 10041.5
7995.22 -2049.6 10044.8
7992.83 -2053.29 10046.1
7989.33 -2055.14 10044.5
7996.57 -2049.22 10045.8
7992.48 -2050.14 10042.6
8001.57 -2043.68 10045.3
7999.23 -2043.42 10042.6
7996.05 -2042.87 10038.9
7995.45 -2043.67 10039.1
7995.12 -2042.72 10037.8
7984.08 -2049.38 10033.5
7968.89 -2057.09 10026
7983.55 -2051.41 10035
7989.59 -2051.92 10041.5
7993.72 -2046.29 10040
7990.59 -2049.34 10039.9
7992.94 -2046.95 10039.9
7996.06 -2044.54 10040.6
7994 -2045.64 10039.6
7996.64 -2043.12 10039.8
7993.95 -2043.79 10037.7
7993 -2046.61 10039.6
7988.64 -2048.72 10037.4
7992.48 -2047.22 10039.7
7992.55 -2049.28 10041.8
7990.64 -2047.64 10038.3
7990.36 -2048.21 10038.6
7993.86 -2044.49 10038.4
7998.72 -2041.32 10040
7995.64 -2045.31 10041
7994.57 -2044.43 10039
7996.02 -2043.4 10039.4
7995.23 -2040.6 10035.8
7995.65 -2044.66 10040.3
7999.96 -2042.54 10042.5
7999.57 -2040.21 10039.8
8003.47 -2038.14 10041.6
8003.85 -2037.78 10041.6
8002.67 -2036.77 10039.4
7991.37 -2043.61 10035
7999.89 -2041.88 10041.8
8002.74 -2039.87 10042.6
7999.63 -2040.22 10039.8
7989.93 -2047.37 10037.3
7997.32 -2044.39 10041.7
7994.96 -2045.27 10040.2
7999.03 -2044.33 10043.4
7996.17 -2045.21 10041.4
7994.41 -2046.28 10040.7
7994.45 -2045.5 10040
7995.71 -2045.83 10041.5
8002.64 -2043.35 10046
7999.07 -2043.84 10042.9
8001.46 -2043.57 10045
10130.2 -2056.4 12186.6
8001.2 -2040.9 10042.1
7996.25 -2044.78 10041
7994.73 -2044.75 10039.5
8003.6 -2035.85 10039.4
8002.33 -2036.45 10038.8
8001.68 -2037.66 10039.3
8001.26 -2037.99 10039.2
8000.96 -2036.59 10037.5
8007.35 -2035.09 10042.4
8004.55 -2035.72 10040.3
8002.55 -2036.25 10038.8
8005.29 -2033.85 10039.1
8002.98 -2033.19 10036.2
8003.38 -2033.03 10036.4
7998.23 -2040.33 10038.6
7995.09 -2042.44 10037.5
7987.09 -2048.99 10036.1
7989.12 -2049.48 10038.6
7990.07 -2042.95 10033
7993.44 -2045.27 10038.7
7991.83 -2046.32 10038.1
7995.07 -2044.42 10039.5
7995.76 -2043.11 10038.9
8001.45 -2037.76 10039.2
7998.56 -2038.5 10037.1
7999.92 -2037.1 10037
7993.16 -2040.4 10033.6
10139.6 -2043.54 12183.1
12285.6 -2044.16 14329.7
10140.4 -2040.23 12180.6
10142.7 -2037.97 12180.7
10145.2 -2037.1 12182.3
10148.6 -2038.65 12187.2
10145.9 -2040.25 12186.2
10146.2 -2038.95 12185.1
10147.6 -2038.24 12185.9
10147.1 -2037.98 12185.1
10151.3 -2036.65 12187.9
7992.55 -2037.67 10030.2
7996.29 -2032.67 10029
7996.75 -2032.99 10029.7
7998.32 -2031.36 10029.7
8001.41 -2031.7 10033.1
7998.66 -2032.79 10031.5
7999.19 -2032.13 10031.3
7999.4 -2031.27 10030.7
7999.76 -2030.9 10030.7
7999.37 -2031.36 10030.7
7995.17 -2034.89 10030.1
7998.53 -2038.49 10037
7986.61 -2040.72 10027.3
7994.35 -2039.62 10034
7996.22 -2039.45 10035.7
7977.42 -2057.92 10035.3
7989.71 -2043.64 10033.3
7997.15 -2038.56 10035.7
7998.05 -2037.52 10035.6
7999.56 -2036.89 10036.5
7995.88 -2041.33 10037.2
7997.74 -2040.93 10038.7
8000.36 -2040.67 10041
8000.72 -2037.92 10038.6
8000.52 -2036.42 10036.9
8000.76 -2037.49 10038.2
8006.67 -2034.85 10041.5
8002.01 -2035.36 10037.4
8008.2 -2036.14 10044.3
8006.11 -2038.26 10044.4
8004.72 -2036.86 10041.6
7990.1 -2048.13 10038.2
7989.13 -2044.08 10033.2
7986.29 -2047.6 10033.9
7989.74 -2047.03 10036.8
7987.71 -2047.25 10035
7981.56 -2051.62 10033.2
7990.26 -2044.38 10034.6
7994.48 -2039.9 10034.4
7995.81 -2038.95 10034.8
7992.92 -2041.39 10034.3
7993.97 -2039.96 10033.9
7970.48 -2061.96 10032.4
7979.87 -2053.69 10033.6
7986.78 -2045.23 10032
7999.52 -2037.54 10037.1
7996.29 -2036.8 10033.1
7999.17 -2034.97 10034.1
8000.98 -2033.64 10034.6
7996.34 -2036.56 10032.9
7998.78 -2033.22 10032
7997.11 -2035.35 10032.5
7994.9 -2034.12 10029
8000.57 -2030.94 10031.5
8003.38 -2030.32 10033.7
8005.73 -2029.46 10035.2
8007.43 -2029.63 10037.1
8008.87 -2028.85 10037.7
8009.32 -2029.17 10038.5
8009.69 -2026.59 10036.3
7927.67 -2109.93 10037.6
7984.38 -2046.55 10030.9
7990.29 -2038.16 10028.4
8002.62 -2029.58 10032.2
8004.18 -2028.9 10033.1
8004.85 -2027.28 10032.1
7999.02 -2032.59 10031.6
8002.1 -2030.52 10032.6
8001.15 -2031.07 10032.2
8003.07 -2030.01 10033.1
7999.61 -2030.66 10030.3
7981.55 -2048.66 10030.2
7992.29 -2035.59 10027.9
7996.13 -2033.25 10029.4
7997.62 -2029.91 10027.5
8008.24 -2022.48 10030.7
8001.35 -2033.86 10035.2
8005.71 -2024.14 10029.8
8008.6 -2019.08 10027.7
8008.92 -2021.36 10030.3
8001.77 -2025.31 10027.1
8004.92 -2018.59 10023.5
8008.3 -2018.48 10026.8
8010.17 -2018.25 10028.4
7933.91 -2090.13 10024
7975.48 -2046.71 10022.2
7980.34 -2044.13 10024.5
7977.89 -2044.4 10022.3
7983.42 -2040.71 10024.1
7999.66 -2026.44 10026.1
8001.54 -2023.97 10025.5
7998.77 -2025.68 10024.4
7998.17 -2025.61 10023.8
7997.9 -2027.84 10025.7
8000.37 -2025.66 10026
8006.23 -2021.87 10028.1
8010.98 -2012.01 10023
8011.83 -2016.01 10027.8
8010.83 -2017.2 10028
8013.25 -2013.96 10027.2
7946.22 -2084.67 10030.9
7980.09 -2053.72 10033.8
7989.86 -2044.3 10034.2
7986.11 -2042.36 10028.5
7992.11 -2039.58 10031.7
7997.39 -2035.71 10033.1
7996.56 -2032.63 10029.2
7998.55 -2033.23 10031.8
7999.02 -2031.95 10031
8000.22 -2031.96 10032.2
7999.95 -2029.61 10029.6
8001.48 -2028.87 10030.4
8004.33 -2026.74 10031.1
8003.81 -2025.09 10028.9
8010.63 -2023.72 10034.4
8014.47 -2016.08 10030.5
8017.57 -2016.63 10034.2
8016.33 -2016.64 10033
8015.64 -2016.62 10032.3
8015.12 -2017.43 10032.6
8011.46 -2018.59 10030
8014.62 -2017.88 10032.5
8012.65 -2020.5 10033.1
8015.14 -2016.55 10031.7
8022.95 -2011.87 10034.8
8024.82 -2008.74 10033.6
8024.79 -2009.99 10034.8
8024.3 -2007.74 10032
8023.03 -2012.14 10035.2
8025.01 -2011.04 10036.1
8024.84 -2010.19 10035
8011.45 -2024.52 10036
8012.3 -2019.16 10031.5
8015.39 -2017.95 10033.3
8013.8 -2019.22 10033
8017.42 -2016.17 10033.6
8019.34 -2012.57 10031.9
8021.19 -2011.05 10032.2
8018.84 -2013.54 10032.4
8021.63 -2011.19 10032.8
8025.59 -2008.7 10034.3
8026.88 -2007.79 10034.7
8023.33 -2008.99 10032.3
10171.3 -2006.38 12177.6
10176 -2004.23 12180.2
10175.8 -2001.71 12177.5
10180.8 -1999.87 12180.7
10178.9 -2004.78 12183.6
10181.1 -2000.05 12181.1
10182.7 -1999.1 12181.8
10185.2 -1998.59 12183.8
10173.4 -2003.82 12177.2
8019.99 -2013.61 10033.6
8033.48 -1999.65 10033.1
8002.24 -2024.49 10026.7
5887.42 -1991.72 7879.14
5887.4 -1994.79 7882.19
5886.44 -1993.31 7879.75
5889.01 -1993.36 7882.38
5891.25 -1991.3 7882.54
5893.4 -1993.75 7887.15
5881.57 -1999.66 7881.23
5831.22 -2049.6 7880.83
5859.89 -2022.78 7882.67
5865 -2015.27 7880.26
5865.69 -2013.62 7879.3
5858.12 -2021.16 7879.29
5864.71 -2014.19 7878.9
5854.44 -2023.55 7877.99
5859.01 -2019 7878.02
5868.88 -2009.25 7878.13
5873.3 -2007.47 7880.77
5874.21 -2006.09 7880.29
5875.18 -2004.44 7879.62
5874.17 -2002.09 7876.26
5878.73 -1999.24 7877.97
5877.41 -2000.14 7877.55
5878.64 -1996.8 7875.44
5889.39 -1987.79 7877.18
5895.52 -1985.09 7880.61
5893.81 -1984.79 7878.6
5902.87 -1979.94 7882.81
5900.68 -1981.49 7882.18
5896.61 -1980.07 7876.68
5897.97 -1978.4 7876.37
5903.51 -1972.41 7875.92
5907.41 -1969.97 7877.38
5912.65 -1965.56 7878.21
5909.52 -1963.64 7873.16
5902.37 -1969.78 7872.16
5910.73 -1962.48 7873.21
5906.21 -1968.11 7874.31
5917.22 -1957.47 7874.69
5915.94 -1958.7 7874.64
5918.52 -1956.34 7874.86
5915.1 -1957.73 7872.83
5917.98 -1956.38 7874.37
8044.7 -1976.52 10021.2
5913.77 -1959.73 7873.5
5913.38 -1960.07 7873.45
5917.25 -1956.97 7874.22
5916.44 -1958.96 7875.4
5910.75 -1959.2 7869.95
5916.69 -1958.7 7875.39
5916.41 -1955.53 7871.94
5916.91 -1957.03 7873.94
5913.93 -1958.33 7872.25
5920.07 -1954.06 7874.13
5922.86 -1953.06 7875.91
5920.13 -1956.01 7876.14
8059.91 -1966.17 10026.1
5922.74 -1952.74 7875.47
5919.83 -1954.26 7874.09
5901.79 -1974.18 7875.97
5917.34 -1961.25 7878.59
5916.78 -1961.16 7877.94
5903.18 -1976.28 7879.46
5909.91 -1966.09 7876
5907.37 -1967.16 7874.53
5857.47 -2024.33 7881.79
5867.67 -2013.06 7880.73
5828.19 -2058.23 7886.42
5852.44 -2033.58 7886.02
5863.03 -2022.1 7885.13
5863.93 -2022.82 7886.76
5866.51 -2017.75 7884.25
5871.41 -2011.77 7883.18
5873.29 -2011.13 7884.42
5856.67 -2022.28 7878.95
5872.79 -2010.17 7882.96
5883.96 -2000.19 7884.15
5884.58 -1996.65 7881.23
5882.88 -2000.33 7883.2
5875.35 -2007.29 7882.64
5884.98 -2002.26 7887.24
5884.83 -1999.56 7884.39
5888.52 -1995.37 7883.89
5887.94 -1991.3 7879.24
5885.25 -1994.28 7879.53
5888.59 -1996.4 7884.98
5888.11 -1992.7 7880.81
5884.77 -1993.52 7878.29
5895.45 -1991.67 7887.12
5885.76 -1993.65 7879.41
5885.97 -1994.07 7880.04
5887.66 -1994.56 7882.23
5889.53 -1994.06 7883.59
5888.51 -1993.12 7881.64
5889.3 -1990.77 7880.07
5900.27 -1978.84 7879.1
5894.19 -1988.75 7882.95
5889.17 -1989.12 7878.29
5904.44 -1977.43 7881.87
5908.52 -1972.38 7880.91
5910.4 -1970.58 7880.98
5906.37 -1972 7878.37
5907.66 -1970.68 7878.34
5914.03 -1969.2 7883.23
5911.67 -1969.04 7880.7
5904.02 -1968.87 7872.89
5911.33 -1968.91 7880.24
5911.55 -1969.36 7880.92
5909.56 -1970.51 7880.06
5910.82 -1969.92 7880.74
5914.89 -1964.99 7879.88
5906.26 -1974.23 7880.49
5912.38 -1968.31 7880.69
5910.46 -1968.08 7878.53
5909.35 -1972.46 7881.81
5912.91 -1970.86 7883.77
5911.93 -1970.32 7882.25
8048.17 -1978.77 10026.9
5896.96 -1983.71 7880.68
5904.62 -1977.86 7882.48
5884.05 -1993.76 7877.81
5892.76 -1988.78 7881.55
5900.76 -1982.9 7883.66
5909.54 -1972.95 7882.48
5909.42 -1972.97 7882.4
5908.04 -1974.17 7882.21
5905.43 -1982.03 7887.46
5909.89 -1973.58 7883.47
5902.87 -1974.25 7877.12
5906.67 -1974.05 7880.72
5906.76 -1972.79 7879.56
5906.88 -1973.43 7880.31
5910.43 -1968.44 7878.87
5907.1 -1972.12 7879.23
5910.96 -1967.23 7878.18
5913.48 -1965.3 7878.78
5912.17 -1965.53 7877.69
5914.37 -1964.84 7879.21
5912.53 -1965.47 7878
5918.02 -1960.81 7878.84
5918.18 -1963.82 7881.99
5915.71 -1965.26 7880.98
5917.75 -1967.27 7885.03
5920.98 -1965.57 7886.55
5920.67 -1961.37 7882.04
5915.78 -1965.79 7881.57
5918.87 -1963.27 7882.14
5916.66 -1964.97 7881.63
5914.41 -1965.4 7879.81
5915.21 -1967.43 7882.64
5897.44 -1984.42 7881.86
5913.95 -1965.82 7879.77
5918.49 -1966.17 7884.67
5915.94 -1968.68 7884.62
5914.49 -1966.3 7880.79
5917.08 -1968.71 7885.79
5917 -1966.22 7883.22
5921.06 -1966.72 7887.78
5920.14 -1968.24 7888.37
5920.06 -1967.71 7887.78
5917.79 -1966.7 7884.49
5921.82 -1963.3 7885.11
5925.42 -1962.75 7888.16
5924.01 -1959.38 7883.39
5925.25 -1960.05 7885.3
5923.15 -1963.14 7886.29
5937.42 -1950.93 7888.35
5938.82 -1952.69 7891.5
5938.44 -1950.77 7889.21
5933.47 -1949.83 7883.3
5938.15 -1947.57 7885.72
5939.48 -1947.77 7887.26
5938.43 -1947 7885.42
5938.31 -1949.37 7887.68
5935.8 -1950.04 7885.84
5940.9 -1949.32 7890.21
5935.68 -1952.33 7888.01
5937.87 -1950.6 7888.47
5937.58 -1950.1 7887.68
5938.49 -1950.89 7889.38
5937.51 -1948.95 7886.46
5947.28 -1942.15 7889.43
5934.52 -1951.3 7885.81
5940.71 -1947.14 7887.85
8034.98 -1998.28 10033.3
5933.49 -1951.73 7885.22
5941.87 -1943.93 7885.8
5946.14 -1942.26 7888.4
5941.99 -1946.07 7888.07
5942.9 -1943.05 7885.95
5940.91 -1942.4 7883.31
5948.02 -1943.58 7891.6
5895.93 -1992.69 7888.63
5910.39 -1973.11 7883.5
5914.93 -1968.18 7883.1
5916 -1967.57 7883.57
5916.87 -1967.56 7884.43
5916.72 -1963.64 7880.36
5907.66 -1973.23 7880.89
5910.75 -1973.48 7884.23
8051.04 -1979.11 10030.1
5908.42 -1977.34 7885.76
5901.32 -1978.51 7879.84
5903.67 -1981.06 7884.74
5893.13 -1991.13 7884.25
5907.57 -1978.29 7885.86
5911.52 -1972.13 7883.65
5907.5 -1979.5 7887
5907.82 -1979.89 7887.71
5911.07 -1975.17 7886.24
5912.96 -1974.99 7887.95
5913.73 -1974.89 7888.62
5907.62 -1979.53 7887.15
5916.4 -1970.7 7887.1
5909.85 -1975.73 7885.58
5906.27 -1983.21 7889.48
5920.95 -1968.54 7889.49
5922.67 -1967.4 7890.07
5922.11 -1966.27 7888.38
5925.44 -1962.63 7888.07
5924.13 -1968.47 7892.61
5918.84 -1970.35 7889.2
8035.71 -2000 10035.7
5920.64 -1968.07 7888.71
5927.01 -1958.5 7885.5
5861.76 -2027.48 7889.24
5887.31 -1999.66 7886.97
5893.41 -1996.99 7890.4
5903.82 -1987.37 7891.18
5902.9 -1984.5 7887.39
5899.55 -1986.43 7885.98
5903.87 -1985.22 7889.09
5902.48 -1979.48 7881.96
5916.06 -1973.79 7889.85
5921.44 -1966.28 7887.72
5918.66 -1967.15 7885.81
5926.37 -1967.82 7894.19
5919.6 -1967.45 7887.05
5916.53 -1967.33 7883.87
5922.71 -1967.13 7889.84
5921.94 -1968.87 7890.81
5924.67 -1966.3 7890.98
5912.79 -1973.84 7886.62
5918.69 -1967.99 7886.68
5920.8 -1966.76 7887.56
5913.11 -1974.3 7887.42
5915.03 -1975.01 7890.03
5908.45 -1975.19 7883.63
5914.28 -1972.1 7886.38
5916.66 -1971.72 7888.39
5918.61 -1968.43 7887.04
5918.44 -1965.65 7884.09
5923.78 -1961.19 7884.96
5922.53 -1963.34 7885.86
5920.01 -1968.09 7888.1
5926.22 -1963.39 7889.62
5924.12 -1961.24 7885.37
5925.53 -1961.73 7887.26
5927.77 -1960.77 7888.54
5927.8 -1962.02 7889.81
5921.31 -1962.46 7883.76
5928.25 -1964.61 7892.87
5926.94 -1961.52 7888.46
5927.81 -1960.39 7888.2
5929.64 -1960.17 7889.81
5923.55 -1966.88 7890.43
5928.08 -1962.92 7891
5916.31 -1972.67 7888.98
5921.81 -1968.32 7890.12
5923.4 -1966.6 7890
5925 -1964.54 7889.54
5925.68 -1963.49 7889.17
5926.07 -1964.21 7890.27
5911.93 -1972.06 7883.99
5918.73 -1969.5 7888.23
5915.05 -1973.18 7888.22
5927.97 -1964.28 7892.25
5928.27 -1962.48 7890.75
5896.49 -1993.6 7890.09
5918.25 -1974.86 7893.11
5930.65 -1962.24 7892.89
5931.54 -1961.56 7893.1
5927.99 -1961.73 7889.72
5932 -1962.89 7894.89
5933.37 -1961.93 7895.3
5933.02 -1962.79 7895.81
5933.57 -1965.56 7899.13
5933.5 -1968.59 7902.09
5935.96 -1963.28 7899.24
5915.34 -1978.99 7894.33
5921.81 -1976.79 7898.6
5923.45 -1974.83 7898.28
5926.06 -1974.09 7900.15
5928.73 -1975.38 7904.11
5937.55 -1963.66 7901.21
5930.68 -1969.88 7900.56
5922.67 -1978.56 7901.22
5931.39 -1970.33 7901.72
5926.92 -1970.83 7897.75
5928.33 -1970.13 7898.46
5934.5 -1961.69 7896.19
5935.34 -1961.3 7896.64
5940.06 -1957.24 7897.31
5938.95 -1958.85 7897.8
5957.61 -1956.81 7914.42
5942.39 -1957.2 7899.59
5951.9 -1952.45 7904.35
5939.89 -1956.2 7896.09
5938.54 -1958.51 7897.05
5939.03 -1957.63 7896.66
5942.53 -1954.09 7896.62
5940.15 -1958.01 7898.17
5940.26 -1955.76 7896.02
5939.58 -1955.97 7895.55
5933.58 -1964.26 7897.83
5930.15 -1960.54 7890.69
5944.04 -1953.85 7897.89
5938.47 -1956.28 7894.76
5938.18 -1956.17 7894.35
5932.36 -1962.53 7894.89
5930.93 -1964.71 7895.63
5933.39 -1963.5 7896.89
5934.64 -1959.84 7894.49
5936.53 -1958.66 7895.19
5938.98 -1955.36 7894.34
5939.18 -1958.37 7897.55
8072.7 -1970.28 10043
5932.37 -1960.8 7893.17
5934.66 -1959.44 7894.1
5930.83 -1960.36 7891.19
5934.68 -1960.16 7894.84
5935.55 -1952.61 7888.16
5938.13 -1956.4 7894.53
5935.27 -1956.19 7891.46
5934.96 -1959.96 7894.92
5937.5 -1956.52 7894.01
5942.7 -1949.59 7892.29
5943.55 -1951.01 7894.56
5944.21 -1951.26 7895.47
5945.62 -1945.89 7891.51
5950.3 -1943.68 7893.98
5950.98 -1938.61 7889.59
5950 -1943.59 7893.59
5950.93 -1940.8 7891.73
5954.92 -1939.56 7894.48
5944.24 -1949.93 7894.17
5957.22 -1934.78 7892
8086.37 -1954.37 10040.7
5954.15 -1937.27 7891.41
5955.07 -1936.87 7891.94
5957.76 -1936.7 7894.47
5952.95 -1940.37 7893.33
5958.21 -1933.63 7891.84
5958.95 -1937.31 7896.26
5963.28 -1930.85 7894.13
5967.25 -1928.09 7895.35
5964.63 -1936.39 7901.01
5954.59 -1942.74 7897.33
5952.86 -1941.2 7894.06
5957.01 -1938.65 7895.66
5953.76 -1942.41 7896.16
5957.87 -1936.03 7893.89
5956.47 -1939.75 7896.22
5949.28 -1944.96 7894.23
5951.26 -1943.01 7894.27
5961.23 -1932.83 7894.06
5958.94 -1935.2 7894.14
5959.22 -1937.34 7896.55
