493
1
1
0
Pedi
0
427
57.18769 0
75.63073 0
35.11183 1
52.80665 1
70.09404 2
59.25707 3
76.42258 4
34.16017 4
114.5638 5
88.92813 6
87.13473 7
95.39566 8
83.75377 9
34.31786 10
125.6152 11
51.15907 12
117.7173 13
85.88353 14
109.0747 15
90.38037 16
28.72778 17
84.96179 18
53.07618 19
62.80593 20
110.7735 21
96.21495 21
99.33365 22
80.74986 22
100.0923 23
64.94012 23
116.3976 24
72.03694 24
134.629 25
129.4893 26
59.54519 27
97.24577 28
71.74697 29
66.04918 30
73.59283 31
68.00349 32
31.50828 33
103.8136 34
31.28413 35
79.48319 36
35.28111 37
112.0446 38
73.24607 39
67.32598 40
24.30228 41
77.90667 42
116.3518 43
69.76891 44
68.62412 45
83.39024 46
38.97782 47
129.8331 48
28.41268 49
55.84904 50
97.60874 51
101.768 52
107.4317 53
78.87195 54
49.487 55
108.9967 55
108.9957 56
88.36043 56
127.9407 57
100.0739 57
114.3166 58
88.15542 58
137.8934 59
50.48983 59
160.5151 60
63.72905 60
72.19499 61
47.8083 62
113.7227 63
44.33325 63
33.18808 64
131.4318 65
71.18893 66
89.32911 67
46.63461 68
66.73572 69
47.17322 70
113.3315 71
48.90061 72
70.92621 73
31.06135 74
32.0154 75
135.0599 76
40.0069 77
64.86169 78
66.3526 79
26.32747 80
34.79755 81
101.6955 82
93.34562 83
57.96831 84
103.7939 85
40.24927 86
76.88358 87
29.62006 88
153.2333 89
76.53829 90
69.66654 91
96.27349 92
110.3172 93
83.58936 94
86.17424 95
39.7752 96
122.8337 97
109.4017 98
81.93827 99
15.00482 100
28.96298 101
79.60231 102
126.6738 102
47.13225 102
107.257 102
76.82559 102
143.2122 102
160.8681 102
81.99461 102
80.72776 102
75.19126 103
89.09217 104
66.81498 105
52.47397 105
115.2942 106
83.05784 106
87.8163 107
137.5896 108
114.5638 109
102.0033 110
65.78462 111
113.8939 112
45.03793 113
41.61674 114
30.43769 115
75.92972 116
124.505 117
70.63974 118
80.3033 119
87.29076 120
123.8522 121
129.9123 122
110.2493 123
25.2324 124
82.34423 125
26.30694 126
92.49476 127
54.6296 128
76.1292 128
45.44159 129
46.74434 130
102.5216 131
138.6062 131
80.39085 132
80.2651 133
40.12482 134
80.34344 135
137.2355 136
71.04192 137
102.5579 138
85.85426 138
139.9425 139
85.60672 139
63.03349 140
128.8161 140
78.78496 141
71.42809 142
96.88712 143
40.38947 144
27.85557 145
64.95595 146
70.76466 147
42.75959 148
61.94449 149
32.93935 149
36.08502 150
73.79609 150
71.09154 151
76.14457 151
57.5212 152
78.44362 152
59.24234 153
33.67376 153
39.24156 154
103.541 154
78.14482 155
87.30853 155
81.39957 156
99.86857 156
46.07216 157
58.41707 158
49.68049 159
43.94663 159
86.15463 160
45.25416 160
73.88778 161
53.07618 161
86.4145 162
88.5369 162
44.05718 163
53.4873 164
108.9763 165
93.78656 166
51.23308 167
59.95484 168
39.54294 169
84.55473 170
48.60484 171
25.31414 172
52.23674 173
25.77321 174
33.44951 175
106.7505 176
67.73368 177
37.7431 178
55.64008 179
27.35774 180
67.68278 181
44.67708 182
65.09486 183
48.10158 184
89.43442 185
55.94901 186
81.7689 187
34.44609 188
34.54708 189
69.2477 190
76.37195 191
106.6598 192
122.0734 193
56.49839 194
137.4402 195
51.37171 196
60.67562 197
42.13519 198
70.22918 199
95.98113 200
40.35652 201
90.13937 202
63.25405 203
36.39377 204
93.61239 205
25.91949 206
48.39836 207
51.90084 208
80.5767 209
62.35091 210
103.1227 211
91.72915 212
88.49621 213
102.3082 214
78.40248 215
70.26038 216
75.82036 217
77.02903 218
58.72499 219
62.18144 220
79.29227 221
108.3136 222
62.04907 223
88.25411 224
65.18553 225
110.2486 226
107.999 227
86.65384 228
71.98364 229
44.18229 230
97.99389 231
57.8132 232
104.1329 233
109.7182 234
106.0647 235
46.49303 236
84.54874 237
98.02059 237
47.8534 238
60.91183 239
55.03362 240
47.23784 241
65.56599 242
85.61087 243
160.4138 244
55.04715 245
82.95731 246
68.04998 247
38.77945 248
72.87877 249
89.605 250
62.45383 251
43.00197 252
162.5289 253
83.7232 253
46.03 253
65.44918 254
57.21181 255
33.51644 256
43.03934 256
67.13644 257
35.84007 258
108.4973 258
47.13428 259
94.3688 260
127.1017 260
75.13382 261
84.24423 261
86.94878 262
76.03024 262
75.04738 263
49.99863 263
51.66757 264
42.85993 265
137.2604 265
73.8817 266
70.45821 267
22.36915 268
93.27032 269
28.02421 270
62.14646 271
73.79609 272
60.58909 273
57.27606 274
50.27074 275
31.51398 275
109.1249 276
52.8791 277
76.84962 278
39.33288 279
52.61739 280
14.36044 281
53.72507 282
126.2187 283
76.78306 284
81.47782 285
116.7148 285
129.7186 286
45.51762 287
60.27067 288
102.4772 289
71.66715 290
111.8665 290
62.45797 291
38.43912 291
81.50065 292
49.86221 292
111.6055 293
132.0144 293
31.77892 294
27.15596 295
66.50872 296
67.59579 297
82.34423 298
49.17898 299
122.429 299
90.92957 300
19.33136 301
30.63247 302
110.5251 303
53.69865 304
64.44818 304
96.43753 305
48.89794 306
48.17007 306
54.1499 307
48.09956 307
79.99556 308
128.8617 309
87.6263 310
57.24016 310
102.6882 311
56.61447 312
130.1362 313
71.31588 314
122.5004 315
127.0457 316
58.16549 317
60.28347 318
113.6507 318
110.902 319
93.56425 320
57.68773 321
115.96 322
120.4123 323
121.2366 324
85.22737 325
63.01655 326
72.23853 327
72.16618 328
68.24155 329
37.00685 330
59.24234 331
53.59436 332
44.09852 333
66.97856 334
150.9083 335
57.82664 336
25.18306 337
67.82086 338
37.44577 339
73.67541 340
71.0526 341
110.4903 342
87.96276 343
58.17469 344
57.9499 345
85.39408 346
22.36915 347
104.4734 348
130.5939 349
42.06035 350
40.4007 351
52.6277 352
59.55274 353
51.85702 354
58.528 355
87.99985 356
12.15114 357
40.76892 358
94.37791 359
57.24789 360
78.79518 361
31.14153 362
74.36498 363
87.51556 364
122.364 365
62.957 366
30.82303 366
61.49821 367
60.90041 367
59.9286 368
41.15002 368
35.73908 369
85.85389 370
51.6534 371
93.46547 372
37.72708 373
60.17319 374
122.4023 375
94.87832 376
101.7259 377
69.59548 378
98.78215 379
51.4923 380
91.01591 381
40.16983 382
87.81768 383
75.64932 384
36.7885 385
108.612 386
59.20505 387
81.71237 388
94.89158 389
77.31964 390
99.26525 391
89.48625 392
90.18964 393
80.72371 394
58.87228 395
111.3348 396
103.2659 397
36.62078 398
39.18402 399
65.33871 400
63.08513 401
67.97588 402
127.3247 403
75.79504 404
112.155 405
29.79902 406
77.56709 407
71.89499 408
89.58015 409
53.52025 410
100.1717 411
24.57844 412
70.16271 413
96.36398 414
54.91497 415
22.64531 416
41.59667 417
32.53799 418
118.6658 419
94.40774 420
92.61241 421
79.86982 422
35.71165 423
32.98031 424
97.95283 425
48.6181 426
