0.441611 6.56487
0.441698 6.56697
0.441769 6.57116
0.441549 6.56069
0.441329 6.54815
0.441328 6.54815
0.441182 6.5377
0.441144 6.53562
0.440962 6.52727
0.440961 6.52519
0.440924 6.52311
0.440851 6.52103
0.440778 6.51687
0.440778 6.51687
0.440633 6.50856
0.440616 6.50648
0.440508 6.50026
0.440471 6.49818
0.440435 6.49611
0.440363 6.49197
0.440219 6.4837
0.440076 6.47749
0.439969 6.46923
0.439754 6.45478
0.439647 6.45065
0.439433 6.43828
0.439398 6.43828
0.439256 6.42798
0.43915 6.42181
0.438973 6.41153
0.438797 6.40125
0.438762 6.3992
0.43855 6.38894
0.43841 6.37868
0.438396 6.37868
0.438221 6.37049
0.438116 6.36435
0.438153 6.3623
0.438084 6.35821
0.437929 6.35413
0.437947 6.35004
0.437843 6.348
0.437845 6.34597
0.437847 6.34393
0.437708 6.33782
0.437605 6.33172
0.437467 6.32358
0.437329 6.31545
0.437122 6.30327
0.43709 6.30124
0.436987 6.29718
0.436885 6.28907
0.436888 6.2911
0.436821 6.283
0.436754 6.28098
0.436896 6.28705
0.436864 6.28705
0.436798 6.28099
0.436627 6.27494
0.436595 6.26889
0.436425 6.25881
0.436221 6.24673
0.436086 6.24069
0.435951 6.23265
0.435836 6.22662
0.435806 6.2226
0.435706 6.21457
0.435606 6.20855
0.435404 6.20054
0.435236 6.19052
0.435172 6.18451
0.435039 6.18051
0.434906 6.17251
0.434842 6.16652
0.434915 6.16652
0.434953 6.1745
0.434924 6.16652
0.434792 6.16254
0.434592 6.15258
0.434426 6.14263
0.434329 6.13467
0.434096 6.12274
0.433829 6.10287
0.433834 6.10486
0.433704 6.09692
0.433777 6.0989
0.433579 6.09098
0.43328 6.07117
0.432982 6.05534
0.432911 6.04743
0.432749 6.03754
0.432654 6.03162
0.432492 6.02175
0.432363 6.01385
0.432269 6.00794
0.432347 6.01385
0.432166 6.00597
0.432039 5.9922
0.431969 5.99023
0.431741 5.9745
0.431681 5.97254
0.431555 5.96665
0.431328 5.95292
0.431202 5.94508
0.431009 5.93332
0.431083 5.93136
0.430858 5.92353
0.430766 5.91766
0.43064 5.90985
0.430482 5.89617
0.430424 5.89032
0.430332 5.88641
0.430175 5.87472
0.43015 5.87667
0.430191 5.87667
0.430166 5.87667
0.430009 5.86889
0.429853 5.85722
0.429729 5.84945
0.429573 5.83781
0.429384 5.82811
0.429196 5.81647
0.429238 5.81841
0.429148 5.8126
0.42896 5.79905
0.428773 5.78938
0.428684 5.78165
0.428618 5.77779
0.428553 5.77199
0.428492 5.76814
0.428422 5.76235
0.42825 5.75464
0.428111 5.74501
0.428046 5.74309
0.428037 5.73924
0.427801 5.72578
0.427565 5.71042
0.427478 5.70466
0.427284 5.69506
0.4271 5.68355
0.426963 5.67397
0.426858 5.66631
0.426785 5.66057
0.42669 5.65483
0.426618 5.64909
0.426513 5.64336
0.426312 5.62999
0.426154 5.61854
0.425953 5.60901
0.425868 5.60138
0.425701 5.59186
0.425437 5.57472
0.42544 5.57472
0.425369 5.56902
0.42517 5.55761
0.425036 5.54812
0.424816 5.53483
0.424745 5.52914
0.424739 5.52914
0.424592 5.51777
0.424522 5.51398
0.424399 5.50831
0.424311 5.50074
0.424114 5.48751
0.424087 5.48373
0.423986 5.47807
0.423827 5.47052
0.423663 5.4592
0.423531 5.44978
0.423431 5.44225
0.423277 5.43472
0.423209 5.42531
0.423078 5.41779
0.422916 5.40839
0.422763 5.40088
0.422727 5.39525
0.42266 5.3915
0.422467 5.37838
0.422284 5.36901
0.422154 5.35777
0.422056 5.35216
0.421926 5.34281
0.421856 5.3372
0.421665 5.32599
0.421536 5.31852
0.421595 5.32039
0.421485 5.31293
0.421325 5.30175
0.421207 5.2943
