0.413586 1.02993
0.413659 1.00611
0.413333 0.982696
0.413023 0.959674
0.41 0.86909
0.414222 0.958224
0.417391 1.02403
0.418723 1.04563
0.418333 1.02435
0.414694 0.919555
0.4144 0.898899
0.412549 0.837808
0.412308 0.817728
0.41434 0.857339
0.416296 0.896419
0.415273 0.857854
0.419286 0.953015
0.418947 0.934226
0.42 0.95278
0.422373 1.00776
0.422667 1.00776
0.424262 1.04353
0.427097 1.11424
0.426667 1.09677
0.426875 1.09677
0.427692 1.11385
0.426061 1.06318
0.425672 1.04647
0.425294 1.02994
0.424348 0.997231
0.425143 1.01341
0.425915 1.02943
0.426111 1.02943
0.425205 0.998041
0.423784 0.951421
0.423467 0.936032
0.422632 0.905552
0.424416 0.950838
0.425128 0.965791
0.426329 0.995421
0.4265 0.995421
