184 162 60 86 1 493
132 213 60 87 1 0 493
132 213 60 87 1 0 493
213 133 59 87 1 493
213 61 132 86 1 493
211 60 134 87 1 0 493
210 134 61 87 1 0 0 493
209 136 86 61 1 0 493
208 136 86 62 1 493
138 206 86 62 1 0 0 493
138 205 87 62 1 493
139 204 62 87 1 493
141 201 88 62 1 493
141 201 62 88 1 0 493
143 200 86 63 1 0 0 493
145 197 86 64 1 0 493
147 194 87 64 1 0 493
148 193 63 88 1 0 493
149 193 62 88 1 493
148 193 62 89 1 0 0 0 493
150 191 62 89 1 493
192 149 62 89 1 0 0 493
192 148 62 90 1 0 0 493
192 148 62 90 1 493
191 147 63 91 1 0 0 0 493
191 147 63 91 1 0 0 0 493
191 147 63 91 1 493
147 191 63 91 1 0 0 0 0 0 493
148 191 91 62 1 493
192 147 91 62 1 0 0 493
191 92 147 62 1 493
192 146 92 62 1 0 0 0 0 493
191 145 94 62 1 0 493
191 95 144 62 1 0 0 0 493
191 95 144 62 1 0 493
190 95 144 63 1 0 0 493
190 95 64 143 1 0 0 0 493
188 65 96 143 1 493
188 65 144 95 1 0 0 493
187 66 145 94 1 0 493
188 144 66 94 1 493
188 143 66 95 1 0 493
144 184 67 96 2 493
144 185 98 65 1 0 493
144 185 98 65 1 493
185 143 99 65 1 493
185 143 99 65 1 0 0 493
185 143 99 65 1 0 0 493
185 143 65 99 1 493
185 144 65 98 1 0 0 0 0 0 0 0 493
186 143 64 99 1 0 0 0 0 493
185 144 64 99 1 0 0 493
185 144 64 99 1 0 0 0 0 493
185 144 64 99 1 0 0 0 493
184 144 64 100 1 0 0 0 0 493
144 184 64 100 1 0 0 493
148 183 100 61 1 493
149 182 62 99 1 0 493
182 149 62 99 1 0 493
181 151 62 98 1 0 493
181 150 62 99 1 0 0 493
181 150 62 99 1 493
181 150 62 99 1 493
180 150 62 100 1 0 493
181 62 150 99 1 0 0 493
181 62 149 100 1 493
181 150 61 100 1 0 0 493
150 181 61 100 1 0 493
151 180 61 100 1 493
151 180 101 60 1 0 0 0 0 0 0 493
151 101 178 61 1 1 0 0 493
151 100 179 62 1 0 0 0 0 0 493
99 150 181 62 1 0 0 0 0 0 493
99 151 180 62 1 0 0 493
100 149 181 62 1 0 0 493
99 181 149 63 1 0 0 0 493
101 180 148 63 1 0 0 493
181 102 146 63 1 0 0 0 0 0 493
180 103 146 63 1 0 493
180 102 146 64 1 0 0 0 493
180 101 147 64 1 0 493
180 102 147 63 1 493
180 147 102 63 1 0 0 493
180 147 102 63 1 0 0 493
180 147 102 63 1 0 0 493
178 148 103 63 1 493
179 147 101 65 1 493
148 178 101 65 1 493
148 178 101 65 1 0 0 0 0 0 0 0 0 493
148 102 177 65 1 493
148 102 177 65 1 493
148 102 177 65 1 0 0 493
149 177 102 64 1 0 493
149 177 102 64 1 0 0 493
149 177 102 64 1 0 0 0 0 0 0 493
149 177 103 63 1 493
178 148 103 63 1 0 0 0 493
179 103 147 63 1 0 0 0 0 0 0 0 0 0 493
179 102 148 63 1 0 0 0 493
178 100 148 66 1 493
178 100 148 66 1 0 493
178 100 66 148 1 0 0 0 0 0 493
178 67 99 148 1 0 0 0 493
178 67 99 148 1 0 0 0 0 0 0 0 0 0 493
67 179 98 148 1 493
180 64 100 148 1 493
180 65 100 147 1 493
180 100 65 147 1 493
99 180 63 150 1 0 493
99 180 63 150 1 493
181 98 63 150 1 0 0 0 0 0 0 0 0 493
181 98 151 62 1 0 493
181 97 152 62 1 0 493
181 97 152 62 1 493
181 97 152 62 1 0 493
181 98 151 62 1 493
98 149 183 62 1 0 0 0 493
98 149 182 63 1 493
98 183 147 64 1 493
98 182 148 64 1 0 493
100 181 148 63 1 0 0 493
100 181 148 63 1 0 0 0 493
100 150 180 62 1 0 0 493
99 180 150 63 1 493
99 179 151 63 1 0 0 0 0 493
98 179 63 152 1 493
98 179 63 152 1 0 0 0 493
177 99 63 153 1 493
177 63 99 153 1 0 0 493
178 63 151 100 1 493
178 151 63 100 1 0 493
178 151 63 100 1 0 0 0 0 493
180 150 63 99 1 493
181 150 63 98 1 0 493
150 181 64 97 1 0 0 0 0 493
150 181 63 98 1 0 0 493
149 181 64 98 1 0 0 0 493
149 181 63 99 1 0 493
181 149 63 99 1 493
182 149 63 98 1 493
182 149 63 98 1 493
182 149 63 98 1 493
182 149 63 98 1 493
182 149 62 99 1 0 493
182 148 100 62 1 493
181 148 101 62 1 0 0 0 493
181 147 102 62 1 0 493
148 181 101 62 1 0 0 0 493
183 147 100 62 1 0 0 0 0 0 0 0 0 493
182 148 62 100 1 0 0 0 0 493
181 149 62 100 1 493
180 150 61 101 1 0 0 0 0 493
180 149 61 102 1 0 0 0 493
180 61 149 102 1 0 0 0 0 493
61 180 149 102 1 493
61 180 149 102 1 0 0 0 0 493
61 180 103 148 1 0 0 0 493
61 180 103 148 1 0 493
61 183 102 146 1 493
61 184 145 102 1 0 0 493
61 184 145 102 1 0 0 0 0 493
61 183 146 102 1 0 0 493
60 182 147 103 1 493
60 147 181 103 1 1 0 493
60 146 183 103 1 0 493
60 146 104 182 1 493
60 106 145 181 1 0 0 493
60 104 147 181 1 0 0 0 0 0 0 493
60 104 147 181 1 0 493
104 59 148 181 1 493
105 148 58 181 1 0 0 493
108 145 59 180 1 0 0 0 0 493
108 145 59 180 1 0 0 0 0 493
109 143 60 180 1 0 0 0 0 0 0 0 493
109 143 180 60 1 0 0 0 0 0 0 0 0 493
143 110 179 60 1 0 0 0 0 0 493
141 111 178 62 1 0 0 0 0 493
140 178 111 63 1 0 0 0 0 493
140 177 112 63 1 493
140 177 113 62 1 493
140 177 113 62 1 0 0 493
140 176 114 62 1 0 0 493
140 176 114 62 1 493
178 140 113 61 1 493
177 141 113 61 1 0 0 0 493
177 143 111 61 1 0 0 493
177 143 62 110 1 493
179 62 142 109 1 0 493
178 142 62 110 1 0 493
178 142 62 110 1 493
179 142 62 109 1 0 493
179 62 141 110 1 493
66 152 146 115 6 8 493
66 159 147 116 4 1 0 0 493
65 160 147 120 0 1 0 0 0 493
62 163 145 122 0 1 493
63 164 144 121 0 1 493
63 167 120 142 1 0 0 0 0 493
63 167 120 142 1 493
63 165 121 143 1 0 0 0 493
64 164 146 118 1 0 493
164 64 146 118 1 0 0 0 0 0 493
163 146 62 121 1 0 0 0 0 0 493
163 147 62 120 1 0 0 493
146 162 64 120 1 0 493
146 162 63 121 1 0 493
146 162 62 122 1 0 493
162 146 60 124 1 0 493
146 162 60 124 1 0 0 493
147 162 59 124 1 0 493
147 161 59 125 1 0 493
161 147 59 125 1 0 0 0 0 0 493
161 146 59 126 1 493
161 59 144 128 1 0 0 493
166 59 120 147 1 493
166 59 148 119 1 0 493
166 60 147 119 1 493
166 148 59 119 1 493
166 147 59 120 1 0 493
165 148 59 120 1 493
142 171 58 121 1 0 0 493
145 165 61 121 1 493
166 145 61 120 1 0 0 0 0 0 0 0 493
166 145 61 120 1 0 0 0 493
166 144 62 120 1 0 0 0 0 493
144 166 62 120 1 0 0 0 493
144 166 120 62 1 0 0 0 493
144 166 120 62 1 0 0 0 493
89 165 175 63 1 0 493
89 164 176 63 1 0 0 0 493
88 165 176 63 1 0 0 0 0 0 0 0 493
166 86 177 63 1 0 0 493
167 86 177 62 1 0 0 0 0 493
147 86 197 62 1 0 0 493
148 196 87 61 1 0 0 0 0 0 0 0 0 493
153 190 87 62 1 0 0 0 0 493
188 154 88 62 1 0 493
189 89 153 61 1 0 0 0 493
189 89 153 61 1 0 0 493
187 91 154 60 1 0 493
186 92 155 59 1 0 493
185 92 157 58 1 0 0 0 0 493
93 185 156 58 1 0 0 0 493
93 185 156 58 1 0 493
94 157 183 58 1 0 493
92 157 183 60 1 0 0 493
92 158 183 59 1 0 493
92 184 157 59 1 493
92 159 183 58 1 493
94 159 182 57 1 0 0 0 0 493
94 182 159 57 1 0 493
182 95 159 56 1 493
182 96 159 55 1 493
182 96 159 55 1 493
182 96 159 55 1 0 493
183 96 158 55 1 493
185 158 95 54 1 493
159 184 95 54 1 493
160 185 54 93 1 493
186 158 54 94 1 493
158 186 54 94 1 0 0 0 0 0 0 493
158 186 54 94 1 0 0 0 0 0 0 493
157 186 95 54 1 0 493
157 186 54 95 1 0 0 0 493
155 186 53 98 1 0 0 493
185 155 53 99 1 493
185 155 100 52 1 0 0 493
185 100 155 52 1 493
186 100 154 52 1 493
186 100 154 52 1 0 493
186 100 154 52 1 0 0 493
103 185 152 52 1 0 0 493
104 183 152 53 1 0 493
181 105 153 53 1 493
181 105 153 53 1 0 0 0 493
180 153 106 53 1 493
180 153 106 53 1 493
183 105 150 54 1 493
182 105 151 54 1 0 0 493
181 105 152 54 1 493
181 153 104 54 1 493
181 104 153 54 1 493
181 104 153 54 1 0 0 493
179 106 153 54 1 493
182 106 54 150 1 0 493
180 107 151 54 1 0 0 493
107 179 151 55 1 0 0 493
108 150 179 55 1 0 0 493
109 150 177 56 1 0 0 493
107 150 179 56 1 0 0 0 0 0 0 0 0 493
108 150 178 56 1 0 493
151 109 176 56 1 0 0 493
152 109 175 56 1 0 0 0 0 493
109 152 175 56 1 493
109 177 150 56 1 493
109 151 175 57 1 0 0 0 0 0 493
109 151 175 57 1 0 0 0 493
109 176 150 57 1 0 493
109 151 175 57 1 0 0 0 493
109 151 175 57 1 493
109 150 176 57 1 493
150 110 175 57 1 493
150 110 174 58 1 493
151 109 173 59 1 0 493
151 112 171 58 1 0 0 493
151 173 110 58 1 0 0 0 0 493
151 173 108 60 1 0 0 0 0 493
150 173 109 60 1 0 493
173 150 109 60 1 0 493
173 150 109 60 1 0 0 0 0 0 0 0 0 493
150 173 109 60 1 0 0 0 0 0 0 0 0 0 0 0 0 493
151 173 108 60 1 0 0 0 493
151 172 109 60 1 0 493
151 171 110 60 1 0 0 0 493
150 171 111 60 1 0 0 0 493
172 147 112 60 1 1 493
173 148 111 60 1 0 0 0 493
172 149 111 60 1 0 0 0 0 0 0 0 0 493
172 111 150 59 1 0 0 0 0 0 493
172 111 150 59 1 0 0 0 0 0 0 493
171 112 150 59 1 0 0 0 0 0 0 0 493
171 112 150 59 1 0 493
171 150 112 59 1 493
171 150 112 59 1 0 493
171 112 150 59 1 493
172 111 150 59 1 0 0 0 0 0 493
172 110 151 59 1 0 0 493
172 110 151 59 1 493
173 110 150 59 1 493
110 173 151 58 1 0 0 493
108 174 151 59 1 0 493
174 108 151 59 1 493
174 108 151 59 1 0 493
148 108 177 59 1 0 0 0 0 0 493
148 177 107 60 1 493
179 148 105 60 1 0 493
179 148 106 59 1 493
178 147 107 60 1 493
177 147 60 108 1 493
178 146 60 108 1 0 0 493
181 146 108 57 1 0 493
180 148 108 56 1 0 493
148 178 109 57 1 493
179 147 109 57 1 493
177 149 108 58 1 0 0 0 0 0 493
150 176 108 58 1 0 0 493
148 178 58 108 1 0 0 0 0 0 493
148 178 110 56 1 0 493
148 178 110 56 1 0 0 0 0 0 0 0 493
148 179 109 56 1 0 0 0 0 493
179 148 109 56 1 0 0 0 493
179 148 109 56 1 493
180 148 109 55 1 0 493
180 148 109 55 1 0 493
180 147 110 55 1 493
181 147 109 55 1 493
182 146 109 55 1 493
183 146 109 54 1 0 0 493
147 182 109 54 1 493
184 145 109 54 1 0 0 493
183 145 110 54 1 0 493
183 146 110 53 1 0 0 493
183 145 111 53 1 0 0 0 493
184 145 110 53 1 0 0 493
185 146 53 108 1 493
147 181 54 108 3 493
147 181 54 109 2 0 493
181 146 56 109 1 0 493
146 179 57 109 2 0 0 493
146 181 108 56 2 0 0 493
146 180 109 56 2 0 0 0 0 0 493
146 179 110 57 1 0 0 0 0 0 493
178 147 110 57 1 493
179 147 109 57 1 0 0 493
147 178 109 58 1 0 493
178 147 109 58 1 0 0 0 0 493
179 146 109 58 1 0 0 0 0 0 0 493
179 146 109 58 1 493
145 179 110 58 1 0 0 0 493
179 145 110 58 1 493
179 145 110 58 1 493
178 145 111 58 1 493
145 178 111 58 1 493
145 111 178 58 1 0 0 493
146 110 178 58 1 0 0 0 0 493
109 146 179 58 1 493
109 179 146 58 1 493
179 109 146 58 1 0 0 0 0 0 493
179 146 109 58 1 493
179 145 110 58 1 0 0 0 0 493
181 145 108 58 1 0 0 493
180 144 108 60 1 0 0 0 0 0 0 0 0 0 493
180 143 109 60 1 0 0 0 0 0 0 493
180 143 109 60 1 0 0 0 0 0 493
179 143 110 60 1 0 0 0 0 0 0 0 0 493
143 177 111 60 2 0 0 0 0 0 0 0 0 0 0 0 0 0 493
143 112 176 60 2 0 0 0 0 0 0 493
141 114 177 60 1 0 0 0 0 0 493
141 113 178 60 1 0 0 493
140 179 113 60 1 0 0 493
140 179 112 61 1 0 493
140 112 179 61 1 493
141 180 111 60 1 0 493
141 178 60 113 1 0 0 493
179 140 60 113 1 0 493
179 140 60 113 1 0 0 0 493
178 140 60 114 1 0 493
141 176 61 114 1 0 0 493
141 176 61 114 1 493
141 61 176 114 1 0 493
141 176 61 114 1 0 0 0 0 0 493
140 177 61 114 1 0 493
140 177 61 114 1 493
141 61 176 114 1 0 0 493
141 176 61 114 1 0 0 493
142 61 175 114 1 0 0 0 0 0 493
142 61 175 114 1 0 493
142 61 175 114 1 0 0 0 0 0 0 0 0 0 493
142 61 176 113 1 493
61 141 176 114 1 493
61 141 175 115 1 493
61 141 175 115 1 493
61 175 141 115 1 493
173 61 141 117 1 493
176 114 60 142 1 493
176 114 60 142 1 0 493
175 115 60 142 1 0 493
175 115 142 60 1 0 493
175 116 142 59 1 0 493
176 115 142 59 1 493
114 176 142 60 1 0 0 493
114 176 142 60 1 493
114 176 142 60 1 493
113 177 142 60 1 0 493
178 111 143 60 1 0 0 0 493
178 111 143 60 1 0 493
180 144 108 60 1 493
180 144 108 60 1 493
180 144 108 60 1 493
144 179 108 60 1 1 493
143 180 108 61 1 0 493
143 180 107 62 1 493
142 180 109 61 1 0 493
142 178 108 64 1 493
142 108 178 64 1 493
108 143 177 64 1 0 493
108 143 177 64 1 0 0 0 493
109 143 176 64 1 0 493
109 143 176 64 1 493
143 109 176 64 1 493
143 110 175 64 1 493
142 111 175 64 1 0 0 493
142 110 176 64 1 0 0 0 0 493
142 110 176 64 1 0 0 493
109 144 175 64 1 493
145 107 176 64 1 0 0 0 0 493
107 144 177 64 1 0 0 0 0 493
106 177 144 65 1 0 493
106 177 144 65 1 0 0 0 493
107 143 177 65 1 0 493
106 143 178 65 1 0 0 493
143 106 178 65 1 493
144 105 178 65 1 0 0 0 493
145 107 175 65 1 0 0 493
145 175 107 65 1 0 493
145 175 65 107 1 493
145 174 66 107 1 0 0 0 0 493
145 66 173 107 1 0 0 0 0 0 1 493
144 65 108 173 1 0 0 0 0 1 1 493
144 65 108 174 1 0 0 0 0 0 1 0 0 0 0 0 0 0 0 0 0 493
146 64 108 173 0 1 0 0 0 1 0 0 493
146 64 108 173 0 1 0 0 0 1 493
146 64 108 173 1 1 0 0 0 0 0 0 0 493
146 65 108 172 1 1 493
146 65 108 172 1 1 0 0 0 493
146 65 108 172 1 1 0 0 0 0 493
65 146 108 172 1 1 0 0 0 0 0 0 493
64 146 108 173 1 1 0 493
65 145 172 109 2 0 493
64 145 172 110 2 0 0 493
64 145 111 171 2 0 493
64 145 111 171 2 0 0 0 0 493
64 145 171 111 2 0 0 0 0 493
64 171 145 111 2 493
170 64 145 112 2 0 0 0 493
64 170 145 112 2 493
64 168 146 113 2 493
65 167 113 146 2 0 493
168 64 113 146 2 493
169 64 148 110 2 493
64 168 149 110 2 0 493
170 61 148 112 2 0 493
171 148 60 112 2 493
173 60 146 112 2 0 0 493
60 173 147 111 2 0 493
59 146 174 112 2 0 0 0 0 493
59 147 174 111 2 0 0 493
59 147 174 111 2 0 493
59 175 147 110 2 0 493
58 176 146 111 2 0 493
58 175 112 146 2 0 0 493
176 57 112 146 2 0 0 0 0 0 493
174 57 113 147 2 0 493
174 57 113 147 2 0 0 493
173 57 147 114 2 493
57 172 147 115 2 493
57 147 174 113 2 493
147 57 174 113 2 493
147 57 174 113 2 493
149 58 113 171 2 493
148 59 113 171 2 0 0 493
148 114 61 168 2 0 0 0 0 493
148 114 61 168 2 493
148 114 61 168 2 0 0 493
148 113 169 61 2 0 493
146 113 63 169 2 0 493
146 113 62 170 2 0 493
147 62 111 171 2 0 493
147 62 170 112 2 493
147 62 170 112 2 0 493
173 62 113 143 2 493
171 61 143 116 2 0 493
169 61 143 118 2 493
168 61 144 118 2 493
168 61 143 119 2 493
170 60 143 118 2 0 0 0 493
60 171 143 117 2 0 493
60 143 171 117 2 0 493
61 143 169 118 2 0 0 0 0 0 0 0 493
61 143 169 118 2 0 0 0 493
61 143 118 169 2 0 0 0 0 493
61 145 118 167 2 0 493
144 61 119 167 2 0 0 0 0 0 0 0 0 0 0 0 493
144 119 62 167 1 0 0 493
119 144 62 167 1 0 0 0 0 0 493
144 119 62 167 1 0 493
144 119 167 62 1 493
142 167 121 62 1 493
150 159 120 63 1 493
146 160 120 66 1 0 0 0 0 0 493
146 160 120 66 1 0 0 493
162 145 119 66 1 493
144 161 121 66 1 493
143 162 121 66 1 493
143 162 121 66 1 0 0 0 493
162 143 121 66 1 0 0 493
142 162 122 66 1 0 0 0 493
142 162 122 66 1 493
162 142 122 66 1 0 0 0 0 0 493
163 122 140 67 1 0 0 0 493
161 142 122 67 1 0 0 493
142 158 123 69 1 0 493
143 158 69 122 1 493
140 158 69 125 1 0 493
120 159 69 144 1 493
121 159 142 70 1 493
122 160 141 69 1 0 0 493
159 122 142 69 1 493
160 121 143 68 1 0 0 0 0 0 0 493
123 159 141 69 1 493
160 123 140 69 1 493
160 123 140 69 1 493
147 124 152 69 1 493
144 153 69 126 1 0 493
143 154 69 126 1 0 0 0 493
156 138 69 129 1 0 0 493
155 138 70 129 1 0 0 0 0 493
153 140 129 70 1 0 0 0 0 0 0 493
152 129 140 71 1 0 0 0 493
150 132 139 71 1 493
150 132 139 71 1 493
149 133 139 71 1 0 493
150 133 71 138 1 0 0 0 493
134 152 69 137 1 0 0 0 0 0 0 0 0 493
135 153 68 136 1 0 0 0 0 0 0 493
135 153 68 136 1 0 0 493
154 134 68 136 1 0 0 0 493
136 153 68 135 1 0 0 0 0 493
156 114 68 154 1 0 0 0 0 0 0 493
157 113 66 156 1 0 0 493
157 113 156 66 1 0 0 0 493
157 114 155 66 1 0 493
157 114 154 67 1 493
158 154 115 65 1 493
154 157 115 66 1 0 493
158 154 114 66 1 0 0 493
154 158 114 66 1 0 0 493
153 114 159 66 1 0 0 0 0 493
153 114 159 66 1 0 493
153 114 159 66 1 493
113 153 160 66 1 0 0 493
113 160 153 66 1 0 493
114 153 159 66 1 493
114 159 153 66 1 0 0 493
114 159 153 66 1 493
114 159 153 66 1 0 0 0 0 0 0 0 493
114 159 153 66 1 0 493
114 159 153 66 1 0 0 493
114 159 153 66 1 0 493
114 159 153 66 1 493
157 113 156 66 1 0 0 0 0 0 493
157 113 156 66 1 0 0 0 0 0 493
157 157 112 66 1 0 493
158 156 112 66 1 0 493
156 158 112 66 1 0 0 493
157 112 157 66 1 493
157 112 157 66 1 493
157 112 156 67 1 493
112 157 156 67 1 493
112 162 150 68 1 493
113 161 150 68 1 493
113 161 150 68 1 0 493
163 111 150 68 1 0 493
112 162 150 68 1 493
112 162 68 150 1 0 0 0 0 0 0 0 493
163 112 68 149 1 0 0 0 493
163 112 68 149 1 0 0 0 493
163 112 148 69 1 0 493
163 149 112 68 1 0 493
149 164 111 68 1 0 493
164 149 111 68 1 0 0 493
162 112 149 68 1 0 0 1 0 493
162 112 149 68 1 0 0 1 0 493
111 163 149 68 1 0 0 1 493
111 162 150 68 1 0 0 1 0 493
111 161 150 69 1 1 0 0 493
112 159 151 69 1 1 493
112 159 151 69 1 1 0 493
113 160 150 68 1 1 493
162 111 150 68 1 1 0 0 0 493
164 150 109 69 1 0 493
163 149 110 70 1 493
148 163 111 69 2 493
146 112 164 71 0 0 493
146 114 71 162 0 0 493
146 71 114 162 0 0 493
146 71 163 113 493
145 164 71 113 493
146 71 163 113 493
153 71 112 157 493
171 113 71 138 0 493
171 113 71 138 493
170 113 73 137 0 0 493
170 113 137 73 0 0 0 493
112 169 138 74 0 0 493
111 137 172 73 0 0 0 0 0 0 493
136 110 174 73 0 0 0 0 0 0 0 0 493
111 134 175 73 0 0 0 493
111 174 134 74 0 0 0 0 493
173 111 135 74 0 493
111 173 135 74 0 493
111 173 134 75 493
111 172 134 76 0 0 0 0 0 0 493
111 172 76 134 0 0 493
111 173 133 76 0 0 493
112 132 172 77 0 493
113 170 132 78 0 0 0 0 493
169 113 133 78 0 493
170 132 113 78 493
170 132 113 78 0 493
170 113 132 78 493
170 114 133 76 0 0 0 493
169 114 134 76 0 0 493
169 114 133 77 0 0 0 0 0 0 493
114 169 133 77 0 0 493
114 171 130 78 0 0 493
170 114 129 80 0 493
171 129 113 80 0 0 0 0 0 0 0 493
171 128 113 81 0 0 0 0 493
171 128 113 81 0 0 0 0 0 493
169 128 115 81 0 0 0 493
170 127 115 81 0 0 493
170 127 81 115 0 0 0 0 493
127 169 82 115 0 0 493
168 128 82 115 0 0 493
128 167 82 115 1 0 493
127 169 116 81 0 0 0 493
126 117 169 81 0 0 0 0 493
125 169 117 82 0 0 0 0 493
125 170 116 82 0 0 0 493
171 124 116 82 0 493
171 124 116 82 0 0 0 0 0 0 0 0 0 493
170 124 117 82 493
170 117 124 82 0 0 493
170 117 123 83 0 0 493
117 171 122 83 0 493
117 171 83 122 0 0 0 493
117 83 171 122 493
117 82 123 170 1 0 493
117 125 82 169 0 493
125 117 82 169 0 0 493
128 117 168 80 493
117 128 168 80 493
127 117 168 81 493
124 117 171 81 0 493
124 117 171 81 0 0 0 0 493
124 116 81 172 493
124 107 81 181 0 0 493
126 108 180 79 0 0 493
96 192 126 79 0 493
189 99 126 79 0 493
189 99 126 79 0 0 0 493
189 99 125 80 0 0 0 493
189 100 81 123 0 493
101 187 82 123 493
101 187 123 82 493
187 100 124 82 0 493
188 101 82 122 0 493
186 102 123 82 493
185 123 103 82 0 0 493
122 185 103 83 493
122 187 83 101 0 0 0 493
124 186 102 81 493
125 185 102 81 493
125 183 103 82 493
125 182 104 82 0 493
182 124 105 82 493
124 181 106 82 493
126 179 106 82 493
127 179 82 105 493
127 180 105 81 0 493
181 125 106 81 0 0 0 493
182 124 106 81 0 0 0 493
182 106 125 80 493
183 106 124 80 0 493
106 182 125 80 0 0 493
106 124 182 81 0 0 0 493
105 123 184 81 0 0 493
123 104 185 81 0 493
123 184 105 81 0 0 0 0 493
123 182 106 82 493
124 181 106 82 493
123 181 106 83 493
123 181 106 83 0 493
123 181 106 83 0 0 0 0 0 0 493
183 122 105 83 493
183 122 83 105 0 0 493
122 183 83 105 0 0 0 493
183 122 83 105 0 493
183 83 122 105 0 493
82 182 124 105 0 493
83 182 106 122 0 0 0 0 0 0 493
82 182 123 106 0 0 493
82 183 106 122 0 493
82 183 105 123 0 0 0 493
183 82 105 123 0 0 493
183 105 82 123 0 0 0 493
105 183 82 123 493
183 105 82 123 0 0 493
105 180 83 124 1 0 493
181 104 84 124 0 0 0 493
181 104 125 83 493
180 104 129 80 0 0 493
180 129 104 80 0 0 0 493
129 179 105 80 0 0 0 493
130 178 105 80 493
130 179 104 80 493
132 178 80 103 0 493
179 131 80 103 493
179 130 81 103 0 493
130 179 81 103 0 0 493
130 81 179 103 0 0 0 493
129 81 180 103 0 0 0 493
130 81 103 179 0 493
130 81 104 178 493
130 81 179 103 0 0 0 0 0 0 0 0 0 493
82 129 179 103 0 0 0 0 493
129 82 178 104 0 0 0 0 0 493
82 130 177 104 0 0 0 493
130 82 177 104 0 0 493
130 82 177 104 0 493
132 176 81 104 0 0 0 0 493
137 174 104 78 493
138 104 173 78 493
138 104 173 78 493
104 138 173 78 493
104 139 172 78 493
104 139 173 77 493
104 138 173 78 0 493
104 173 138 78 0 0 0 493
174 103 138 78 0 0 493
174 103 138 78 493
75 172 144 102 493
74 144 172 103 493
74 144 172 103 493
74 144 104 171 493
144 74 104 171 0 493
74 145 104 170 493
146 74 104 169 493
145 104 74 170 493
150 104 169 70 493
150 104 70 169 493
150 70 104 169 493
70 151 105 167 493
70 103 151 169 0 0 0 493
70 105 168 150 0 0 493
69 105 168 151 0 493
69 105 169 150 493
70 105 150 168 0 493
70 150 103 170 493
151 70 103 169 493
153 69 169 102 0 493
153 168 69 103 0 0 493
153 168 103 69 493
153 168 103 69 0 0 493
153 168 103 69 493
153 168 103 69 0 493
168 153 103 69 493
154 167 103 69 0 0 493
154 167 103 69 493
152 168 103 70 0 493
152 103 168 70 493
103 151 169 70 493
103 169 152 69 0 0 0 493
103 152 167 71 493
152 103 167 71 493
152 105 72 163 1 493
152 71 104 166 0 493
153 69 168 103 0 493
153 69 167 104 493
152 70 167 104 493
70 152 167 104 0 0 0 0 0 0 493
70 167 152 104 0 0 493
167 70 152 104 493
165 70 154 104 0 493
165 70 154 104 493
162 70 157 104 0 0 0 0 0 0 0 493
161 71 157 104 0 0 493
162 157 70 104 0 493
161 72 156 104 0 0 0 0 0 493
162 71 156 104 0 0 0 493
163 157 70 103 0 0 0 493
157 162 70 103 0 0 0 0 0 0 1 0 0 493
164 157 70 102 0 0 0 0 0 0 0 493
165 157 102 69 0 493
159 164 102 68 0 0 0 0 493
159 103 163 68 493
159 102 68 164 0 0 0 0 0 0 0 0 493
102 160 68 163 0 0 0 0 0 493
102 159 166 66 0 0 493
102 159 66 166 0 0 0 0 0 0 0 0 0 493
102 159 167 65 0 0 0 0 0 493
102 159 65 167 0 0 493
102 158 167 66 493
169 102 156 66 0 493
102 169 157 65 493
169 102 157 65 0 0 0 493
169 159 101 64 0 0 493
169 158 64 102 0 0 0 0 0 0 493
158 169 64 102 0 0 493
157 65 169 102 0 493
158 66 167 102 0 0 493
158 168 65 102 493
169 156 65 103 493
169 65 155 103 0 1 0 493
169 156 65 103 0 0 0 493
156 166 68 103 0 493
144 178 68 103 493
145 178 103 67 0 0 0 493
145 178 103 67 0 493
146 175 105 67 493
146 175 105 67 493
174 147 105 67 0 0 0 493
175 105 146 67 493
174 147 105 67 0 0 0 493
147 173 105 68 493
148 172 105 68 493
148 105 172 68 0 0 0 0 493
148 105 172 68 493
148 172 105 68 493
172 149 105 67 493
173 105 148 67 493
106 172 148 67 0 493
106 173 147 67 493
106 147 172 68 0 493
106 146 173 68 493
106 147 172 68 493
106 174 145 68 493
106 144 175 68 493
106 176 142 69 0 493
107 142 175 69 0 493
142 106 176 69 0 0 493
141 177 106 69 493
176 142 106 69 493
140 176 106 71 493
139 107 176 71 0 493
141 177 105 70 493
141 178 105 69 0 493
141 178 105 69 0 0 0 0 0 0 0 0 0 0 493
141 178 69 105 493
141 178 69 105 493
142 69 177 105 493
142 69 177 105 0 493
141 70 106 176 493
141 70 176 106 493
141 176 70 106 493
176 141 70 106 493
177 142 106 68 0 493
177 142 106 68 0 493
144 175 106 68 493
142 106 177 68 0 0 0 0 493
143 106 177 67 0 493
143 177 106 67 493
142 178 106 67 493
143 106 177 67 0 0 493
183 106 136 68 0 0 0 0 0 0 0 0 0 0 493
183 106 136 68 0 0 0 0 0 0 0 493
184 106 68 135 493
183 106 138 66 493
183 106 138 66 493
191 137 66 99 0 493
188 138 101 66 493
187 138 102 66 0 493
187 137 102 67 493
187 137 102 67 0 0 0 493
188 137 102 66 493
188 102 138 65 493
190 100 138 65 0 493
191 138 99 65 0 493
190 140 99 64 493
140 191 98 64 0 0 493
140 98 190 65 0 0 493
140 192 97 64 0 493
141 192 97 63 0 493
141 97 192 63 493
97 140 193 63 493
98 142 191 62 493
98 192 141 62 0 493
194 96 140 63 493
193 96 141 63 493
193 96 139 65 0 493
193 139 96 65 493
192 139 65 97 0 0 0 0 0 0 493
194 138 96 65 0 493
140 193 96 64 0 493
193 140 96 64 0 493
193 96 140 64 493
193 96 139 65 0 493
96 193 138 66 493
194 95 138 66 493
193 138 96 66 0 0 493
193 138 96 66 0 0 493
193 138 96 66 0 0 493
194 96 137 66 493
195 96 136 66 0 0 0 493
195 136 96 66 0 0 0 493
137 194 96 66 493
137 97 193 66 0 0 493
136 97 194 66 493
136 194 97 66 0 0 0 0 493
137 98 192 66 0 493
136 194 97 66 0 0 0 0 493
194 136 97 66 0 0 0 0 0 493
194 98 135 66 0 0 493
194 99 66 134 0 0 493
194 66 99 134 0 0 0 0 0 0 0 493
193 66 99 135 0 0 493
194 66 135 98 493
66 192 136 98 1 0 493
67 192 136 98 0 0 493
67 191 98 137 0 0 0 0 0 0 493
191 67 98 137 0 0 493
191 67 138 97 493
191 137 68 97 0 0 0 0 0 0 0 493
191 137 68 97 0 0 493
137 191 68 97 0 493
192 136 68 97 493
192 68 136 97 0 0 493
193 69 134 97 0 493
193 69 134 97 493
193 69 98 133 493
192 69 134 98 0 0 0 493
191 135 69 98 493
136 190 68 99 0 0 0 0 493
137 190 99 67 0 0 0 0 0 0 0 0 0 0 0 493
137 190 99 67 0 493
139 189 99 66 0 493
190 138 99 66 0 0 0 0 493
189 138 99 67 0 493
138 188 99 67 1 0 0 493
138 188 99 68 0 0 493
189 137 99 68 0 0 0 0 0 0 493
189 137 99 68 0 0 493
189 138 68 98 0 0 493
188 138 68 99 0 0 0 0 493
188 139 99 67 0 493
190 137 98 68 493
189 137 68 99 493
188 139 100 66 493
188 139 66 100 493
188 67 137 101 493
188 66 138 101 0 493
188 66 138 101 493
187 67 138 101 0 493
189 67 100 137 493
191 67 137 98 0 493
191 137 67 98 0 0 493
137 190 67 99 0 0 0 0 0 493
137 191 67 98 493
193 135 67 98 0 493
