0.360667 0.323792 0.123801 0.18966 0.0020147
0.316461 0.37696 0.146473 0.159399 0.000395719 0.000304226
0.289543 0.422008 0.133697 0.152683 0.000284562 0.00175701
0.46556 0.255505 0.116853 0.160293 0.0016171
0.406329 0.137526 0.292699 0.161172 0.00211612
0.422751 0.146019 0.250177 0.179575 0.00112871 5.42297e-05
0.403859 0.278614 0.122007 0.193346 0.00200357 1.86359e-05 8.04218e-05
0.409753 0.296703 0.164698 0.124731 0.00351457 0.000448492
0.430966 0.260136 0.18651 0.114759 0.00752128
0.300488 0.419161 0.167182 0.109626 0.00321493 0.000150613 0.000176348
0.258023 0.427944 0.173715 0.139142 0.00103978
0.271883 0.442076 0.119433 0.164435 0.00216419
0.318716 0.3868 0.175045 0.117449 0.00198729
0.289738 0.395722 0.138721 0.172023 0.00359351 0.000189607
0.268094 0.426596 0.176703 0.120475 0.007938 5.05213e-06 7.46002e-05
0.307779 0.386052 0.188492 0.111033 0.00601777 0.000514654
0.318475 0.404613 0.163255 0.11322 0.000404258 2.71841e-05
0.333667 0.348612 0.136118 0.179832 0.00128516 0.000207013
0.324346 0.346789 0.140953 0.187078 0.000828061
0.292791 0.383007 0.115712 0.204264 0.00287632 0.000426599 3.81262e-05 0.000824743
0.261736 0.4466 0.109535 0.173492 0.00859299
0.391893 0.285402 0.126542 0.188518 0.00721561 7.53563e-05 0.000308893
0.36815 0.335266 0.132572 0.16152 0.00198438 0.000177191 7.32424e-05
0.391654 0.30537 0.148565 0.151504 0.00289386
0.354876 0.317788 0.11741 0.201182 0.00660874 0.00176824 0.000209646 0.000144075
0.407111 0.311638 0.109318 0.167678 0.00324877 6.99146e-05 0.000268808 0.000660779
0.395614 0.291114 0.109664 0.201375 0.00220379
0.302684 0.415399 0.128835 0.145643 0.00404622 0.00208241 0.000354727 0.000596546 0.000153267 0.000160198
0.278654 0.44168 0.15844 0.120603 0.000610313
0.397555 0.279505 0.183739 0.136665 0.00101001 0.00120177 0.000293819
0.372582 0.196557 0.310083 0.114238 0.00614681
0.388505 0.291647 0.191331 0.125866 0.00124977 0.00134993 4.49309e-06 2.04868e-05 2.45846e-05
0.421483 0.287931 0.177914 0.110023 0.00143645 0.000801446
0.397318 0.194711 0.274996 0.127415 0.00175199 0.00291389 0.000839265 3.91256e-05
0.395699 0.200274 0.280966 0.121816 0.00110325 0.000118685
0.410509 0.179137 0.276317 0.130127 0.00241444 0.00109327 0.000368746
0.3805 0.191473 0.133767 0.290405 0.00250147 0.00070289 8.54892e-05 0.000168122
0.389532 0.126705 0.178601 0.299789 0.00474585
0.39651 0.107303 0.310964 0.183442 0.000303077 0.000681761 0.000750815
0.378644 0.144359 0.28419 0.192345 0.000255884 0.000206041
0.338926 0.338682 0.135634 0.184482 0.00227463
0.366336 0.31471 0.136535 0.17807 0.00253794 0.00174024
0.302786 0.381888 0.130068 0.180857 0.00428607
0.295021 0.39765 0.170425 0.130022 0.00571933 0.00114275
0.321377 0.334425 0.200954 0.13701 0.00620248
0.393726 0.277386 0.177064 0.149935 0.00146142
0.382773 0.313377 0.179965 0.120374 0.000990722 0.00124282 0.00119346
0.37881 0.285995 0.204895 0.120766 0.00643932 0.000569362 0.00224447
0.345195 0.317037 0.1378 0.199067 0.00075197
0.358459 0.297304 0.127332 0.209125 0.00411543 0.00180612 9.9135e-05 3.61826e-06 0.00026838 0.000302415 0.000223336 0.000853853
0.387004 0.289728 0.127613 0.192891 0.00139167 0.000122804 0.000770373 5.32836e-05 0.000292139
0.357646 0.308008 0.133981 0.192598 0.00741458 4.31758e-06 0.000282414
0.357449 0.290965 0.153062 0.192951 0.000941835 0.00290084 0.000292656 0.000311754 0.00101746
0.424288 0.247328 0.12947 0.192531 0.00283536 0.00247254 0.000605765 0.000384051
0.394129 0.263525 0.174246 0.158046 0.00646788 0.00343788 5.90544e-05 6.27163e-05 1.62556e-05
0.308043 0.377791 0.138447 0.174474 0.000241135 0.000696728 0.000263285
0.308474 0.351079 0.224303 0.115432 0.000665697
0.314579 0.335666 0.131616 0.215684 0.00228923 0.000164847
0.352726 0.350759 0.114397 0.181111 0.000798582 0.000197051
0.376871 0.315576 0.137636 0.168683 0.000570854 0.000631542
0.381344 0.265301 0.128982 0.221303 0.00125872 0.00111433 0.000673063
0.355448 0.321773 0.110917 0.210313 0.00153334
0.362994 0.315057 0.155136 0.164587 0.00217153
0.371081 0.323783 0.109718 0.193002 0.00156896 0.000666642
0.37042 0.153734 0.285601 0.18934 0.000404782 0.000170444 0.000248731
0.340496 0.153521 0.309418 0.193446 0.00298652
0.328767 0.347241 0.145727 0.174597 0.00244097 0.0002349 0.000895132
0.319044 0.349996 0.128432 0.202078 0.000341681 5.25661e-05
0.301891 0.348178 0.142305 0.206341 0.00111033
0.326556 0.364147 0.185026 0.121968 0.000743626 0.000347919 7.1773e-06 0.000135624 0.000444314 0.000409101 0.000122244
0.309745 0.2281 0.330259 0.130961 0.000484634 0.000266013 8.87176e-05 2.95758e-05
0.293936 0.229198 0.349281 0.125081 0.00146847 0.00029966 0.000572307 5.55981e-05 1.6986e-05 4.99256e-06
0.198495 0.331518 0.36622 0.0996854 0.00145165 0.000427923 0.00191903 4.50844e-05 0.000130663 4.411e-05
0.17406 0.30109 0.389827 0.131045 0.0011027 0.000809356 0.00181643
0.220563 0.276616 0.394147 0.103867 0.000737361 0.000169419 0.00381085
0.213566 0.329869 0.32643 0.120424 0.00671469 0.00104016 0.000259381 0.00160591
0.189087 0.375807 0.328183 0.106534 0.000212249 0.000154095 2.20959e-05
0.356512 0.190125 0.289571 0.155513 0.00156509 0.00235201 0.00113928 0.00272323 0.000193342 0.00027249
0.398002 0.209334 0.259354 0.131499 0.00145226 0.000223764
0.362733 0.211819 0.290353 0.133139 0.00134481 5.84333e-05 0.000300962 1.64466e-05
0.372788 0.219338 0.290985 0.113028 0.00243772 0.00142166
0.353569 0.20093 0.295473 0.149064 0.000792892
0.357167 0.300197 0.204042 0.138171 9.04617e-05 0.00026621 5.86485e-05
0.341923 0.337709 0.205927 0.11205 0.00164499 0.000343231 0.000308041
0.376726 0.282624 0.222597 0.115361 0.00177795 0.000723618 0.000163078
0.365637 0.311875 0.204555 0.115328 0.00256435
0.382721 0.295527 0.205171 0.11652 5.86137e-05
0.336824 0.348341 0.18759 0.126445 0.000758068
0.280078 0.357579 0.197862 0.153162 0.00707302 0.0027304 0.000974826 0.000159295 6.74043e-05 7.67133e-05 0.000144066 1.23537e-05 6.66101e-05
0.292774 0.196313 0.396432 0.110964 0.00325612
0.30577 0.181548 0.38836 0.123464 0.000854849
0.278662 0.162452 0.402683 0.154693 0.0010521 8.32102e-05 0.000300853
0.301709 0.345805 0.222514 0.129766 0.000105488 8.15345e-05
0.277377 0.382524 0.191474 0.145307 0.00304526 0.000170349 5.96846e-05
0.292645 0.353198 0.212568 0.136305 0.00251623 0.000191759 0.00114628 0.000541834 0.000217889 0.000439435 0.000144644
0.300717 0.375005 0.18208 0.136514 0.00532759
0.369708 0.317973 0.216861 0.0916976 0.00181103 0.00152536 4.03195e-05 0.000306706
0.370106 0.163508 0.328416 0.13267 0.00363228 5.16491e-06 0.000503006 0.000194302 0.000567351 5.89503e-05 7.98302e-05 3.13966e-05 0.00010538 8.3827e-05
0.33692 0.20263 0.327742 0.129166 0.0015615 0.000975658 9.46533e-05 0.000580839
0.37888 0.202962 0.305835 0.109427 0.00281668
0.349837 0.215803 0.275041 0.156373 0.00174436 0.000992407
0.346508 0.215749 0.126131 0.296448 0.00191448 0.00236357 0.00527009 0.00216883 0.00287637 0.000381722
0.352545 0.134099 0.1773 0.33007 0.00477629 0.000766152 0.00025474 0.00015175
0.347214 0.154122 0.190859 0.306346 0.000504183 0.000288897 0.000208983 0.000152366 1.55433e-05 1.86493e-05 0.000102172 2.03244e-05 2.45596e-05 9.12264e-05
0.139031 0.345137 0.217103 0.293992 0.0041461
0.392281 0.158806 0.164173 0.282844 0.00168481
0.322188 0.121425 0.244913 0.307978 0.00284065
0.379518 0.213181 0.124605 0.279238 0.00344256
0.203574 0.356217 0.132058 0.304004 0.0031424 0.000502063
0.176556 0.405261 0.134919 0.278794 0.00380599
0.361355 0.193422 0.11162 0.330038 0.000560228 0.000474387 0.00150882 0.000399009 0.00031907 7.57037e-05 0.000185821 3.2353e-05 9.10005e-06
0.391874 0.189867 0.281125 0.132469 0.00413853 0.000521141
0.398441 0.174065 0.31166 0.115388 0.000219513 0.000225287
0.399232 0.214713 0.272984 0.108055 0.00501159
0.407419 0.208384 0.268407 0.113496 0.00222099 1.39679e-05
0.344692 0.240329 0.294976 0.117032 0.00281079
0.199662 0.337174 0.345238 0.116475 0.000406851 0.000592087 0.000283314 0.000123875
0.203829 0.298016 0.385634 0.110431 0.00142154
0.183894 0.364233 0.303631 0.147236 0.000928957
0.183441 0.357651 0.33752 0.115289 0.00539575 0.000441997
0.198702 0.384231 0.301634 0.109188 0.00388993 0.0015122 0.000698414
0.174838 0.404376 0.302527 0.115991 0.00212778 2.33758e-05 2.99203e-05 1.39803e-05
0.196323 0.301364 0.382335 0.119535 0.000348351 4.11189e-05 4.79214e-05
0.183244 0.366412 0.317979 0.125834 0.00651466
0.231641 0.343621 0.304257 0.11854 0.00152141 1.71468e-05 0.000124197 4.63939e-05 0.000230186
0.194355 0.350906 0.111833 0.341046 0.00135416
0.188575 0.401068 0.122825 0.286742 0.000205214 0.000414778 0.000108902 5.30669e-05
0.372002 0.190519 0.136527 0.295164 0.00530663
0.38283 0.136375 0.166542 0.312804 0.00105993 0.000179923 0.000125718
0.371161 0.166342 0.274457 0.183373 0.00463074
0.378696 0.311761 0.131069 0.177393 0.000286117 0.000787415
0.336611 0.320188 0.131766 0.20799 0.00268149 0.000553278 4.12639e-05 0.000112747 5.74284e-05
0.397991 0.30236 0.122603 0.176114 0.000822142
0.373353 0.298441 0.128422 0.196477 0.00288332 0.000361974
0.288525 0.383321 0.116936 0.201367 0.0040242 0.001901 0.00016461 0.0017655 0.00109195
0.260539 0.370569 0.127991 0.237904 0.00225409 0.000416537 0.000122534
0.274232 0.3521 0.164568 0.199406 0.00355952 0.00475054 0.00047754 0.000460038
0.318319 0.346704 0.145762 0.18614 0.00234572 0.000696133
0.372884 0.282194 0.134018 0.210588 0.000313542
0.342108 0.308747 0.129386 0.217105 0.00260037
0.376216 0.285999 0.136051 0.199231 0.00242736
0.34963 0.285515 0.150198 0.212353 0.00227554
0.389764 0.295109 0.122851 0.192128 0.000137341
0.342979 0.301116 0.117017 0.238376 0.00034911 0.000115751
0.362885 0.336899 0.216317 0.0761705 0.00770586
0.353253 0.292562 0.204247 0.147645 0.00185707 0.000174436 7.3897e-05 0.000185723
0.392602 0.291595 0.202612 0.106629 0.00377375 0.00142152
0.256643 0.381398 0.224235 0.12696 0.00314972 0.00316046 0.0030276 0.00107833
0.39637 0.282328 0.193016 0.120883 0.00598594 0.000182177 0.000333473 0.000184897 0.000299567 5.99392e-05 5.08858e-05 9.61622e-06 0.000238236
0.345028 0.314765 0.134333 0.198479 0.00292842 0.00287886 2.23589e-05 0.000925904 0.000574855
0.34516 0.34425 0.133639 0.176431 0.000490612
0.362075 0.303326 0.13361 0.200501 0.000211719 4.519e-05 6.4016e-05 1.25813e-05 0.00011463
0.395885 0.303878 0.0868958 0.208055 0.00409942 0.000407072 0.000356431 0.000421824
0.341697 0.14437 0.297453 0.211983 0.000795912 0.000623512 0.000549963 0.00051381 0.00178165
0.14487 0.404425 0.268705 0.180474 0.00119595
0.118533 0.357347 0.290259 0.232899 0.000750667 0.000142424 1.79668e-05 7.95414e-06 1.89046e-05
0.129468 0.375286 0.184942 0.308629 0.00129595 8.23826e-05 4.14788e-05 0.000108601
0.139271 0.324406 0.224543 0.308208 0.00330471 0.00019661
0.129837 0.357444 0.192702 0.317848 0.00209675
0.130551 0.362669 0.30173 0.203717 0.00124073 3.18433e-05 6.07967e-05
0.132764 0.365393 0.286073 0.211744 0.00236278 0.000429736 0.00104134 9.77023e-05 9.45012e-05
0.12159 0.347295 0.312437 0.215463 0.00277791 0.000269452 0.000129861
0.108183 0.421064 0.280921 0.188036 0.00179549
0.119657 0.318623 0.339197 0.215849 0.00582475 0.00046077 0.000358417
0.114405 0.309437 0.383093 0.187195 0.00475196 0.00110652
0.0935894 0.3253 0.197895 0.376929 0.00622809
0.119101 0.192584 0.27929 0.406736 0.000547487 0.00138956 0.000328478
0.127653 0.235684 0.287795 0.342564 0.00358814 1.82327e-05 0.00210814 0.000342589 4.34262e-05 6.0076e-06 0.000139373
0.133885 0.211236 0.318978 0.333542 0.00151109 0.000786494
0.18949 0.12151 0.287301 0.398649 0.00303767
0.214722 0.276159 0.116009 0.387522 0.00367957 0.000726192 0.000225473
0.204357 0.329837 0.0993037 0.360866 0.00451575 0.000146916 1.15083e-06 0.000631745 3.37471e-05
0.219303 0.300585 0.133957 0.341017 0.00271669 0.000440161 0.000182941 0.00139599 0.000242975
0.178957 0.29625 0.143495 0.376863 0.000890735 0.000373583 0.00035594 0.00111698 0.00130897 0.000207258 4.69322e-05 7.93592e-05
0.204881 0.294949 0.372598 0.122955 0.00161784 0.000124819 0.0013028 9.8896e-05 0.000680845 5.90431e-05 0.000251578 0.000100505 0.000230463
0.321892 0.200086 0.336221 0.136737 0.000943165 0.000867426 0.0013396 0.00118642 0.000190182 0.00025048
0.275876 0.239576 0.336698 0.143714 0.00303326 0.000644321 7.37702e-05 2.0015e-05 0.000188349
0.272841 0.354829 0.23265 0.139118 0.000357648 8.93347e-05 6.77898e-05 1.85621e-05 1.03056e-05
0.287162 0.33418 0.239852 0.137383 0.00126605
0.296243 0.343825 0.224507 0.131068 0.00335225
0.276985 0.367147 0.228445 0.126224 0.00103625 9.67542e-05 5.40581e-05
0.278599 0.35669 0.237885 0.124959 0.000856263 0.00064348 0.000312584
0.26424 0.330378 0.273515 0.128612 0.0024578
0.346282 0.280977 0.245741 0.125475 0.0014588
0.391831 0.246464 0.228438 0.130732 0.00225357 0.000197328 7.24961e-05 1.25606e-05
0.337571 0.323782 0.210777 0.125618 0.00148413 0.000487818 0.000150626
0.405007 0.253949 0.120618 0.218175 0.00211906
0.382687 0.11327 0.296381 0.207518 0.000121386 2.11692e-05
0.33468 0.310506 0.1268 0.225414 0.00236019 0.00011298
0.408817 0.29796 0.107263 0.184401 0.00143848
0.360624 0.3094 0.128079 0.197426 0.0034668 0.000707732
0.381233 0.137066 0.308564 0.166584 0.00654771
0.160112 0.324879 0.26004 0.251604 0.00283514 0.000175252
0.152566 0.273558 0.289048 0.260501 0.020199 0.00325674 0.000257329 0.000509027
0.123271 0.309302 0.324194 0.237662 0.00179698 0.00309344 2.08808e-06 0.000545098 0.000129104
0.131292 0.364147 0.274742 0.227296 0.00143348 0.000905876
0.122403 0.364878 0.275874 0.230687 0.00541042 0.000655022
0.134126 0.337561 0.235674 0.288838 0.00329293 0.00015792 2.35275e-05 2.55598e-05 0.000174697
0.106958 0.341584 0.244993 0.304914 0.00125579
0.12628 0.350243 0.25236 0.265769 0.00212183 0.000282567 0.00124787 0.000965263
0.139137 0.308856 0.31256 0.236275 0.00142818 0.00155062
0.322008 0.156371 0.26679 0.250405 0.00275298 0.000629992 0.000205393 4.42406e-05 0.000338137 0.000436112
0.296953 0.316872 0.127479 0.25461 0.00295698 0.00102323 3.33124e-05 4.9353e-05 2.15978e-05 3.84257e-07
0.316522 0.301403 0.127275 0.252541 0.00150774 0.000413662 0.000230474
0.282311 0.358883 0.139852 0.216106 0.00276305 7.81429e-05
0.306258 0.332249 0.103283 0.245571 0.0125983 4.07521e-05
0.30541 0.306825 0.124949 0.260348 0.00213213 0.000316199
0.30986 0.303191 0.131015 0.253854 0.00189346 9.19491e-05
0.274326 0.335193 0.125872 0.258018 0.00473618 0.00126393 0.000561303
0.282558 0.367302 0.0975684 0.251788 0.000409268 0.000274747
0.308965 0.322196 0.103165 0.26257 0.00174598 0.00120069
0.366113 0.300925 0.097592 0.230862 0.00302369 0.000390575 0.000431766 0.00052184 4.49613e-05 7.85232e-05
0.326396 0.317595 0.14068 0.215191 0.00010942
0.31958 0.12524 0.312087 0.241194 0.00100568 0.000439114 0.000308803
0.333066 0.143074 0.25137 0.27101 0.00147896
0.333298 0.140889 0.288685 0.235983 0.000509486 0.00063428
0.294917 0.105715 0.331707 0.264492 0.00316738
0.359189 0.263272 0.125065 0.252077 0.000331306
0.360384 0.288199 0.133289 0.21462 0.00274977 0.000629083
0.349051 0.280414 0.114373 0.254678 0.00139302
0.295266 0.304283 0.145945 0.250707 0.00138957 0.000914665 0.00118133
0.286696 0.343643 0.113351 0.252455 0.0038404
0.322667 0.321048 0.12609 0.220102 0.00308991 0.00361647 0.000167961 0.00117122 0.000746947 1.2208e-05 0.00022902 0.000612463
0.316309 0.3329 0.0981631 0.249454 0.00175345 0.000126855 0.000548557 0.000436677
0.305464 0.314248 0.139452 0.236522 0.00107127 0.00162187 2.74778e-05 0.000865722 0.000430567
0.259102 0.346824 0.146125 0.241655 0.00411012 0.00163413 0.000302183 0.000187463
0.297207 0.330412 0.251797 0.114908 0.00336516 0.000477827 0.00142253 0.000387159
0.287389 0.337452 0.246966 0.126379 0.000920404 0.000172209 0.000449083 0.000142698
0.228692 0.291834 0.33159 0.146664 0.00084505 0.000372743
0.203557 0.345885 0.344932 0.102559 0.000552727 0.0015649 0.000674157 0.000148167
0.188938 0.342224 0.338005 0.128418 0.000700099 0.000958937 0.000229982 0.000184371 2.331e-05 7.66167e-05 6.52887e-05 0.000171596
0.343865 0.172125 0.350277 0.132602 0.000519386 0.000213739 0.000195189
0.363955 0.164732 0.332997 0.132338 0.00188226 0.000658603 0.000374923 0.00238444 0.000545673
0.324388 0.184341 0.39072 0.0949806 0.00362766 0.0011029 0.000546194
0.311923 0.407792 0.170964 0.104297 0.00232404 6.23113e-05 0.000214119 0.000116064 0.000246128 0.000609257 1.83197e-05 0.000186894 0.00122882
0.323569 0.381486 0.181271 0.111185 0.00102793 0.00104175 0.000110946 7.39929e-05 9.28809e-05
0.377873 0.311287 0.197837 0.106147 0.00226431 0.00340289
0.371438 0.180952 0.310266 0.135594 0.000675749 0.00023105 0.000404921 0.000126903
0.387919 0.201606 0.273736 0.13434 0.000790287 3.13654e-05 0.000988647
0.360654 0.161258 0.350399 0.117819 0.00259197 0.00715095
0.411552 0.187386 0.29153 0.106637 0.00198018 0.00076805
0.397696 0.173451 0.312601 0.104993 0.00617262 0.00116411 0.00118581 0.00201169 0.000512798
0.191781 0.341197 0.36022 0.104364 0.000898709 0.000885872 4.10778e-05 0.00060966
0.182797 0.370612 0.319873 0.124145 0.000992835 0.00109861
0.158349 0.363504 0.350186 0.124657 0.00299119 0.000151983
0.202991 0.305361 0.354339 0.134989 0.00154716 0.000389689 0.000329902
0.171231 0.324401 0.38474 0.116936 0.00212649 0.000523695
0.223345 0.346086 0.309355 0.11895 0.00218217
0.166118 0.325657 0.395669 0.107836 0.00450211
0.181917 0.347766 0.3436 0.118524 0.00353167 0.000753951 0.00255446 0.000132426 0.00121869
0.171105 0.324979 0.362929 0.140925 5.58645e-05 6.44649e-06
0.376091 0.190214 0.302862 0.12935 0.00133436
0.366464 0.19288 0.317184 0.122977 0.000450436
0.4116 0.184866 0.292726 0.109979 0.000762699
0.371423 0.202935 0.346097 0.07888 0.000550679 0.000113442
0.338058 0.217422 0.329916 0.110056 0.00446769
0.349625 0.315164 0.219785 0.113621 0.00168894
0.36776 0.361174 0.152933 0.112317 0.00579605
0.320381 0.384921 0.110398 0.183344 0.000914148
0.37041 0.321341 0.121301 0.184975 0.00196096
0.311395 0.362454 0.120433 0.205053 0.000604051 4.11342e-05 2.00863e-07 5.604e-06 7.43124e-06 5.27555e-06 1.41572e-06
0.367149 0.349103 0.114033 0.169242 0.000449265 3.39282e-06 3.66066e-07 8.26106e-06 8.94279e-07 3.29683e-06 8.24492e-06
0.298679 0.408341 0.179464 0.112429 0.00074673 0.000340202
0.304316 0.417714 0.0909491 0.183429 0.0012123 0.000908905 2.16857e-05 0.0014088
0.340036 0.375447 0.0906496 0.187688 0.00335336 0.00191143 0.000863695
0.37318 0.280815 0.0976259 0.246744 0.0014941
0.375744 0.310711 0.21659 0.0957429 0.000857057 0.000160105 0.000180044
0.405447 0.201899 0.283592 0.106466 0.00258311
0.350356 0.219817 0.316107 0.109508 0.0036731
0.36947 0.21335 0.311022 0.0974678 0.00468764 0.00393139
0.395637 0.194794 0.290051 0.11514 0.00390779 0.000367248 8.4439e-05
0.220398 0.37287 0.303448 0.100395 0.00205238 0.000503579 0.000282763
0.236383 0.386105 0.268949 0.107459 0.000582152 0.000513857
0.376264 0.202893 0.302268 0.11588 0.00268772
0.395671 0.216466 0.290815 0.0923005 0.00307543 0.000726448 0.000665951 0.000202343
0.3878 0.295281 0.203147 0.11286 0.000781608
0.380684 0.308418 0.211464 0.0990438 0.000390695
0.373965 0.230431 0.27878 0.112703 0.00400794
0.374515 0.220136 0.281913 0.121472 0.0014056 0.000231827 0.000224495
0.349806 0.212004 0.321039 0.11487 0.00192659
0.347584 0.34647 0.206406 0.095549 0.00396029
0.381846 0.215693 0.28675 0.113389 0.00232197
0.359258 0.202626 0.315931 0.119656 0.00138951 0.000762874 0.000318853
0.366288 0.218645 0.285971 0.124596 0.00448553
0.365186 0.212322 0.122677 0.295307 0.00303132 0.00120229
0.384574 0.22172 0.32024 0.0714858 0.000446467 0.000397927 0.00113218
0.213178 0.342652 0.323464 0.114225 0.00364307 0.00151094 0.0011175
0.21886 0.285468 0.376123 0.117907 0.000230652 0.00120983 0.000178079
0.211789 0.308851 0.356772 0.114307 0.00453832 0.00149729 0.00190441
0.231362 0.336439 0.293944 0.126746 0.00810318 0.000756268 0.000853879 0.000791662 0.000130802 0.000340981 0.000231767 0.00014566 0.000120339
0.206489 0.319612 0.380837 0.0922975 0.000397178 0.000288845
0.318632 0.215916 0.336228 0.120077 0.00683963 0.00155302 0.000691903
0.27997 0.264506 0.336323 0.112521 0.00267676 0.000639917 0.00115984 0.00197017 0.000155858
0.254565 0.300075 0.324506 0.102524 0.018114
0.197221 0.357793 0.320871 0.119132 0.00497177
0.223957 0.311024 0.322341 0.14177 0.000491563 0.000299984 6.04792e-05 2.32078e-05 9.88004e-06 2.19798e-05
0.208533 0.300022 0.38663 0.101163 0.00130448 0.00163446 0.000557073 8.41788e-05
0.249419 0.342063 0.279397 0.121528 0.0072982 0.000294658
0.24628 0.340444 0.306473 0.105769 0.000298719 0.000673541 6.82791e-06 3.70384e-05
0.233512 0.273212 0.38921 0.0963148 0.00773993
0.216087 0.291649 0.387938 0.103942 0.000383198
0.307307 0.224986 0.327798 0.139408 0.000489067
0.304829 0.214525 0.378682 0.100801 0.00114458
0.290998 0.252703 0.3343 0.119754 0.00144633 0.000548905
0.30031 0.239613 0.338965 0.118647 0.000879117 0.00107292 0.000405958
0.322127 0.326652 0.213334 0.134616 0.00118994 0.000850007 0.00073786 0.000347967 5.7637e-05
0.342221 0.352607 0.200554 0.0993311 0.00447875 0.000245044 0.000175066 0.000126913 0.000227257
0.29868 0.366928 0.211511 0.118784 0.00323592 0.00077202
0.384541 0.323784 0.197284 0.092643 0.00113325 0.000611578
0.356079 0.313672 0.222042 0.105914 0.000859194 0.000171856 0.00020196 0.000244779 3.20667e-05 0.00031162 0.000139679 0.000264376 1.64079e-05
0.313004 0.369409 0.216439 0.0850879 0.012349 0.00188416 0.000335647 0.000193735 0.000444835 0.000788535 1.47581e-05 7.10601e-06 1.34199e-05 5.09984e-06 8.26698e-06 3.46648e-06 2.93431e-06
0.295879 0.367195 0.210081 0.119988 0.00285791 0.000318797 0.00238715 0.00111146
0.299897 0.371817 0.217052 0.109847 0.000662966 0.000496346
0.308693 0.342694 0.200807 0.145856 0.00106894 0.000651084 6.04932e-05 0.00013917
0.306296 0.358044 0.192133 0.140722 0.0021167 0.000347859 0.00027839 2.66175e-05
0.32145 0.324313 0.239033 0.11195 0.00304401 0.000117338
0.35528 0.30282 0.222327 0.113847 0.00403573 0.00140996 6.04454e-05 0.000188016
0.369016 0.304853 0.198706 0.115321 0.00396651 6.28637e-05 0.00352719 0.00148879 0.000971219 0.00146898 6.72131e-05 0.000125748 0.000259973
0.333798 0.231823 0.309043 0.121694 0.00103984 0.000843648 0.000287146 9.82899e-05 0.000575628 0.000596369
0.322839 0.215612 0.340246 0.120848 2.20225e-05 0.000249651 0.000102005 2.40254e-05 3.92722e-05 1.43919e-05 2.09199e-06
0.35252 0.24684 0.306596 0.0906077 0.00067689 0.00026665 0.000696345 0.000889372 0.000146436 0.000115895 6.78798e-05 0.000165891
0.386502 0.207712 0.256474 0.137319 0.0074549 0.00450595
0.348141 0.278922 0.231247 0.14065 0.000743669
0.352415 0.300369 0.244656 0.101774 0.000663292 9.14195e-05
0.311229 0.204712 0.360496 0.121357 0.00214567
0.337789 0.213961 0.30994 0.128812 0.00641404 0.000577941 0.00207879 0.000243067 5.65311e-05 5.31237e-05
0.363411 0.224445 0.292897 0.113959 0.0013472 0.00248449 0.00114108
0.347135 0.262569 0.262076 0.122733 0.0052057
0.32654 0.231182 0.301863 0.140318 9.27284e-05
0.243306 0.331695 0.310763 0.112169 0.000832981 4.43565e-05 0.000824742
0.218488 0.34157 0.327523 0.109952 0.00234195 6.88001e-05
0.353068 0.218206 0.3118 0.111487 0.00391182
0.359917 0.241021 0.288488 0.108132 0.00231799 0.000103973
0.32753 0.188516 0.330645 0.143696 0.0017331 0.00692841 0.000428529 0.000432693 6.26383e-05 2.36244e-05
0.309731 0.373952 0.211646 0.102315 0.0023538
0.376975 0.34019 0.20025 0.0811066 0.000927308 0.000508018
0.376776 0.284768 0.220315 0.116581 0.00142804
0.380066 0.272399 0.232887 0.113292 0.00109787
0.321786 0.323602 0.131475 0.216946 0.00615484
0.387361 0.276305 0.0943079 0.237822 0.00336384 0.000116937 0.000704565
0.369847 0.29582 0.21211 0.116597 0.00519807 9.06197e-05
0.376006 0.288981 0.236739 0.095588 0.00147329 0.0011853
0.295407 0.363562 0.22855 0.109424 0.00297154
0.367844 0.287994 0.23625 0.106204 0.00139637
0.365638 0.287851 0.213304 0.12742 0.000574925 0.00145229 0.00109264 0.00157017 0.000481558 0.000199326
0.294223 0.363043 0.22138 0.117531 0.00230923 0.00124518 0.00010052
0.326015 0.337321 0.102486 0.232402 0.000694143 0.000296228 0.000267578 0.000274594 3.42265e-06 0.00012353
0.332049 0.348389 0.219191 0.0970245 0.00218404 0.000923061
0.283241 0.364032 0.224311 0.123202 0.00290985 0.000104407 0.000390051 0.000724575 0.000594002 0.000150275 4.67594e-05 0.000200784
0.296495 0.362405 0.223804 0.111683 0.00179381 0.00280545 0.000347619 0.000305561 0.000256322
0.379696 0.26535 0.225925 0.125303 0.00135 0.00174206 9.88067e-05 0.000266156
0.344351 0.316625 0.237253 0.0983542 0.00252615
0.335762 0.337304 0.229816 0.0946844 0.00193414 0.000499191
0.397621 0.296214 0.20615 0.0943489 0.00476193 0.000884494
0.373716 0.276131 0.238291 0.105529 0.00621946
0.334083 0.317144 0.240369 0.106302 0.00201221
0.384179 0.30513 0.206365 0.1011 0.00287633
0.382495 0.275985 0.232097 0.107387 0.00174339 0.000121678 0.000158385
0.330838 0.36539 0.214305 0.0875987 0.00186404
0.398196 0.308466 0.185469 0.103753 0.00390821 0.000149118 5.80822e-05
0.364575 0.303691 0.246376 0.0798976 0.00231075 0.0030184
0.357488 0.318037 0.212973 0.111071 0.000306921 9.52368e-06 9.70534e-05
0.364408 0.31571 0.197368 0.11899 0.0013995 0.00190387 8.08186e-05 0.000132889
0.384008 0.286579 0.209768 0.118912 0.000448746 3.84605e-05 0.000168269
0.364878 0.294839 0.111613 0.228111 0.000491314
0.304615 0.360078 0.125663 0.202883 0.00647159
0.280393 0.38477 0.111478 0.221565 0.00160256 0.000180759
0.3725 0.324032 0.0906309 0.20987 0.00193187 0.000594094
0.288293 0.360698 0.104933 0.241866 0.00185833 0.00194107 0.000364203
0.309132 0.325236 0.224423 0.136981 0.00277066 0.00072184 0.000458683
0.294288 0.394321 0.208677 0.0963871 0.00457293 4.77633e-05 0.00115307 0.000240619 0.000136304 4.2912e-05
0.292715 0.361548 0.228588 0.111653 0.00244934 0.00219317 0.000739814 4.91369e-05 3.95315e-05 1.96168e-05
0.385074 0.286806 0.206287 0.119196 0.00244837
0.352223 0.315537 0.219703 0.105171 0.00463063 0.00129938 0.000554359
0.313694 0.353447 0.23772 0.093408 0.0012508 0.000336298
0.345114 0.290597 0.22731 0.131783 0.00285322 0.000581625 0.000358404 0.000436465 0.000652536
0.375131 0.263869 0.237984 0.120317 0.00140979 0.000145721 0.000394283 0.000630896 8.87883e-05 6.03847e-06 1.34306e-05
0.345729 0.34632 0.198065 0.109445 0.000372187
0.279452 0.37977 0.202932 0.13749 0.000211347 3.87327e-05 7.97062e-05 2.54327e-05
0.371037 0.329629 0.194954 0.102591 0.00178949
0.410122 0.287015 0.192192 0.108659 0.00196841
0.37802 0.24962 0.243821 0.127161 0.00137383
0.291471 0.385014 0.188715 0.134166 0.000634155
0.330835 0.224047 0.34116 0.0997364 0.00158081 0.00101296 0.000952895
0.31294 0.234636 0.363194 0.0853175 0.0023618 0.000965051 0.000471951 3.09336e-05 7.22294e-05
0.222554 0.32023 0.362337 0.0947048 0.000147932
0.208087 0.363031 0.288908 0.138122 0.00161406
0.370685 0.201466 0.305868 0.12032 0.000939643 0.000179916 0.000345537 7.01496e-06 8.77323e-05 6.86475e-05
0.340253 0.312774 0.240238 0.105805 0.000907747
0.376826 0.282411 0.223222 0.10686 0.0058367 0.00118767 0.00135934 0.000899758 0.000869576
0.355944 0.314497 0.203702 0.123795 0.00130161 0.000508956 0.000237222
0.353279 0.294803 0.227002 0.122107 0.00168159 0.000277281 1.18165e-06 0.000123432 4.22115e-05 0.000261786 3.15554e-05 0.00015274 2.72625e-05 0.000126101
0.36113 0.290583 0.215993 0.118046 0.00482403 0.00154246 0.00380302 0.00126729 0.000190346 0.000947045 0.000600634
0.382371 0.278853 0.231778 0.0992332 0.00332526 0.0024932 0.000166754 0.000115258 0.000235093 0.000456208
0.373397 0.29669 0.227689 0.0969961 0.00282365 0.000316959 0.00154566 0.000244323 1.17287e-05 7.26042e-05 0.000124009 1.42417e-05 3.88409e-05
0.25893 0.399322 0.229077 0.103314 0.00176176 0.00195518 0.00120621 0.00128372 0.000140776 0.00180419 0.00031252 0.000297432 1.65979e-05 3.79694e-05 6.11902e-05 5.68625e-05 0.000231953 0.000129192
0.322517 0.178645 0.37144 0.119135 0.000921435 0.00222864 0.00134485 0.00079092 0.000877253 0.000156409 0.00151224
0.245348 0.218177 0.387802 0.133819 0.00814021 0.00280739 0.00326453 0.00014864 0.000128346 0.000358738
0.272174 0.244203 0.344182 0.133763 0.00546398 0.000182334 1.3021e-05
0.320136 0.37072 0.209105 0.0953261 0.00365281 0.000960899 9.82384e-05
0.278109 0.37239 0.221692 0.119073 0.0066208 0.00206453
0.321675 0.206084 0.345928 0.126002 0.000300178
0.284462 0.362528 0.206789 0.140167 0.00512203 0.00073169
0.291571 0.347535 0.124467 0.228337 0.00460247 0.00185387 0.00161794
0.406943 0.276456 0.111034 0.205007 0.00047356 7.53634e-05
0.33637 0.277033 0.154982 0.227761 0.00126168 0.00219181 0.000104804 0.00017353
0.351957 0.27596 0.143611 0.222325 0.00413596 0.00193826
0.286945 0.332404 0.115406 0.260611 0.00235439 0.000701204 0.00145238
0.266162 0.391318 0.120791 0.220319 0.00136587
0.294806 0.136513 0.327649 0.239438 0.00127607 0.000313056
0.324869 0.337431 0.102724 0.231935 0.00182902 0.00078437 1.55665e-05 6.8203e-05 5.35261e-05 0.000115943
0.271248 0.34105 0.110723 0.272952 0.00189174 0.00173444
0.309369 0.342168 0.140591 0.204497 0.00292662
0.29489 0.10705 0.355353 0.240856 0.00159177 2.99172e-05 0.000148358
0.261339 0.382761 0.131101 0.22111 0.00159721 0.000709712 0.00137324
0.254245 0.132408 0.391182 0.218685 0.00303629 0.00037622 1.66653e-05 3.09403e-05 1.3782e-05 5.26831e-06
0.287358 0.113778 0.342015 0.2488 0.00699272 0.00100486
0.297518 0.127247 0.3514 0.211234 0.00970771 0.000996445 0.00180517 4.16237e-05 3.73882e-05 6.63369e-06 2.50421e-06 2.68411e-06 2.31511e-07 7.56635e-07
0.301712 0.121756 0.337945 0.23138 0.00687162
0.109796 0.308375 0.358924 0.221109 0.00172653
0.139498 0.294313 0.328211 0.236065 0.00155678
0.109388 0.304553 0.354536 0.229456 0.00191553
0.125528 0.331575 0.301653 0.23776 0.00328345
0.355601 0.119986 0.305867 0.213841 0.00436443
0.325416 0.289736 0.0873119 0.297448 7.21159e-05
0.361727 0.235118 0.104352 0.297374 0.000807416 0.000361099
0.378092 0.239504 0.0927946 0.287841 0.00138615 0.00038164
0.299968 0.269198 0.304885 0.123436 0.00198361 0.000527644
0.410359 0.241377 0.234389 0.11206 0.00123904 0.000265239
0.312777 0.248649 0.300009 0.136559 0.00182632
0.209074 0.36826 0.270585 0.14888 0.00220676 0.000299377 0.000655473
0.232378 0.353176 0.300676 0.11159 0.00209166
0.232204 0.366502 0.292696 0.108542 4.25647e-05
0.234312 0.346539 0.314608 0.0996702 0.00445324 9.11262e-05
0.371137 0.249672 0.264564 0.113099 0.000379821 0.000346325 0.000323575 0.000285692
0.408615 0.191093 0.276884 0.12095 0.00188644 0.0004668
0.341175 0.306031 0.256557 0.094884 0.00135342
0.367373 0.259873 0.245744 0.120261 0.00627987
0.345066 0.321787 0.212101 0.119551 0.00136131
0.287059 0.388998 0.181551 0.141572 0.000458596 0.000188533
0.300697 0.366477 0.224087 0.10403 0.00359698 0.00108291
0.246145 0.384115 0.219557 0.146833 0.00329933
0.243342 0.411466 0.214867 0.12638 0.00206612 0.0017456
0.284693 0.365041 0.23569 0.108369 0.00576692
0.265313 0.249557 0.371782 0.106496 0.00682239
0.257303 0.279521 0.328894 0.130617 0.00302924 0.000607111
0.214785 0.307317 0.3582 0.114765 0.00461531 2.81783e-06 0.000129845 9.19212e-05
0.232821 0.287436 0.351929 0.120013 0.00517419 0.00215817
0.228474 0.297701 0.354151 0.11755 0.00211928
0.279696 0.238719 0.357219 0.122218 0.00188507
0.307507 0.202009 0.357813 0.132312 0.000290108
0.294929 0.224934 0.345948 0.1339 0.000209763 5.00601e-05 2.33913e-05
0.298906 0.233876 0.326255 0.134301 0.00627051 1.8827e-07 7.31575e-05 5.61621e-05 0.000219306
0.280713 0.208817 0.369965 0.138646 0.00065163 0.000787128 0.000312863
0.226304 0.292644 0.343276 0.135232 0.00250124
0.290291 0.229446 0.350766 0.11942 0.00696927 0.000989434 0.000788445 4.45332e-06 0.000870449
0.213737 0.267061 0.407558 0.107259 0.00111078 0.000987624 0.00145937 5.96445e-05 0.000591888
0.204998 0.392002 0.273482 0.128377 0.000532174 0.00037302
0.1966 0.391942 0.284973 0.11427 0.00100475 0.00833607 0.00107559 0.00173783
0.243924 0.288892 0.333347 0.131664 0.00165646 0.000381924
0.22189 0.287917 0.371682 0.11391 0.00135154 0.00165609 0.00124921
0.271787 0.240102 0.363542 0.121109 0.00304926
0.284267 0.247373 0.330631 0.136342 0.000988212 3.33046e-05 0.000220546 0.000120361
0.306326 0.227137 0.337824 0.1257 0.00231216 3.48119e-05 0.00063649
0.271574 0.34979 0.236866 0.137701 0.00161783 0.00185986
0.266174 0.347758 0.128342 0.257093 0.000593441
0.312455 0.330779 0.105287 0.245012 0.00321228 0.000472236 0.00147454 0.000662971 0.000539838
0.311804 0.154172 0.330511 0.195592 0.00344462 0.000694754 0.0017746 0.000558694 0.00111802 0.000101554 0.000205283
0.256226 0.161534 0.213499 0.359014 0.00737884 0.00111028 0.000252548 0.000429789 0.000107708 5.22441e-05 0.000235279
0.323905 0.117632 0.231341 0.321152 0.00122678 0.000889513 0.0019093 0.00102747 0.000339122 1.5831e-05 1.59437e-05 7.50205e-05 0.000170586 6.37616e-06 0.000262133 2.56378e-06 5.16251e-06 1.55343e-05 3.68946e-06 4.36199e-06 2.38267e-07
0.294082 0.0990823 0.247895 0.348545 0.00218547 0.0017604 0.00114753 0.0033157 6.13771e-05 0.000518514 0.000550233 0.000616744
0.328725 0.12462 0.192096 0.344445 0.0017801 0.000831334 0.000569606 0.000375287 0.00133365 0.00477728
0.288717 0.152688 0.21184 0.344216 0.000651617 0.000618332 0.000512222 2.62192e-05 0.000219331 0.000122979 4.13089e-05 0.000231958 6.28156e-05
0.293084 0.151305 0.237825 0.314174 0.00150525 0.001645
0.297467 0.14769 0.194496 0.356452 0.00128353 0.000643438 0.00170501 0.000219051 1.43672e-05
0.316533 0.131456 0.22094 0.327276 0.00118057 0.000891966 0.00115082 8.06078e-05 0.000259204 0.000166613
0.132488 0.261436 0.22331 0.374642 0.00499215 0.00206392 0.000526271 0.000420197 8.60786e-06 2.04495e-05 1.25802e-05 6.94277e-05
0.13048 0.309833 0.221113 0.333341 0.00155158 0.00250836 0.0005626
0.111397 0.303889 0.340505 0.243536 0.000441968 0.000125767
0.138491 0.306274 0.352044 0.186707 0.0115823 0.00214046 0.00229561
0.117466 0.28396 0.217679 0.375745 0.00477423 0.000134063
0.15528 0.266862 0.24699 0.328497 0.00139505 0.000321339 0.000126498 0.000235033 0.000246599
0.133965 0.291472 0.350782 0.216524 0.00630288 8.07318e-05 0.000261095 0.000168969 5.78126e-05
0.104502 0.345543 0.288659 0.257114 0.00406549
0.327803 0.144824 0.275758 0.236632 0.011087 0.00133723 0.00140028 0.00115823
0.157652 0.331219 0.273367 0.237304 0.000420566
0.125288 0.356433 0.312759 0.198067 0.00727354
0.127595 0.351326 0.23323 0.283097 0.00416402 0.000568736
0.358754 0.135327 0.228757 0.276409 0.000591495
0.340547 0.125367 0.320882 0.209984 0.00321899
0.138261 0.285566 0.319408 0.244825 0.00540316 0.00586352
0.310455 0.12746 0.30287 0.252236 0.00448608 0.00127041
0.345992 0.309827 0.137818 0.198573 0.00771714
0.356779 0.136942 0.292819 0.206578 0.00347627 0.00100163 0.00220793
0.136982 0.302069 0.30967 0.247398 0.00271938 0.000709484
0.110128 0.304727 0.370522 0.20947 0.00260921 0.00170981 0.000198519 0.000134792 0.000445816
0.100868 0.267791 0.377274 0.249097 0.00265854 0.00204793 9.13014e-05
0.147499 0.269625 0.329982 0.249253 0.0033121 0.000315908
0.0875758 0.362288 0.320254 0.226763 0.00254787 0.000569703
0.111271 0.325023 0.323942 0.234124 0.00505464 0.000340268
0.126267 0.353964 0.231682 0.285105 0.00265507 0.000238907 8.7948e-05
0.332241 0.121024 0.231891 0.312475 0.00115251 0.000902059 9.05e-05 0.00011985 3.40672e-05 5.98665e-05
0.369697 0.128464 0.229357 0.262318 0.00689219 0.000971087
0.368209 0.118676 0.240848 0.263865 0.0054019 0.00241399 0.000461791
0.366545 0.120968 0.300347 0.210127 0.002012
0.109004 0.35628 0.316974 0.212092 0.0053924
0.119127 0.293473 0.384891 0.198207 0.00430252
0.28769 0.1193 0.358069 0.233104 0.00183586
0.297416 0.111674 0.369664 0.219901 0.00132491
0.283035 0.0966641 0.226652 0.389666 0.00389795
0.327745 0.152957 0.209191 0.304539 0.00247108 0.00183496 0.00114078
0.305926 0.240963 0.109699 0.33915 0.00110996 0.000286899 0.00114725 0.000974014 0.000743135
0.314301 0.229056 0.123057 0.329146 0.00423326
0.318035 0.205431 0.122892 0.350199 0.00198017 0.00119889 0.000198607
0.292019 0.269984 0.29306 0.141315 0.00307721 0.000322695
0.282362 0.216252 0.134422 0.356361 0.0101963 0.000405417
0.273804 0.249813 0.10844 0.358917 0.00826053 0.000728654
0.287993 0.115421 0.241836 0.350272 0.00338599 0.00101734
0.279185 0.129329 0.359384 0.230518 0.00133639
0.293212 0.125986 0.317603 0.260377 0.00258388 0.00016889
0.337858 0.121654 0.199671 0.327839 0.0128856
0.356256 0.163591 0.250768 0.222931 0.0058886 0.000564848
0.332829 0.150979 0.272703 0.233148 0.0101706
0.323227 0.13915 0.287565 0.248215 0.00184256
0.341806 0.140092 0.283424 0.228516 0.00561123
0.362591 0.125493 0.300679 0.205001 0.00593714 9.52773e-05 5.63802e-05 0.000114669
0.14284 0.325397 0.301131 0.225103 0.0044294 0.000862832
0.112083 0.262452 0.360133 0.255074 0.00616231 0.00390876
0.135041 0.303077 0.315523 0.238462 0.00465995 0.000275505 0.00118966 0.00098371 8.66137e-05 4.34485e-05 0.000129079 0.000523497
0.116808 0.301315 0.329849 0.248818 0.00229557 0.000142452 0.000257247 0.000258204
0.106299 0.298897 0.240697 0.347837 0.00207586 0.00117378 0.00122597 0.00103224 0.000723647
0.122797 0.294328 0.233125 0.341879 0.00692398 0.000412033
0.287788 0.132606 0.255472 0.317365 0.00384375 0.000659183 7.95761e-05 0.000543168 9.07753e-05 0.000619233 0.000348115 0.000376689 2.50272e-05 8.09132e-05 3.52021e-05 2.29833e-05
0.283876 0.220349 0.14309 0.346656 0.00335337 0.00134055 0.000960295
0.261346 0.28181 0.142129 0.312287 0.00194035 9.9716e-05 0.000105462 3.75423e-05 0.000128366 0.00011365
0.32644 0.234618 0.123587 0.312553 0.00224696 0.000142533
0.298379 0.243333 0.313506 0.14113 0.0035847
0.268753 0.324782 0.285571 0.115849 0.00495444
0.327213 0.314537 0.238219 0.117942 0.00188956
0.306871 0.310504 0.246125 0.136053 0.000152114 6.98201e-05 2.27032e-05 9.59752e-05 6.69382e-05 2.88182e-05
0.350473 0.299348 0.230789 0.115685 0.00108471 0.00185509 0.000507787
0.345739 0.2859 0.232172 0.135456 0.000583975
0.297036 0.338116 0.21596 0.138245 0.0106387
0.31244 0.32472 0.253545 0.104796 0.00427728
0.272963 0.331471 0.281066 0.110978 0.00240281 0.000351572 0.000190477 0.000555957
0.347616 0.283603 0.231878 0.132972 0.00267081 0.000928593 0.000291593
0.283717 0.341958 0.23577 0.131475 0.00426589 0.00161278 0.000280646 0.000884189
0.293412 0.348912 0.23072 0.124167 0.00223344
0.342513 0.253858 0.241279 0.159691 0.000549 0.000602636 0.000493673 0.000482124 0.000291215 0.000205834
0.319612 0.272985 0.275184 0.125928 0.00154007 0.00367818 0.000609188 0.000366338
0.274085 0.29283 0.263232 0.163263 0.00532693 0.000721633 0.000419719
0.301984 0.301657 0.246773 0.148229 0.000646836 0.000635071
0.318438 0.344355 0.120608 0.214928 0.00108556
0.270484 0.324434 0.155092 0.245664 0.00389721 0.000419314
0.24516 0.358357 0.126481 0.268347 0.00165465
0.264057 0.306391 0.290726 0.13693 0.00182101
0.208833 0.341423 0.293398 0.154898 0.00100702 0.000354173 5.83448e-05
0.296326 0.239475 0.308936 0.151153 0.00409811
0.359427 0.211893 0.289236 0.135802 0.000617637 0.000761199 0.000472846 0.00134162 0.000350173 5.08987e-05 3.36696e-05
0.243726 0.37386 0.247396 0.133968 0.000857336
0.335864 0.249353 0.264277 0.148039 0.00217538
0.339612 0.233877 0.275448 0.148489 0.00210588
0.328605 0.215871 0.316623 0.137532 0.00116598
0.314137 0.268399 0.129699 0.279968 0.00734163 0.000250067
0.288855 0.31212 0.145099 0.252898 0.000385256 0.000371279 6.41587e-05 0.000188805
0.328417 0.303629 0.13887 0.220285 0.00830581 0.000233474 0.000232222
0.316714 0.295591 0.142701 0.242317 0.000537208 0.0013118 0.000183659 6.37544e-05 0.000241283
0.314385 0.277951 0.263027 0.140684 0.00198845 0.0008476 0.000102813 8.40802e-06 0.000342345 0.000285475 3.15048e-05
0.286347 0.264653 0.304653 0.141239 0.000733025 0.00104356 0.00100641 0.000273643
0.318878 0.247413 0.258019 0.172727 0.00277441
0.292742 0.300316 0.290912 0.115029 0.000860117
0.297545 0.258012 0.282537 0.160128 0.000664325 0.000712664
0.305046 0.287266 0.141637 0.261378 0.00255916 0.000476771 0.000791881 0.000608837
0.290417 0.296896 0.126555 0.283304 0.00107588 0.000859482 6.09551e-05 0.000241086 0.000122528 0.000204977 0.000176972 2.48859e-05 3.64965e-05
0.257436 0.354069 0.111825 0.273098 0.000104284 0.00203659 0.000992283 0.000166419 9.73976e-05 3.99548e-05 6.89437e-05
0.263788 0.291992 0.126402 0.31644 0.000520554 0.000103388 0.000725269
0.313048 0.263305 0.160883 0.260159 0.00101361 0.00081508 1.17444e-05 0.000596497
0.263353 0.351558 0.135391 0.24759 0.0011907 0.000142355 0.000429043 0.00019522 0.000130282
0.289197 0.253828 0.155588 0.299026 0.0012485 0.000816126 0.000124918 7.94237e-05 1.341e-05 7.56695e-06 3.17832e-05
0.335346 0.217214 0.131952 0.314378 0.000312303 0.000313055 0.000446467
0.32901 0.239944 0.289812 0.136598 0.00391214 0.000503539 6.1622e-06 0.000200133
0.290562 0.220066 0.314912 0.171503 0.000505845 0.00228982
0.308083 0.236782 0.333102 0.120057 0.00185465
0.311024 0.34356 0.20364 0.139558 0.00221247
0.36808 0.310287 0.200446 0.116644 0.00415707 0.000353394
0.289433 0.338379 0.224266 0.141223 0.00250599 0.00145199 0.00237544
0.316813 0.320689 0.220783 0.130481 0.00890441 0.00212721 0.000151821
0.302648 0.228701 0.322066 0.139797 0.00488865 0.000610492 0.000996664 1.31004e-06 0.000230531
0.322503 0.191881 0.366319 0.119062 0.00019812 2.97622e-05
0.314382 0.237361 0.280051 0.165378 0.00219757
0.250889 0.311469 0.308829 0.122232 0.00417548 0.00103096 0.000696738
0.265834 0.261593 0.336009 0.135897 0.00042985 0.000234739
0.216343 0.305859 0.338368 0.138594 0.000735112
0.232949 0.339753 0.277484 0.144104 0.000589301 0.00392832 0.0011476
0.230478 0.324007 0.3016 0.137897 0.00585766
0.217407 0.342623 0.320299 0.115938 0.00346364 8.79852e-05 5.18393e-05 6.94043e-05 5.37515e-06 2.67683e-06 3.22098e-05 1.8239e-05
0.206446 0.313774 0.340861 0.137428 0.00119644 0.000243245
0.246822 0.31605 0.282269 0.15273 0.00111343 0.000310748 0.00063528
0.190026 0.305777 0.354153 0.146696 0.00197302 0.000895334
0.234046 0.34155 0.295925 0.125349 0.00259344
0.32829 0.222075 0.322022 0.124843 0.00219695 3.28868e-05 0.000353505 0.000102657 2.43129e-06 3.96146e-05
0.329767 0.195473 0.3517 0.120947 0.00180386 5.68652e-05 5.8893e-05 3.53411e-05 4.14932e-05 6.07903e-05
0.311776 0.31235 0.235146 0.135857 0.00366063 0.000983278
0.307109 0.34419 0.199541 0.147092 0.000998602 0.00099227
0.286592 0.357755 0.227917 0.126009 0.00114265 0.00049838 8.23394e-05
0.366009 0.217658 0.294691 0.116983 0.00368931
0.31931 0.197813 0.358548 0.123342 0.000970611
0.322336 0.240331 0.294293 0.14216 0.000872052
0.220817 0.318151 0.32342 0.13656 0.00086545
0.218231 0.327981 0.311102 0.142422 0.000263819
0.189627 0.372774 0.306962 0.12944 0.00102885
0.246378 0.32875 0.276599 0.145316 0.00191377 0.000977542
0.324765 0.231936 0.291498 0.149252 0.000350602 0.00211369
0.221487 0.325879 0.301559 0.145365 0.00472547
0.185561 0.339042 0.14786 0.324375 0.00246049 0.00025496 2.43458e-05 3.70521e-06 4.65152e-05 3.10428e-05 9.76705e-05 0.000219623
0.314181 0.230054 0.161078 0.289258 0.0035201 0.000719651 8.23455e-05 0.000548787
0.324359 0.227726 0.167425 0.279722 0.00054332 1.4254e-05 0.000105961 5.93072e-05
0.323614 0.246963 0.289311 0.136233 0.00184337 0.00193294
0.325273 0.318709 0.213141 0.139905 0.00241723 0.000347184
0.280744 0.337059 0.248955 0.130902 0.00167782 0.000478735
0.333335 0.328164 0.182298 0.154706 0.0010015 0.000153816 0.000314299
0.295753 0.220513 0.326301 0.154701 0.00149128 0.000151286 0.000688803 2.73361e-05 0.000186764
0.29894 0.213897 0.341046 0.142483 0.00174038 0.00133148 0.000299153 0.000107288 0.000155076
0.189399 0.31653 0.309915 0.178053 0.00136678 0.00308658 0.000335128 0.00120931
0.230887 0.337129 0.285795 0.136381 0.00621919 0.00222374 0.000686919 0.000323525 0.000347619
0.225374 0.313209 0.305505 0.151989 0.00131134 0.00249596 0.000115308 3.81853e-08
0.255122 0.302736 0.281623 0.155571 0.00461684 0.000329755
0.214434 0.319903 0.304542 0.152991 0.00748731 0.000263445 0.000378792
0.247902 0.315984 0.29283 0.136918 0.004631 0.00166232
0.355651 0.245688 0.27285 0.112824 0.00528802 0.00467941 0.000973374 0.000718534 0.000864187
0.315578 0.309373 0.226505 0.145566 0.00133144 0.00142392
0.319389 0.308972 0.21023 0.159633 0.00171582
0.28318 0.311231 0.265248 0.134774 0.00529575
0.265777 0.243277 0.343886 0.140598 0.00552841 0.00090768
0.294196 0.24306 0.138417 0.320757 0.00255322 0.00101322
0.304662 0.136723 0.2055 0.351572 0.000407768 0.000840581
0.282886 0.153726 0.314134 0.248809
0.297027 0.371278 0.140353 0.191327
0.312341 0.152551 0.322291 0.212817
0.336153 0.137157 0.191602 0.334896
0.350209 0.187597 0.150043 0.309955 0.00215589
0.354479 0.25902 0.124043 0.262323
0.35976 0.228991 0.141115 0.267717 0.00123729 0.00040605
0.348102 0.202033 0.293673 0.153024 0.00200792 0.000647899 0.000338251
0.265821 0.325133 0.267112 0.14105 0.000498493 0.00033722
0.241986 0.283903 0.32999 0.139647 0.000873635 0.00308536 0.000100452 0.000135794 4.06059e-05 5.98099e-05
0.289371 0.211022 0.321663 0.17231 0.00153693 0.00130391 0.000532463 0.000593252 0.00139444 4.14252e-05 1.56106e-05 0.000125256
0.255069 0.294168 0.313443 0.134956 0.00184087 0.000218108 0.000167983
0.238054 0.353172 0.246151 0.157797 0.00173838 0.00266222 0.000129043 0.000156925
0.380214 0.213277 0.260087 0.146182 0.00019144
0.233197 0.375791 0.255545 0.134818 0.00052674
0.194763 0.379845 0.267998 0.157282
0.245832 0.305926 0.308875 0.13648 0.00201344 0.000580389 0.000121555 8.41973e-05 2.69295e-06 6.215e-05
0.233471 0.383352 0.129448 0.251382 0.00069741 0.00135241
0.232934 0.306891 0.276881 0.181291 0.000804916 0.000817427
0.237293 0.231212 0.365145 0.160422 0.00528373
0.221496 0.339073 0.283951 0.149993 0.00460144 0.000764561 5.79596e-05 5.94e-05
0.343168 0.215417 0.286097 0.154995 0.000319613
0.362984 0.244152 0.232613 0.15999
0.338696 0.277878 0.225218 0.15746 0.000748083
0.353896 0.220639 0.25482 0.170644
0.347991 0.216175 0.2613 0.171773 0.00131483 0.000305258 0.000385311
0.317126 0.238703 0.280515 0.163058 0.000126897 0.000141981
0.335433 0.214099 0.265811 0.181372 0.00109342 6.61582e-05 0.00125023 0.000322028 0.000299793 0.000205699
0.224126 0.341611 0.281067 0.151347 0.000418579 0.00138615
0.237728 0.326848 0.278946 0.154074 0.000364954 0.00148753
0.390423 0.204688 0.250794 0.152303 0.00121879
0.356841 0.261303 0.212187 0.15841 0.00449367 0.00383669 0.000978324 0.00106508 0.000680143 9.72177e-05 4.90404e-05
0.315275 0.251064 0.226692 0.205877 0.000465711 4.23619e-05 0.000167858 0.000318377
0.353582 0.277116 0.215133 0.152753 0.00118388 8.08113e-05 1.09253e-05 1.4748e-05 0.000119659
0.339055 0.261189 0.234866 0.162071 0.000472612 0.00184929 9.35141e-05
0.368101 0.246078 0.228363 0.15472 0.000890955 0.00107902
0.342312 0.255295 0.15995 0.241553 0.000317948 0.000370921 1.06695e-05 3.51542e-05
0.265567 0.343273 0.14685 0.239759 0.00258967 0.00175212
0.364225 0.267797 0.150047 0.216834 0.000365712 0.00016499
0.288846 0.300256 0.151153 0.257523 0.000654406 0.00132516
0.276336 0.350697 0.216966 0.153212 0.00209761 0.000249041 0.000290966
0.230974 0.225613 0.348483 0.19187 0.00156901 0.000339983 0.000542695 0.000539437
0.247561 0.346788 0.241323 0.158193 0.00438443 0.000692953 0.00021337 0.00015323
0.270907 0.337567 0.239089 0.15174 0.000332343 9.87148e-05 0.00023441
0.322752 0.264666 0.274797 0.13223 0.00473816
0.36185 0.235888 0.216548 0.182278 0.000122387 0.000663685 0.00100587 0.000557184 0.000237463 0.000550971 0.000121693 7.75181e-05 1.00622e-05
0.392951 0.244338 0.215662 0.146184
0.360751 0.233221 0.22303 0.181633 0.00086617 0.000107793
0.360622 0.248163 0.248764 0.139445 0.00184498 0.000797569
0.219724 0.319751 0.27871 0.178573 0.00282846
0.225968 0.345329 0.160639 0.266942 0.000852648 0.000180272 3.1779e-05
0.268546 0.163084 0.360236 0.208059
0.228268 0.194845 0.249283 0.326461 0.000981975 6.57816e-05
0.24346 0.26667 0.167459 0.319627 0.00263946
0.227299 0.265289 0.172429 0.331355 0.00215192 0.00141896
0.27769 0.214825 0.34066 0.166423
0.232655 0.249088 0.334159 0.18406
0.250953 0.264173 0.316695 0.168145
0.239275 0.251942 0.348627 0.159642 0.000492739
0.281041 0.209883 0.347913 0.160786 0.000177016 6.60131e-05 5.58347e-05 5.80947e-05
0.196609 0.275683 0.192571 0.335131
0.247122 0.227429 0.172252 0.352358 0.000205227 0.000166182
0.23562 0.218415 0.37497 0.168956 0.000120129 0.00157039
0.213546 0.423358 0.231209 0.130141 0.00168221
0.407795 0.197381 0.233818 0.15951 0.00123271
0.3945 0.213605 0.247656 0.141942 0.000587677 0.0013346 0.000311612
0.37425 0.21367 0.250433 0.160333 0.000586596 0.000381988 0.000320019
0.347329 0.186417 0.196123 0.270014 0.000109101
0.23399 0.383607 0.140657 0.241743
0.211795 0.380024 0.252105 0.155829
0.454801 0.174787 0.23333 0.136793 0.000287724
0.377207 0.169588 0.199929 0.252112 0.0011579
0.381245 0.222318 0.241662 0.154447
0.402058 0.244084 0.221243 0.131175 0.00123988 0.000190761
0.227136 0.388986 0.22132 0.162023
0.261989 0.391522 0.1633 0.180813 0.000481551 0.000644858 0.00119934
0.253544 0.355724 0.205485 0.185238
0.271263 0.381612 0.185061 0.161163
0.238329 0.383023 0.219215 0.159283
0.285339 0.330464 0.232921 0.15035 0.000670969
0.318829 0.268924 0.21294 0.198928
0.244792 0.371743 0.216662 0.166782
0.277328 0.334056 0.206106 0.181929
0.233955 0.390217 0.163852 0.211407
0.229113 0.382783 0.217233 0.170332 0.000538704
0.382055 0.266168 0.215778 0.134851 0.000932751 4.95411e-06 0.000105716
0.373308 0.220331 0.224016 0.180832 0.000442441 0.000774593 0.000206484
0.352349 0.247442 0.243958 0.155804
0.388487 0.199521 0.251596 0.159948 0.000420665
0.195462 0.382244 0.253235 0.167805 0.000351962 0.000857857
0.233933 0.245966 0.363772 0.15328 7.01865e-05 0.000831387 0.00103634
0.221646 0.28033 0.313551 0.180253 0.00289601 0.00131069
0.277659 0.186084 0.350649 0.185315 0.000178328
0.290101 0.365623 0.202685 0.137504 0.000514451 0.000909529 0.000679481 0.0017572
0.247027 0.371953 0.229567 0.151004
0.254566 0.382288 0.176827 0.186233
0.263575 0.370109 0.241699 0.124614
0.277586 0.344366 0.211005 0.165598 0.00119533
0.240392 0.407418 0.204914 0.14598 0.000753583 0.000180933 0.000129054 6.1559e-05 1.43155e-05 0.000138195
0.358681 0.254142 0.20926 0.177797
0.378204 0.253162 0.168501 0.197958 0.00108742 0.000126754
0.284439 0.400414 0.113825 0.197402 0.00272988 0.000619726 0.000467246
0.397984 0.213977 0.162301 0.223641 0.00199057
0.39195 0.157001 0.236081 0.214417 0.000391509
0.182745 0.341623 0.279579 0.195025 0.000877418
0.147429 0.361391 0.222792 0.267674 0.000597692 3.12463e-07 7.64932e-05 1.22335e-05 1.54113e-05 6.18608e-06
0.158812 0.389782 0.261763 0.186663 0.00226424 0.000713599
0.167461 0.350996 0.187104 0.294135 0.00026042
0.178606 0.375492 0.20238 0.239521 0.00161535 0.00104839 0.0012106
0.415756 0.149414 0.183081 0.247914 0.00283393 0.000825593
0.380163 0.21306 0.148874 0.256532 0.00055404 0.000335533 0.000295658
0.208727 0.377289 0.177133 0.236746
0.346689 0.235167 0.164472 0.252909 0.000654214 4.69343e-05
0.249818 0.381194 0.153244 0.215488 6.26155e-05 0.000179282
0.378386 0.217815 0.153003 0.248267 0.00248979 1.79566e-05 1.362e-05
0.350857 0.206927 0.290479 0.151733
0.37413 0.233666 0.202958 0.18811 0.000470518 0.000545333
0.346955 0.265062 0.208171 0.17656 0.00305868 5.50276e-05 8.57749e-05
0.280524 0.355456 0.212606 0.150733 0.000332052 0.000300676 4.92334e-05
0.270035 0.337434 0.22103 0.171437
0.285157 0.34556 0.226282 0.142956
0.267627 0.358663 0.179662 0.193602 0.00041807
0.332302 0.284507 0.159702 0.223489
0.356998 0.25226 0.187678 0.20298 7.79616e-05
0.297599 0.349729 0.179958 0.169098 0.00275505 0.000657138
0.26623 0.165131 0.36636 0.200621 0.000707227 0.000294577 0.000161789
0.256 0.19104 0.343123 0.208957 0.000500137 3.9329e-06 0.000348837
0.268281 0.17762 0.192379 0.361394 4.79428e-05
0.262139 0.173135 0.198042 0.366382
0.252664 0.147184 0.373158 0.221733 0.00343167 9.29309e-05 0.000682156 0.00052738 0.000233589 6.5394e-05 6.652e-05 1.69258e-05 8.56011e-05
0.146693 0.270062 0.381522 0.199444 0.000471032 7.4838e-05 0.000503665 0.000924056
0.261329 0.177361 0.336726 0.221632 0.00116942 6.40259e-05 0.000759423 0.000557095 0.000234517
0.201466 0.251725 0.341823 0.203679 0.000663538 0.000306278 0.000206043
0.25436 0.180634 0.346753 0.2171 0.00020781 0.000672473
0.253373 0.171309 0.379001 0.195979 0.00031898
0.278025 0.339349 0.177491 0.204642 0.000302271 5.70952e-06 8.54603e-05 7.50023e-05
0.288913 0.329807 0.232774 0.148425
0.28688 0.210525 0.349901 0.151555
0.286716 0.209628 0.331757 0.171897
0.21814 0.278732 0.333282 0.169846
0.237925 0.282705 0.330764 0.148558
0.1923 0.317161 0.347102 0.143311
0.235429 0.281022 0.325831 0.157155 0.000557247
0.207871 0.37687 0.27222 0.142299 0.000307833 0.000371445 4.95417e-05
0.319013 0.218824 0.305215 0.155811 1.43965e-05 0.000932798
0.353875 0.186815 0.29958 0.159693
0.182369 0.372123 0.25441 0.191066
0.137871 0.267236 0.323747 0.271011
0.149647 0.30935 0.359995 0.180942
0.168962 0.304496 0.210822 0.315713
0.299223 0.147222 0.21395 0.337102 0.00245102
0.158051 0.283908 0.207035 0.351
0.288157 0.15167 0.200688 0.359427
0.325496 0.197127 0.13302 0.344358
0.337932 0.206053 0.317184 0.13883
0.296609 0.229553 0.128516 0.345314
0.322059 0.142667 0.185031 0.349178
0.140945 0.308236 0.222706 0.328057
0.133627 0.18885 0.318568 0.357868 0.000866395 5.78271e-05 0.000163229
0.172201 0.218255 0.314524 0.292719 0.000441545 0.00168568
0.153625 0.179245 0.367282 0.29955 0.000235037
0.169792 0.195801 0.34149 0.292575
0.152649 0.189753 0.313397 0.339308 0.00489319
0.123032 0.334009 0.201073 0.341886
0.292516 0.152886 0.200645 0.3539
0.327184 0.129265 0.286208 0.256956 0.000252111
0.298073 0.36959 0.152867 0.178561 0.000589174 0.000290326
0.299363 0.32698 0.23901 0.134278
0.322885 0.347613 0.219491 0.108443 0.00130519 0.000233396
0.352817 0.345645 0.190598 0.110921
0.346559 0.349197 0.18963 0.114033 0.000348604
0.341929 0.339109 0.18543 0.133524
0.320332 0.347051 0.19049 0.139232 0.00129951 0.00158509
0.311093 0.378489 0.18538 0.125015
0.331466 0.323448 0.199096 0.145642 0.000194143
0.325083 0.191213 0.322777 0.160917
0.234127 0.294558 0.355702 0.115484
0.190168 0.344856 0.309461 0.154374 0.00111433 1.97324e-05 6.64367e-06
0.232788 0.293793 0.331748 0.141316
0.286867 0.21081 0.339714 0.1626
0.310576 0.202632 0.137684 0.347208 0.00131361
0.299511 0.143899 0.233105 0.321809 0.00166424
0.352671 0.144239 0.319869 0.182205 0.000962744
0.278751 0.152731 0.381234 0.187282
0.309322 0.136133 0.340703 0.21365
0.163139 0.279853 0.326346 0.230447 9.71014e-05 1.01065e-05 4.28391e-06 9.44917e-05 3.20319e-06 5.84483e-06
0.105978 0.34545 0.300808 0.245848 0.00183893 7.58472e-05
0.314793 0.111821 0.347939 0.225447
0.339494 0.154306 0.312351 0.192749 0.00109842
0.283981 0.157119 0.335965 0.222726
0.333209 0.131196 0.345098 0.189047 0.000396158 0.000674123 0.000351717 2.43083e-07 2.59609e-05 1.32744e-06 7.22571e-07
0.31423 0.123779 0.341028 0.220696 3.33585e-05 0.000141428
0.327111 0.316733 0.148553 0.204787 0.00271336
0.335241 0.149495 0.310939 0.198459 0.000945263 0.0016541 0.001061 0.00123519 0.000537613
0.325902 0.151086 0.30301 0.214042 0.00369886 0.00184959 0.000297437
0.33895 0.323165 0.148324 0.189254 0.000221792 7.1798e-06 5.53074e-05
0.284241 0.338922 0.162874 0.207643 0.00192433 0.00077029 0.0010317 0.000781951 0.000767202 0.000121616 0.000491603 2.60291e-05 0.000270097
0.320295 0.312539 0.142655 0.223842 0.00034239 0.00019995 7.89965e-06 3.77123e-05 1.32951e-05 7.03008e-06 4.81351e-05
0.307753 0.296781 0.278443 0.116235 0.000297289
0.35916 0.322214 0.184928 0.130092 0.000960922 0.00200547 0.00021123 0.000310809
0.333559 0.200502 0.360061 0.105237
0.310457 0.204881 0.131166 0.349415 0.00147053 0.000709899 8.51344e-05 0.000479949 0.000657116 6.63404e-05 0.000116671 0.000481282
0.218383 0.323406 0.122385 0.327252 0.00206309 0.00316239 0.00142714 0.000683933 0.000945258
0.21067 0.336843 0.329421 0.121634 0.000775935 0.000400806
0.218569 0.360206 0.118749 0.301176 0.000516763 2.94385e-05 3.5007e-05 8.02586e-05 4.00772e-05 0.000234505 7.71937e-05 2.67455e-05 4.76181e-05
0.193406 0.352537 0.336296 0.114923 0.00164234 0.000681311 5.14338e-06 0.00026241 0.000224938
0.176221 0.337286 0.142382 0.342727 0.000261032 0.000672218
0.242158 0.308263 0.320503 0.128913
0.330269 0.240305 0.323208 0.105469 0.000689814
0.193142 0.405667 0.293566 0.107507
0.32795 0.237568 0.28738 0.140159 0.00319261 0.00216486 0.000777041
0.326394 0.35813 0.198224 0.115193 0.000859895 0.000331806
0.326758 0.305879 0.150463 0.215291 0.00116557 0.000291911 1.62291e-05 8.26332e-05 2.7459e-06 3.90977e-05
0.329215 0.337027 0.133567 0.198016 0.00177803 0.000127713
0.330497 0.140819 0.334497 0.192631 0.00153086
0.34549 0.120381 0.32424 0.206266 0.00327556 0.000119997
0.327877 0.334719 0.133618 0.203531
0.33692 0.297609 0.160795 0.203042
0.326848 0.13424 0.355576 0.181829 0.000297827 6.66679e-05 0.000753558
0.350317 0.319155 0.122118 0.205954 0.000516004 0.00101499 0.000885148
0.314483 0.34467 0.153311 0.185532 0.00164654
0.293402 0.326527 0.158287 0.221683
0.258193 0.369283 0.233591 0.135232 0.00259123 0.000942887 7.22449e-05
0.314758 0.350223 0.197236 0.136889 0.00076602
0.288298 0.367443 0.206016 0.138197
0.285349 0.406829 0.178826 0.128869
0.35209 0.324922 0.217415 0.103755 0.000799262 0.000135749 0.000859695
0.38117 0.216321 0.265513 0.136926
0.35054 0.299282 0.235867 0.108725 0.00334566 0.000114489 0.00169972
0.299763 0.337841 0.227038 0.135284
0.289704 0.365813 0.217094 0.126578
0.279361 0.227525 0.366181 0.126251 0.000203006 9.20473e-05 8.55798e-05 0.000269584
0.303898 0.201559 0.342026 0.152516
0.329946 0.312081 0.237933 0.119907
0.302615 0.297208 0.259613 0.139641
0.339529 0.206817 0.329495 0.124127
0.216918 0.341446 0.305895 0.134065 0.00167452
0.212159 0.347454 0.279134 0.161249
0.175752 0.317034 0.372393 0.134477 0.000333949
0.205236 0.290336 0.360515 0.143487
0.221365 0.280337 0.351779 0.146438
0.194024 0.34388 0.279287 0.182804
0.218812 0.320466 0.343671 0.117046
0.221208 0.396186 0.275997 0.10599 0.000556811
0.204188 0.266305 0.385947 0.143366 0.000163055
0.311504 0.191057 0.349231 0.147165 0.000781933 0.000259746
0.299283 0.328103 0.236394 0.135669
0.327926 0.320274 0.243692 0.107755
0.28153 0.349103 0.242293 0.126858
0.281457 0.234076 0.340871 0.142566 0.000918771
0.27961 0.378401 0.219608 0.122337
0.292231 0.380914 0.197668 0.128303 0.000882822
0.274455 0.345479 0.243803 0.133511 0.000204775 0.00211942 0.000105892 3.84997e-06 1.8499e-06 0.000280256 3.39694e-06 1.25531e-05 9.57885e-06 8.9758e-06
0.263271 0.394895 0.117195 0.2244
0.272051 0.36043 0.161916 0.205399
0.291142 0.142479 0.361871 0.204479
0.303611 0.171808 0.312295 0.21056 0.00148354
0.280985 0.124976 0.21499 0.379049
0.285042 0.12869 0.376828 0.20938
0.279872 0.374108 0.138115 0.207736
0.363833 0.268913 0.138571 0.228669
0.366009 0.276535 0.214794 0.141824 0.000823484
0.377233 0.28199 0.215935 0.12472 0.000116179
0.300139 0.3538 0.20729 0.138201
0.27756 0.22374 0.355249 0.142911 0.000340383 8.93138e-05 9.65422e-06 0.000100299
0.259374 0.24774 0.36233 0.130217 0.000335282
0.279379 0.342317 0.243087 0.134836
0.291417 0.369915 0.190278 0.147647
0.285272 0.235776 0.336261 0.1425 0.000107485 7.66886e-05
0.318326 0.194433 0.307807 0.176575 0.00155416 0.000386089 0.000366637 0.000140645 8.63088e-05 8.01618e-05 0.000174916 2.15553e-05 1.07738e-05 2.13784e-05
0.394936 0.208817 0.263891 0.129539 0.000670746 0.00159267 0.000252084 1.32436e-05 8.87949e-05 0.000113645 5.94741e-05
0.336689 0.201373 0.152211 0.309191
0.350479 0.213202 0.293198 0.143055
0.358624 0.199873 0.280682 0.159994
0.380355 0.235703 0.155742 0.221871 0.0059606
0.36095 0.325961 0.177625 0.135032
0.363406 0.295686 0.197137 0.140911 0.00277807
0.381269 0.263709 0.200521 0.153652
0.414045 0.232373 0.231181 0.121399 0.000228052 9.3467e-05 0.000412067
0.388179 0.291042 0.202862 0.117664
0.389237 0.216549 0.250227 0.143595
0.351386 0.215068 0.300865 0.13227 6.28344e-05
0.413209 0.264769 0.19698 0.124804 0.000223335
0.385069 0.273515 0.207871 0.133545
0.289633 0.391098 0.181065 0.137045 0.00112296 3.16319e-05
0.268251 0.169839 0.415877 0.143524 0.0018318 0.000508202
0.284256 0.385531 0.207273 0.121097 0.00175253
0.27343 0.402147 0.188315 0.134082 0.00192057
0.28626 0.190983 0.37313 0.149469
0.165157 0.284008 0.405914 0.144921
0.20835 0.264873 0.389138 0.137582
0.195989 0.37567 0.307027 0.120706 0.000451376
0.370112 0.222951 0.279216 0.127427
0.399342 0.185063 0.292393 0.123029
0.385649 0.201615 0.288867 0.122262 0.00104013
0.351177 0.303831 0.198031 0.146871
0.387595 0.2567 0.135418 0.218372 0.00138314 0.000263891 0.000138917 1.54147e-05 7.38711e-05 3.55687e-05
0.433048 0.237107 0.194602 0.134611 0.000613559
0.275349 0.403573 0.18365 0.133913 0.00342376
0.39527 0.266246 0.228427 0.110025 7.58311e-06
0.38394 0.189565 0.296712 0.129783
0.377641 0.180855 0.321617 0.119089 0.000795317
0.197473 0.392351 0.270708 0.139467
0.360167 0.200728 0.322414 0.115554
0.414881 0.29248 0.175453 0.116667 0.000339538 5.74638e-05
0.396647 0.265962 0.185225 0.149989 0.00178244 0.000325629
0.4074 0.261156 0.188484 0.142294 0.000209527 0.000332976
0.402448 0.174542 0.275078 0.147614
0.382198 0.19951 0.268338 0.145549 0.00187973 0.000121875 0.00208319
0.380399 0.279343 0.179434 0.157219 0.00306186 0.000238683 0.000137075
0.263004 0.387156 0.206051 0.143073
0.340153 0.1791 0.37202 0.104602 0.00167249 0.00244087
0.273346 0.192789 0.397313 0.135682
0.278682 0.405529 0.189104 0.121558 0.00216717 0.00127598 0.00107403 0.000257317
0.270101 0.190429 0.377518 0.160956 0.000966957
0.297322 0.38993 0.206494 0.104275 8.16959e-05 0.00139535 6.70049e-06 0.000369931
0.408006 0.272247 0.180515 0.135764 0.00206746 0.00065815 8.13344e-05 5.15088e-05 0.000474591
0.369575 0.203593 0.292256 0.132488 0.00164001 0.000392812
0.414705 0.190056 0.147919 0.242883 0.00375922 0.000538945
0.439154 0.128046 0.176378 0.254395 0.000236441 0.00151388 5.17237e-05 5.94498e-05 7.95549e-05 1.32829e-05 6.15465e-05
0.393448 0.125362 0.193472 0.279664 0.00681354 0.00113001
0.424159 0.140284 0.250331 0.185218
0.135679 0.372718 0.295414 0.194595 0.000670965 0.000724818
0.131706 0.366324 0.293784 0.206906 0.000743811 0.00050098
0.137195 0.396836 0.210911 0.251286 0.000852198 0.000279509 1.12699e-05 0.00084935 0.00118752 0.00012078
0.375501 0.111069 0.216525 0.294472 9.75314e-05 0.00225996
0.3962 0.140284 0.270618 0.19245
0.409396 0.29882 0.101323 0.183131 0.00146735 0.00321965 0.000319094 0.000186687 0.00204955 2.20624e-05 1.92183e-05
0.393604 0.262211 0.127421 0.21625 2.43746e-05 0.000160141
0.297563 0.384849 0.159723 0.156872 0.000795672
0.372319 0.28719 0.146087 0.193986
0.377337 0.134335 0.301728 0.184942 0.00115761 0.000407082
0.355789 0.136324 0.321847 0.185701 0.000140221
0.409122 0.130897 0.282741 0.176626
0.407069 0.141476 0.174617 0.276396
0.372556 0.169849 0.275967 0.17751 0.00174395 0.000617839 0.00170086
0.400412 0.243848 0.131004 0.224491
0.270964 0.367754 0.113492 0.242728 0.000273871 0.00325804 0.000585051 0.000897467
0.280624 0.366771 0.198651 0.149386 0.000363767 0.000951771 0.00081138 0.000125669 0.000746215 0.000230928 3.20128e-05 0.000113467 0.000832051 0.000125137 0.000123569
0.307788 0.382008 0.20852 0.100745 0.000848418
0.285315 0.38144 0.183824 0.147072 0.0020655
0.410833 0.267605 0.190237 0.127086 0.00274089 0.000248312 0.000468004 0.00042656
0.421989 0.271823 0.154399 0.150241 0.00150191
0.306018 0.408212 0.157816 0.12255 0.00432148 0.000515005 0.000488683
0.286648 0.355524 0.23066 0.124517 0.000857045 0.00175643
0.373961 0.279687 0.224537 0.119689 0.00118811 0.000307076 0.000155704 0.000237899 2.34596e-05 0.000165727
0.364 0.298496 0.19341 0.142957 0.000995374 0.000105616
0.355566 0.268282 0.145722 0.228273 0.00155968 0.000516105
0.376674 0.246088 0.160863 0.214885 0.00093915 0.000369157 0.000116865 6.10529e-05
0.406965 0.260637 0.202377 0.127663 0.00235393
0.344162 0.32623 0.193618 0.13586
0.404483 0.277627 0.122567 0.195056
0.370294 0.279479 0.222676 0.12755
0.374234 0.294019 0.130642 0.201067
0.392486 0.130413 0.279245 0.197329
0.394499 0.107823 0.281265 0.216336 7.10875e-05
0.403696 0.153092 0.25587 0.187337
0.353621 0.14461 0.29648 0.203261 0.00202636
0.381588 0.121729 0.212689 0.283908
0.371448 0.162748 0.279888 0.183655 0.00199983
0.389507 0.245222 0.160331 0.203365 0.000920945 0.000577937
0.276143 0.360463 0.143832 0.21698 0.00176124 0.000579431 0.000151632 5.80954e-06 8.00259e-05
0.317533 0.400466 0.104487 0.177503
0.400876 0.255572 0.144058 0.198468 0.000517702
