0.726307
0.726307
0.726307
0.482505
0.482505
0.852776
1.189
0.627241
0.627241
0.471387
0.471387
0.471387
0.471387
0.471387
0.759423
0.759423
0.759423
0.620809
0.620809
0.620809
0.422362
1.07676
0.504556
0.504556
0.504556
0.504556
0.568453
0.511611
0.511611
0.511611
0.85798
0.829295
0.829295
1.23656
1.23656
1.23656
1.23656
1.23656
0.580609
0.580609
0.580609
0.337708
0.337708
0.337708
0.68283
0.68283
0.470466
1.53495
1.53495
1.53495
1.43732
1.43732
1.43732
0.831513
0.831513
0.831513
0.702562
0.702562
0.866595
0.866595
0.815926
0.815926
0.718328
0.718328
0.718328
0.718328
0.718328
0.718328
0.718328
1.54028
1.54028
1.67848
0.983539
0.983539
0.94698
0.94698
0.765564
0.912744
0.912744
0.912744
0.912744
0.532467
0.532467
0.532467
0.647888
0.647888
0.647888
0.647888
1.02572
1.02572
1.02572
1.02572
1.02572
1.02572
1.02572
0.922401
0.922401
0.922401
0.922401
0.540664
0.75285
1.12311
1.09469
0.844503
0.795477
0.731689
0.513524
0.513524
0.513524
0.513524
1.00002
0.3955
0.3955
0.3955
0.3955
0.3955
0.655769
0.655769
0.655769
1.03676
0.978784
0.978784
0.96305
0.999058
0.92382
0.92382
0.595649
0.353014
0.392072
0.392072
0.392072
0.392072
0.392072
0.545741
1.82211
1.60196
1.37328
0.21961
0.21961
0.441219
0.441219
0.441219
0.448549
0.314929
0.314929
0.532397
1.16123
1.16123
1.01962
1.01962
1.01962
1.01962
0.490981
0.953243
0.953243
0.953243
0.937651
0.719385
0.501813
0.501813
0.501813
0.501813
0.501813
0.501813
0.501813
0.506063
1.11311
1.3539
0.606078
0.606078
1.3294
1.48707
1.48707
1.48707
1.54562
1.54562
0.993786
0.993786
0.993786
0.570566
0.570566
0.666554
0.666554
0.666554
0.666554
0.377991
0.377991
0.836264
0.347126
0.347126
0.347126
0.282875
0.930264
0.930264
0.930264
0.787357
0.787357
1.02027
1.02027
1.02027
1.02027
1.02027
1.02027
0.613251
0.613251
0.613251
0.569076
0.569076
0.569076
0.569076
0.569076
0.544839
0.971184
0.591715
0.591715
0.591715
0.591715
0.591715
0.591715
0.591715
0.591715
0.591715
1.35044
1.35044
1.35044
0.79161
0.79161
0.79161
0.753677
1.242
1.242
1.242
1.242
1.242
1.242
1.67863
1.8588
2.02233
2.02233
1.11218
1.11218
0.829324
0.829324
0.829324
0.829324
0.829324
0.829324
0.829324
1.19039
0.731233
0.731233
0.731233
0.539792
0.539792
0.539792
0.46453
0.46453
0.46453
0.255123
0.86271
0.86271
0.86271
0.86271
0.86271
0.836502
0.836502
0.836502
0.832307
0.560859
0.504581
0.504581
0.504581
0.504581
0.504581
0.504581
0.504581
0.504581
0.504581
0.504581
0.556297
0.556297
0.556297
0.634419
0.634419
0.634419
0.713431
0.713431
0.847143
0.847143
0.847143
0.79558
0.740064
0.740064
0.740064
0.740064
0.675173
0.669927
0.575345
0.575345
0.242674
0.242674
0.400768
0.400768
0.645902
0.969649
0.969649
0.969649
0.969649
0.394387
1.10446
1.39286
1.39286
1.39286
1.39286
1.39286
1.38842
1.7956
1.95026
1.99468
1.83802
1.66395
1.02249
1.02249
1.02249
1.02249
1.46232
0.942041
0.942041
1.00257
1.00257
0.515002
0.643935
0.643935
0.643935
0.431762
0.431762
0.431762
0.43346
0.43346
0.876854
0.908622
0.908622
0.821056
1.21114
1.21114
1.21114
1.21114
1.21114
1.58343
0.961918
0.961918
0.961918
0.961918
0.588558
0.464275
0.930748
0.863568
0.574911
0.574911
0.574911
0.574911
0.574911
0.574911
0.574911
0.574911
0.575597
0.575597
0.575597
0.625464
1.33178
1.06216
1.06216
1.06216
1.06216
1.06216
0.951068
0.951068
0.951068
0.171075
0.171075
0.527626
0.363441
0.495868
1.13855
0.516385
0.637713
0.637713
0.637713
0.8047
1.037
1.16775
2.40848
2.40848
2.40848
2.40848
2.50332
2.77317
0.929303
0.929303
0.655204
0.655204
0.655204
0.7703
0.7703
0.7703
0.7703
0.7703
0.7703
0.7703
0.7703
0.7703
0.757661
0.320863
1.24006
0.658816
0.658816
0.607053
1.34088
0.724998
0.589223
0.704414
0.704414
0.704414
0.704414
0.704414
0.761803
0.601471
0.601471
0.601471
0.601471
0.540231
0.531659
0.531659
0.531659
0.531659
0.560204
0.518693
0.518693
0.518693
0.518693
0.688909
0.688909
0.658689
0.658689
0.673235
0.673235
1.05754
0.515388
0.515388
0.569907
0.569907
0.569907
1.29528
1.29528
1.16427
1.16427
0.956169
0.956169
1.00557
1.00557
1.00557
0.803868
0.803868
0.828467
0.57954
0.583602
0.975304
0.996198
0.996198
1.4348
1.4348
1.43387
1.40542
0.951459
0.951459
0.951459
0.951459
0.951459
0.951459
0.920448
1.70443
1.27073
1.04936
1.04936
0.44734
0.44734
0.84159
0.84159
0.370461
0.370461
0.882386
0.941103
0.941103
0.941103
1.41847
1.41847
0.739372
0.739372
0.739372
0.739372
0.739372
0.764296
0.764296
0.761188
0.202042
0.293845
0.293845
0.293845
0.579195
0.816331
0.816331
0.816331
0.816331
0.816331
0.723678
0.723678
0.723678
0.955816
0.955816
0.487298
0.634679
0.711065
0.438282
0.438282
1.20531
0.937019
0.937019
0.937019
0.937019
1.67954
1.78298
1.74204
1.31066
0.531165
0.531165
0.588977
0.588977
0.588977
0.588977
1.50453
0.566416
0.770848
0.414633
0.646914
0.967836
0.967836
0.967836
0.493476
0.99043
0.99043
0.671154
0.671154
0.671154
0.33877
0.384935
0.61796
0.61796
0.61796
1.15299
1.53673
1.53673
1.56132
1.42528
1.42528
1.42528
1.42528
1.42528
1.31928
1.31928
1.31928
1.31928
1.31928
1.31928
1.40374
1.40374
0.826149
0.826149
0.826149
1.47792
0.803856
0.803856
1.05418
1.05418
1.05418
1.17525
1.17525
0.736088
0.736088
0.736088
0.724333
0.724333
0.724333
0.750996
0.750996
0.750996
1.0332
1.0332
1.23393
1.23393
1.25235
1.25235
1.24056
0.739817
0.706019
0.736345
0.47801
0.47801
0.561395
0.561395
0.561395
0.561395
0.543586
0.543586
0.543586
1.14569
0.936658
0.862199
0.862199
0.862199
0.862199
0.862199
0.598742
0.598742
0.598742
0.560225
0.560225
0.560225
0.621005
0.621005
0.621005
0.650496
0.650496
0.650496
0.650496
0.454251
0.454251
0.454251
0.454251
0.454251
0.454251
0.454251
0.408989
0.69674
0.88178
0.88178
1.25104
1.25104
1.25104
1.25104
0.933803
0.930813
0.930813
0.930813
0.840257
1.19
1.19
0.589414
0.267537
0.267537
0.267537
0.267537
1.59411
1.59411
1.0992
1.0992
1.0992
1.38844
1.38844
1.38844
1.38844
1.38844
1.38844
1.67695
1.30678
1.30678
1.30678
1.38547
1.38547
1.30024
1.30024
1.36047
1.36047
1.4765
1.4765
1.4765
0.522449
0.522449
0.522449
0.522449
0.522449
0.983404
1.22292
0.249178
0.249178
0.598853
0.598853
0.598853
0.672116
0.672116
0.672116
0.860049
0.860049
0.921079
0.921079
0.921079
0.991108
0.991108
0.538202
0.538202
0.538202
0.538202
0.538202
0.538202
0.538202
0.319936
0.319936
0.319936
0.319936
0.48912
0.179615
0.358955
0.505882
0.505882
0.505882
0.505882
0.972735
1.19947
0.664818
0.664818
0.664818
0.664818
0.616608
0.395079
0.248636
0.70578
0.70578
0.70578
0.70578
0.70578
1.1742
0.987238
0.987238
0.987238
0.820683
0.878643
0.878643
0.742912
0.742912
0.742912
0.742912
0.683416
0.683416
0.683416
0.683416
0.407043
0.425402
0.464319
0.464319
0.464319
0.464319
0.578263
1.35918
1.30777
1.30777
1.48737
1.48737
1.63337
1.26185
1.26185
1.26185
1.26185
1.26185
0.334206
0.334906
0.334906
0.334906
0.359691
0.359691
0.654784
0.654784
0.654784
0.311925
0.311925
0.633951
0.633951
0.188405
0.188405
0.188405
0.188405
0.229883
0.229883
0.244468
1.05365
1.05365
0.635243
0.825568
0.825568
0.410778
0.410778
0.410778
0.410778
0.410778
0.410778
0.410778
0.47091
0.430262
0.430262
0.430262
0.447298
0.447298
0.447298
0.447298
0.472751
0.472751
0.472751
0.472751
0.472751
0.472751
0.472751
0.388397
0.749446
0.749446
0.431094
0.18295
0.312824
0.815688
0.393366
0.393366
0.783149
1.16897
1.16897
1.16897
1.16897
1.16897
1.16897
1.16897
1.16897
1.16897
1.16897
1.46445
1.46445
1.46445
0.625107
0.827879
0.827879
0.827879
0.827879
1.20674
1.20674
1.20674
1.20674
0.607172
0.607172
0.959297
0.841546
0.841546
0.630257
0.630257
0.630257
0.630257
0.389181
0.490364
0.490364
0.688706
0.422807
0.422807
0.422807
0.422807
0.422807
0.422807
0.281938
0.281938
0.304151
0.304151
0.304151
0.204066
0.204066
0.204066
0.260366
0.260366
0.29855
0.48989
0.457137
0.457137
0.238404
0.705187
0.705187
0.705187
0.705187
0.705187
0.705187
0.705187
0.314991
0.314991
0.314991
0.375962
0.375962
0.375962
0.375962
0.375962
0.351879
0.304
0.444481
0.444481
0.711167
1.13197
0.865273
0.865273
0.865273
0.865273
1.15867
0.485014
0.943071
0.884092
0.884092
0.884092
0.442053
0.442053
0.442053
0.469217
0.717988
0.717988
0.717988
0.292557
0.292557
0.292557
0.292557
0.47045
0.47045
0.47045
0.47045
0.47045
0.954321
0.954321
0.273758
0.243022
0.249339
0.249339
0.249339
0.486146
0.900519
0.366019
0.366019
0.366019
1.15274
1.15274
1.03302
1.03302
1.15542
1.48311
1.19349
1.19349
1.39451
0.83082
0.83082
0.936994
0.936994
0.936994
1.4333
1.4333
1.37385
1.45197
1.38278
1.38278
1.10166
1.10166
1.10166
1.01353
1.01353
0.890646
0.766711
0.766711
0.766711
0.766711
1.07056
1.07056
1.07056
1.07056
0.563116
1.01889
0.56957
0.883829
0.883829
0.883829
1.05683
0.426974
0.426974
0.426974
0.426974
0.426974
0.377029
0.377029
0.377029
0.208059
0.527843
0.527843
0.527843
0.757491
0.757491
0.55078
