TIMESTAMP        scratch-RQ       scratch-RD       scratch-WR       
1519682625 1652143 678991768213 1036388426508
1519682635 1652143 678991768213 1036388426508
1519682645 1652145 678991768213 1036388426508
1519682655 1652150 678991768213 1036388426508
1519682665 1652151 678991768213 1036388426508
1519682675 1652152 678991768213 1036388426508
1519682685 1652153 678991768213 1036388426508
1519682696 1652154 678991768213 1036388426508
1519682706 1652155 678991768213 1036388426508
1519682716 1652155 678991768213 1036388426508
1519682726 1652155 678991768213 1036388426508
1519682736 1652156 678991768213 1036388426508
1519682746 1652158 678991768213 1036388426508
1519682756 1652158 678991768213 1036388426508
1519682767 1652159 678991768213 1036388426508
1519682777 1652160 678991768213 1036388426508
1519682787 1652160 678991768213 1036388426508
1519682797 1652161 678991768213 1036388426508
1519682807 1652162 678991768213 1036388426508
1519682817 1652165 678991768213 1036388426508
1519682827 1652165 678991768213 1036388426508
1519682838 1652166 678991768213 1036388426508
1519682848 1652166 678991768213 1036388426508
1519682858 1652166 678991768213 1036388426508
1519682868 1652167 678991768213 1036388426508
1519682878 1652168 678991768213 1036388426508
1519682888 1652168 678991768213 1036388426508
1519682899 1652171 678991768213 1036388426508
1519682909 1652172 678991768213 1036388426508
1519682919 1652172 678991768213 1036388426508
1519682929 1652172 678991768213 1036388426508
1519682939 1652173 678991768213 1036388426508
1519682950 1652174 678991768213 1036388426508
1519682960 1652174 678991768213 1036388426508
1519682970 1652177 678991768213 1036388426508
1519682980 1652178 678991768213 1036388426508
1519682990 1652179 678991768213 1036388426508
1519683000 1652179 678991768213 1036388426508
1519683010 1652180 678991768213 1036388426508
1519683021 1652181 678991768213 1036388426508
1519683031 1652181 678991768213 1036388426508
1519683041 1652184 678991768213 1036388426508
1519683051 1652185 678991768213 1036388426508
1519683061 1652185 678991768213 1036388426508
1519683071 1652185 678991768213 1036388426508
1519683082 1652186 678991768213 1036388426508
1519683092 1652187 678991768213 1036388426508
1519683102 1652187 678991768213 1036388426508
1519683112 1652188 678991768213 1036388426508
1519683122 1652192 678991768213 1036388426508
1519683132 1652192 678991768213 1036388426508
1519683142 1652192 678991768213 1036388426508
1519683153 1652193 678991768213 1036388426508
1519683163 1652194 678991768213 1036388426508
1519683173 1652194 678991768213 1036388426508
1519683183 1652195 678991768213 1036388426508
1519683193 1652199 678991768213 1036388426508
1519683203 1652199 678991768213 1036388426508
1519683213 1652199 678991768213 1036388426508
1519683224 1652200 678991768213 1036388426508
1519683235 1652200 678991768213 1036388426508
1519683245 1652200 678991768213 1036388426508
1519683255 1652201 678991768213 1036388426508
1519683266 1652205 678991768213 1036388426508
1519683276 1652205 678991768213 1036388426508
1519683286 1652206 678991768213 1036388426508
1519683296 1652206 678991768213 1036388426508
1519683306 1652206 678991768213 1036388426508
1519683318 1652206 678991768213 1036388426508
1519683328 1652206 678991768213 1036388426508
1519683338 1652206 678991768213 1036388426508
1519683348 1652209 678991768213 1036388426508
1519683358 1652209 678991768213 1036388426508
1519683368 1652209 678991768213 1036388426508
1519683378 1652210 678991768213 1036388426508
1519683389 1652210 678991768213 1036388426508
1519683399 1652210 678991768213 1036388426508
1519683409 1652211 678991768213 1036388426508
1519683419 1652215 678991768213 1036388426508
1519683430 1652215 678991768213 1036388426508
1519683440 1652216 678991768213 1036388426508
1519683450 1652217 678991768213 1036388426508
1519683460 1652217 678991768213 1036388426508
1519683470 1652217 678991768213 1036388426508
1519683480 1652218 678991768213 1036388426508
1519683490 1652221 678991768213 1036388426508
1519683501 1652221 678991768213 1036388426508
1519683511 1652222 678991768213 1036388426508
1519683521 1652223 678991768213 1036388426508
1519683531 1652223 678991768213 1036388426508
1519683541 1652224 678991768213 1036388426508
1519683551 1652225 678991768213 1036388426508
1519683561 1652225 678991768213 1036388426508
1519683572 1652228 678991768213 1036388426508
1519683582 1652229 678991768213 1036388426508
1519683592 1652230 678991768213 1036388426508
1519683602 1652230 678991768213 1036388426508
1519683612 1652231 678991768213 1036388426508
1519683622 1652232 678991768213 1036388426508
1519683633 1652232 678991768213 1036388426508
1519683643 1652235 678991768213 1036388426508
1519683653 1652236 678991768213 1036388426508
1519683663 1652237 678991768213 1036388426508
1519683673 1652237 678991768213 1036388426508
1519683683 1652237 678991768213 1036388426508
1519683693 1652238 678991768213 1036388426508
1519683704 1652238 678991768213 1036388426508
1519683714 1652238 678991768213 1036388426508
1519683724 1652242 678991768213 1036388426508
1519683734 1652243 678991768213 1036388426508
1519683744 1652243 678991768213 1036388426508
1519683754 1652243 678991768213 1036388426508
1519683764 1652244 678991768213 1036388426508
1519683775 1652245 678991768213 1036388426508
1519683785 1652245 678991768213 1036388426508
1519683795 1652249 678991768213 1036388426508
1519683805 1652250 678991768213 1036388426508
1519683815 1652250 678991768213 1036388426508
1519683825 1652251 678991768213 1036388426508
1519683835 1652252 678991768213 1036388426508
1519683846 1652252 678991768213 1036388426508
1519683856 1652253 678991768213 1036388426508
1519683866 1652257 678991768213 1036388426508
1519683876 1652257 678991768213 1036388426508
1519683886 1652257 678991768213 1036388426508
1519683896 1652258 678991768213 1036388426508
1519683907 1652259 678991768213 1036388426508
1519683917 1652259 678991768213 1036388426508
1519683927 1652260 678991768213 1036388426508
1519683937 1652261 678991768213 1036388426508
1519683947 1652264 678991768213 1036388426508
1519683957 1652264 678991768213 1036388426508
1519683968 1652265 678991768213 1036388426508
1519683978 1652266 678991768213 1036388426508
1519683988 1652266 678991768213 1036388426508
1519683998 1652267 678991768213 1036388426508
1519684008 1652268 678991768213 1036388426508
1519684018 1652271 678991768213 1036388426508
1519684029 1652271 678991768213 1036388426508
1519684039 1652272 678991768213 1036388426508
1519684049 1652272 678991768213 1036388426508
1519684059 1652272 678991768213 1036388426508
1519684069 1652273 678991768213 1036388426508
1519684079 1652274 678991768213 1036388426508
1519684089 1652274 678991768213 1036388426508
1519684100 1652278 678991768213 1036388426508
1519684110 1652279 678991768213 1036388426508
1519684120 1652279 678991768213 1036388426508
1519684130 1652280 678991768213 1036388426508
1519684140 1652281 678991768213 1036388426508
1519684150 1652281 678991768213 1036388426508
1519684160 1652281 678991768213 1036388426508
1519684171 1652285 678991768213 1036388426508
1519684181 1652285 678991768213 1036388426508
1519684191 1652285 678991768213 1036388426508
1519684201 1652286 678991768213 1036388426508
1519684211 1652286 678991768213 1036388426508
1519684221 1652286 678991768213 1036388426508
1519684232 1652287 678991768213 1036388426508
1519684242 1652291 678991768213 1036388426508
1519684252 1652291 678991768213 1036388426508
1519684262 1652291 678991768213 1036388426508
1519684272 1652292 678991768213 1036388426508
1519684282 1652292 678991768213 1036388426508
1519684292 1652292 678991768213 1036388426508
1519684303 1652293 678991768213 1036388426508
1519684313 1652293 678991768213 1036388426508
1519684323 1652296 678991768213 1036388426508
1519684333 1652297 678991768213 1036388426508
1519684343 1652298 678991768213 1036388426508
1519684353 1652298 678991768213 1036388426508
1519684363 1652299 678991768213 1036388426508
1519684374 1652300 678991768213 1036388426508
1519684384 1652300 678991768213 1036388426508
1519684394 1652303 678991768213 1036388426508
1519684404 1652304 678991768213 1036388426508
1519684414 1652304 678991768213 1036388426508
1519684424 1652304 678991768213 1036388426508
1519684434 1652305 678991768213 1036388426508
1519684445 1652305 678991768213 1036388426508
1519684455 1652305 678991768213 1036388426508
1519684465 1652306 678991768213 1036388426508
1519684475 1652310 678991768213 1036388426508
1519684486 1652311 678991768213 1036388426508
1519684496 1652312 678991768213 1036388426508
1519684506 1652312 678991768213 1036388426508
1519684516 1652312 678991768213 1036388426508
1519684526 1652313 678991768213 1036388426508
1519684537 1652313 678991768213 1036388426508
1519684547 1652316 678991768213 1036388426508
1519684557 1652317 678991768213 1036388426508
1519684567 1652318 678991768213 1036388426508
1519684577 1652318 678991768213 1036388426508
1519684587 1652319 678991768213 1036388426508
1519684597 1652320 678991768213 1036388426508
1519684608 1652320 678991768213 1036388426508
1519684618 1652324 678991768213 1036388426508
1519684628 1652325 678991768213 1036388426508
1519684638 1652325 678991768213 1036388426508
1519684648 1652325 678991768213 1036388426508
1519684659 1652326 678991768213 1036388426508
1519684669 1652326 678991768213 1036388426508
1519684679 1652326 678991768213 1036388426508
1519684689 1652327 678991768213 1036388426508
1519684699 1652331 678991768213 1036388426508
1519684709 1652331 678991768213 1036388426508
1519684719 1652331 678991768213 1036388426508
1519684730 1652332 678991768213 1036388426508
1519684740 1652332 678991768213 1036388426508
1519684750 1652332 678991768213 1036388426508
1519684760 1652333 678991768213 1036388426508
1519684770 1652337 678991768213 1036388426508
1519684780 1652337 678991768213 1036388426508
1519684791 1652338 678991768213 1036388426508
1519684801 1652339 678991768213 1036388426508
1519684811 1652339 678991768213 1036388426508
1519684821 1652339 678991768213 1036388426508
1519684831 1652340 678991768213 1036388426508
1519684841 1652343 678991768213 1036388426508
1519684851 1652343 678991768213 1036388426508
1519684862 1652344 678991768213 1036388426508
1519684872 1652345 678991768213 1036388426508
1519684882 1652345 678991768213 1036388426508
1519684892 1652346 678991768213 1036388426508
1519684902 1652347 678991768213 1036388426508
1519684913 1652347 678991768213 1036388426508
1519684923 1652350 678991768213 1036388426508
1519684933 1652351 678991768213 1036388426508
1519684943 1652351 678991768213 1036388426508
1519684953 1652351 678991768213 1036388426508
1519684963 1652352 678991768213 1036388426508
1519684973 1652352 678991768213 1036388426508
1519684984 1652352 678991768213 1036388426508
1519684994 1652356 678991768213 1036388426508
1519685004 1652357 678991768213 1036388426508
1519685014 1652357 678991768213 1036388426508
1519685024 1652358 678991768213 1036388426508
1519685034 1652359 678991768213 1036388426508
1519685045 1652359 678991768213 1036388426508
1519685055 1652359 678991768213 1036388426508
1519685065 1652360 678991768213 1036388426508
1519685075 1652363 678991768213 1036388426508
1519685085 1652364 678991768213 1036388426508
1519685095 1652365 678991768213 1036388426508
1519685106 1652365 678991768213 1036388426508
1519685116 1652366 678991768213 1036388426508
1519685126 1652367 678991768213 1036388426508
1519685136 1652367 678991768213 1036388426508
1519685146 1652371 678991768213 1036388426508
1519685157 1652372 678991768213 1036388426508
1519685167 1652372 678991768213 1036388426508
1519685177 1652372 678991768213 1036388426508
1519685188 1652373 678991768213 1036388426508
1519685198 1652373 678991768213 1036388426508
1519685208 1652373 678991768213 1036388426508
1519685218 1652377 678991768213 1036388426508
1519685228 1652378 678991768213 1036388426508
1519685238 1652378 678991768213 1036388426508
1519685249 1652379 678991768213 1036388426508
1519685259 1652380 678991768213 1036388426508
1519685269 1652380 678991768213 1036388426508
1519685279 1652381 678991768213 1036388426508
1519685289 1652382 678991768213 1036388426508
1519685299 1652385 678991768213 1036388426508
1519685309 1652386 678991768213 1036388426508
1519685320 1652387 678991768213 1036388426508
1519685330 1652387 678991768213 1036388426508
1519685340 1652387 678991768213 1036388426508
1519685351 1652388 678991768213 1036388426508
1519685361 1652388 678991768213 1036388426508
1519685371 1652391 678991768213 1036388426508
1519685381 1652392 678991768213 1036388426508
1519685391 1652393 678991768213 1036388426508
1519685401 1652393 678991768213 1036388426508
1519685412 1652394 678991768213 1036388426508
1519685422 1652395 678991768213 1036388426508
1519685432 1652395 678991768213 1036388426508
1519685442 1652399 678991768213 1036388426508
1519685452 1652400 678991768213 1036388426508
1519685463 1652400 678991768213 1036388426508
1519685473 1652401 678991768213 1036388426508
1519685483 1652402 678991768213 1036388426508
1519685493 1652402 678991768213 1036388426508
1519685503 1652403 678991768213 1036388426508
1519685514 1652404 678991768213 1036388426508
1519685524 1652407 678991768213 1036388426508
1519685534 1652408 678991768213 1036388426508
1519685544 1652409 678991768213 1036388426508
1519685554 1652409 678991768213 1036388426508
1519685564 1652409 678991768213 1036388426508
1519685574 1652410 678991768213 1036388426508
1519685585 1652410 678991768213 1036388426508
1519685595 1652413 678991768213 1036388426508
1519685605 1652414 678991768213 1036388426508
1519685616 1652415 678991768213 1036388426508
1519685626 1652416 678991768213 1036388426508
1519685637 1652417 678991768213 1036388426508
1519685647 1652417 678991768213 1036388426508
1519685657 1652417 678991768213 1036388426508
1519685667 1652421 678991768213 1036388426508
1519685677 1652422 678991768213 1036388426508
1519685687 1652422 678991768213 1036388426508
1519685698 1652423 678991768213 1036388426508
1519685708 1652424 678991768213 1036388426508
1519685718 1652424 678991768213 1036388426508
1519685729 1652424 678991768213 1036388426508
1519685739 1652425 678991768213 1036388426508
1519685749 1652429 678991768213 1036388426508
1519685759 1652429 678991768213 1036388426508
1519685769 1652430 678991768213 1036388426508
1519685779 1652431 678991768213 1036388426508
1519685789 1652431 678991768213 1036388426508
1519685800 1652431 678991768213 1036388426508
1519685810 1652432 678991768213 1036388426508
1519685820 1652436 678991768213 1036388426508
1519685830 1652436 678991768213 1036388426508
1519685841 1652436 678991768213 1036388426508
1519685851 1652437 678991768213 1036388426508
1519685861 1652437 678991768213 1036388426508
1519685872 1652437 678991768213 1036388426508
1519685882 1652438 678991768213 1036388426508
1519685892 1652442 678991768213 1036388426508
1519685902 1652442 678991768213 1036388426508
1519685912 1652442 678991768213 1036388426508
1519685923 1652443 678991768213 1036388426508
1519685933 1652444 678991768213 1036388426508
1519685943 1652444 678991768213 1036388426508
1519685953 1652444 678991768213 1036388426508
1519685963 1652445 678991768213 1036388426508
1519685973 1652449 678991768213 1036388426508
1519685983 1652449 678991768213 1036388426508
1519685994 1652449 678991768213 1036388426508
1519686004 1652450 678991768213 1036388426508
1519686014 1652451 678991768213 1036388426508
1519686024 1652451 678991768213 1036388426508
1519686034 1652451 678991768213 1036388426508
1519686044 1652455 678991768213 1036388426508
1519686055 1652456 678991768213 1036388426508
1519686065 1652456 678991768213 1036388426508
1519686075 1652456 678991768213 1036388426508
1519686085 1652457 678991768213 1036388426508
1519686095 1652458 678991768213 1036388426508
1519686105 1652458 678991768213 1036388426508
1519686115 1652459 678991768213 1036388426508
1519686126 1652463 678991768213 1036388426508
1519686136 1652463 678991768213 1036388426508
1519686146 1652463 678991768213 1036388426508
1519686156 1652464 678991768213 1036388426508
1519686166 1652465 678991768213 1036388426508
1519686176 1652465 678991768213 1036388426508
1519686186 1652465 678991768213 1036388426508
1519686197 1652469 678991768213 1036388426508
1519686207 1652471 678991768213 1036388426508
1519686217 1652471 678991768213 1036388426508
1519686227 1652471 678991768213 1036388426508
1519686237 1652471 678991768213 1036388426508
1519686247 1652471 678991768213 1036388426508
1519686257 1652471 678991768213 1036388426508
1519686268 1652473 678991768213 1036388426508
1519686278 1652473 678991768213 1036388426508
1519686288 1652473 678991768213 1036388426508
1519686298 1652473 678991768213 1036388426508
1519686308 1652473 678991768213 1036388426508
1519686318 1652473 678991768213 1036388426508
1519686329 1652473 678991768213 1036388426508
1519686339 1652473 678991768213 1036388426508
1519686349 1652477 678991768213 1036388426508
1519686359 1652478 678991768213 1036388426508
1519686369 1652478 678991768213 1036388426508
1519686380 1652478 678991768213 1036388426508
1519686390 1652478 678991768213 1036388426508
1519686400 1652478 678991768213 1036388426508
1519686411 1652478 678991768213 1036388426508
1519686421 1652481 678991768213 1036388426508
1519686431 1652481 678991768213 1036388426508
1519686441 1652481 678991768213 1036388426508
1519686451 1652481 678991768213 1036388426508
1519686461 1652481 678991768213 1036388426508
1519686471 1652481 678991768213 1036388426508
1519686482 1652481 678991768213 1036388426508
1519686492 1652481 678991768213 1036388426508
1519686502 1652485 678991768213 1036388426508
1519686512 1652485 678991768213 1036388426508
1519686522 1652485 678991768213 1036388426508
1519686532 1652486 678991768213 1036388426508
1519686543 1652486 678991768213 1036388426508
1519686553 1652486 678991768213 1036388426508
1519686563 1652486 678991768213 1036388426508
1519686573 1652489 678991768213 1036388426508
1519686583 1652489 678991768213 1036388426508
1519686593 1652489 678991768213 1036388426508
1519686603 1652489 678991768213 1036388426508
1519686614 1652489 678991768213 1036388426508
1519686624 1652489 678991768213 1036388426508
1519686634 1652489 678991768213 1036388426508
1519686645 1652493 678991768213 1036388426508
1519686655 1652493 678991768213 1036388426508
1519686665 1652493 678991768213 1036388426508
1519686676 1652493 678991768213 1036388426508
1519686686 1652493 678991768213 1036388426508
1519686696 1652493 678991768213 1036388426508
1519686706 1652493 678991768213 1036388426508
1519686716 1652493 678991768213 1036388426508
1519686726 1652497 678991768213 1036388426508
1519686736 1652497 678991768213 1036388426508
1519686747 1652497 678991768213 1036388426508
1519686757 1652497 678991768213 1036388426508
1519686767 1652497 678991768213 1036388426508
1519686777 1652497 678991768213 1036388426508
1519686787 1652497 678991768213 1036388426508
1519686797 1652501 678991768213 1036388426508
1519686807 1652501 678991768213 1036388426508
1519686818 1652501 678991768213 1036388426508
1519686828 1652501 678991768213 1036388426508
1519686838 1652501 678991768213 1036388426508
1519686848 1652501 678991768213 1036388426508
1519686858 1652501 678991768213 1036388426508
1519686868 1652505 678991768213 1036388426508
1519686878 1652505 678991768213 1036388426508
1519686889 1652505 678991768213 1036388426508
1519686899 1652505 678991768213 1036388426508
1519686909 1652505 678991768213 1036388426508
1519686919 1652505 678991768213 1036388426508
1519686929 1652505 678991768213 1036388426508
1519686939 1652505 678991768213 1036388426508
1519686949 1652509 678991768213 1036388426508
1519686960 1652509 678991768213 1036388426508
1519686970 1652509 678991768213 1036388426508
1519686980 1652509 678991768213 1036388426508
1519686990 1652509 678991768213 1036388426508
1519687000 1652509 678991768213 1036388426508
1519687010 1652509 678991768213 1036388426508
1519687021 1652513 678991768213 1036388426508
1519687031 1652513 678991768213 1036388426508
1519687041 1652513 678991768213 1036388426508
1519687051 1652513 678991768213 1036388426508
1519687061 1652513 678991768213 1036388426508
1519687071 1652513 678991768213 1036388426508
1519687081 1652513 678991768213 1036388426508
1519687092 1652513 678991768213 1036388426508
1519687102 1652517 678991768213 1036388426508
1519687112 1652517 678991768213 1036388426508
1519687122 1652517 678991768213 1036388426508
1519687132 1652517 678991768213 1036388426508
1519687142 1652517 678991768213 1036388426508
1519687153 1652517 678991768213 1036388426508
1519687163 1652517 678991768213 1036388426508
1519687173 1652521 678991768213 1036388426508
1519687184 1652521 678991768213 1036388426508
1519687194 1652521 678991768213 1036388426508
1519687204 1652521 678991768213 1036388426508
1519687214 1652521 678991768213 1036388426508
1519687224 1652521 678991768213 1036388426508
1519687234 1652521 678991768213 1036388426508
1519687245 1652525 678991768213 1036388426508
1519687255 1652525 678991768213 1036388426508
1519687265 1652525 678991768213 1036388426508
1519687275 1652525 678991768213 1036388426508
1519687285 1652525 678991768213 1036388426508
1519687295 1652525 678991768213 1036388426508
1519687305 1652525 678991768213 1036388426508
1519687316 1652525 678991768213 1036388426508
1519687326 1652529 678991768213 1036388426508
1519687336 1652529 678991768213 1036388426508
1519687346 1652529 678991768213 1036388426508
1519687356 1652529 678991768213 1036388426508
1519687366 1652529 678991768213 1036388426508
1519687376 1652529 678991768213 1036388426508
1519687387 1652529 678991768213 1036388426508
1519687397 1652533 678991768213 1036388426508
1519687407 1652533 678991768213 1036388426508
1519687417 1652533 678991768213 1036388426508
1519687427 1652533 678991768213 1036388426508
1519687437 1652533 678991768213 1036388426508
1519687448 1652533 678991768213 1036388426508
1519687458 1652533 678991768213 1036388426508
1519687468 1652537 678991768213 1036388426508
1519687478 1652537 678991768213 1036388426508
1519687488 1652537 678991768213 1036388426508
1519687498 1652537 678991768213 1036388426508
1519687508 1652537 678991768213 1036388426508
1519687519 1652537 678991768213 1036388426508
1519687529 1652537 678991768213 1036388426508
1519687539 1652537 678991768213 1036388426508
1519687549 1652541 678991768213 1036388426508
1519687559 1652541 678991768213 1036388426508
1519687569 1652541 678991768213 1036388426508
1519687579 1652541 678991768213 1036388426508
1519687590 1652541 678991768213 1036388426508
1519687600 1652541 678991768213 1036388426508
1519687610 1652541 678991768213 1036388426508
1519687620 1652545 678991768213 1036388426508
1519687630 1652545 678991768213 1036388426508
1519687640 1652545 678991768213 1036388426508
1519687650 1652545 678991768213 1036388426508
1519687660 1652545 678991768213 1036388426508
1519687671 1652545 678991768213 1036388426508
1519687681 1652545 678991768213 1036388426508
1519687691 1652545 678991768213 1036388426508
1519687701 1652549 678991768213 1036388426508
1519687712 1652549 678991768213 1036388426508
1519687722 1652549 678991768213 1036388426508
1519687732 1652549 678991768213 1036388426508
1519687743 1652549 678991768213 1036388426508
1519687753 1652549 678991768213 1036388426508
1519687763 1652549 678991768213 1036388426508
1519687773 1652553 678991768213 1036388426508
1519687783 1652553 678991768213 1036388426508
1519687794 1652553 678991768213 1036388426508
1519687804 1652553 678991768213 1036388426508
1519687814 1652553 678991768213 1036388426508
1519687824 1652553 678991768213 1036388426508
1519687835 1652553 678991768213 1036388426508
1519687845 1652557 678991768213 1036388426508
1519687855 1652557 678991768213 1036388426508
1519687865 1652557 678991768213 1036388426508
1519687876 1652557 678991768213 1036388426508
1519687886 1652557 678991768213 1036388426508
1519687896 1652557 678991768213 1036388426508
1519687906 1652557 678991768213 1036388426508
1519687916 1652557 678991768213 1036388426508
1519687927 1652561 678991768213 1036388426508
1519687937 1652561 678991768213 1036388426508
1519687947 1652561 678991768213 1036388426508
1519687957 1652561 678991768213 1036388426508
1519687967 1652561 678991768213 1036388426508
1519687978 1652561 678991768213 1036388426508
1519687988 1652561 678991768213 1036388426508
1519687998 1652565 678991768213 1036388426508
1519688008 1652565 678991768213 1036388426508
1519688018 1652565 678991768213 1036388426508
1519688028 1652565 678991768213 1036388426508
1519688038 1652565 678991768213 1036388426508
1519688049 1652565 678991768213 1036388426508
1519688059 1652565 678991768213 1036388426508
1519688069 1652569 678991768213 1036388426508
1519688079 1652569 678991768213 1036388426508
1519688090 1652569 678991768213 1036388426508
1519688100 1652569 678991768213 1036388426508
1519688110 1652569 678991768213 1036388426508
1519688120 1652569 678991768213 1036388426508
1519688130 1652569 678991768213 1036388426508
1519688140 1652569 678991768213 1036388426508
1519688151 1652573 678991768213 1036388426508
1519688161 1652573 678991768213 1036388426508
1519688171 1652573 678991768213 1036388426508
1519688181 1652573 678991768213 1036388426508
1519688191 1652573 678991768213 1036388426508
1519688201 1652573 678991768213 1036388426508
1519688212 1652573 678991768213 1036388426508
1519688222 1652577 678991768213 1036388426508
1519688232 1652577 678991768213 1036388426508
1519688242 1652577 678991768213 1036388426508
1519688252 1652577 678991768213 1036388426508
1519688262 1652577 678991768213 1036388426508
1519688272 1652577 678991768213 1036388426508
1519688283 1652577 678991768213 1036388426508
1519688293 1652581 678991768213 1036388426508
1519688304 1652581 678991768213 1036388426508
1519688314 1652581 678991768213 1036388426508
1519688324 1652581 678991768213 1036388426508
1519688334 1652581 678991768213 1036388426508
1519688344 1652581 678991768213 1036388426508
1519688355 1652581 678991768213 1036388426508
1519688365 1652581 678991768213 1036388426508
1519688375 1652585 678991768213 1036388426508
1519688385 1652585 678991768213 1036388426508
1519688395 1652585 678991768213 1036388426508
1519688405 1652585 678991768213 1036388426508
1519688416 1652585 678991768213 1036388426508
1519688426 1652585 678991768213 1036388426508
1519688436 1652585 678991768213 1036388426508
1519688446 1652589 678991768213 1036388426508
1519688456 1652589 678991768213 1036388426508
1519688466 1652589 678991768213 1036388426508
1519688477 1652589 678991768213 1036388426508
1519688487 1652589 678991768213 1036388426508
1519688497 1652589 678991768213 1036388426508
1519688507 1652589 678991768213 1036388426508
1519688518 1652589 678991768213 1036388426508
1519688528 1652593 678991768213 1036388426508
1519688539 1652593 678991768213 1036388426508
1519688549 1652593 678991768213 1036388426508
1519688560 1652593 678991768213 1036388426508
1519688570 1652593 678991768213 1036388426508
1519688580 1652593 678991768213 1036388426508
1519688590 1652593 678991768213 1036388426508
1519688601 1652597 678991768213 1036388426508
1519688611 1652597 678991768213 1036388426508
1519688621 1652597 678991768213 1036388426508
1519688631 1652597 678991768213 1036388426508
1519688641 1652597 678991768213 1036388426508
1519688652 1652597 678991768213 1036388426508
1519688662 1652597 678991768213 1036388426508
1519688672 1652601 678991768213 1036388426508
1519688684 1652601 678991768213 1036388426508
1519688694 1652601 678991768213 1036388426508
1519688704 1652601 678991768213 1036388426508
1519688714 1652601 678991768213 1036388426508
1519688724 1652601 678991768213 1036388426508
1519688735 1652601 678991768213 1036388426508
1519688745 1652605 678991768213 1036388426508
1519688756 1652605 678991768213 1036388426508
1519688766 1652605 678991768213 1036388426508
1519688776 1652605 678991768213 1036388426508
1519688786 1652605 678991768213 1036388426508
1519688796 1652605 678991768213 1036388426508
1519688806 1652605 678991768213 1036388426508
1519688817 1652605 678991768213 1036388426508
1519688827 1652609 678991768213 1036388426508
1519688837 1652609 678991768213 1036388426508
1519688847 1652609 678991768213 1036388426508
1519688857 1652609 678991768213 1036388426508
1519688868 1652609 678991768213 1036388426508
1519688878 1652609 678991768213 1036388426508
1519688888 1652609 678991768213 1036388426508
1519688898 1652613 678991768213 1036388426508
1519688909 1652613 678991768213 1036388426508
1519688919 1652613 678991768213 1036388426508
1519688929 1652613 678991768213 1036388426508
1519688940 1652613 678991768213 1036388426508
1519688950 1652613 678991768213 1036388426508
1519688960 1652613 678991768213 1036388426508
1519688970 1652617 678991768213 1036388426508
1519688980 1652617 678991768213 1036388426508
1519688990 1652617 678991768213 1036388426508
1519689001 1652617 678991768213 1036388426508
1519689011 1652617 678991768213 1036388426508
1519689021 1652617 678991768213 1036388426508
1519689031 1652617 678991768213 1036388426508
1519689041 1652617 678991768213 1036388426508
1519689052 1652621 678991768213 1036388426508
1519689062 1652621 678991768213 1036388426508
1519689072 1652621 678991768213 1036388426508
1519689082 1652621 678991768213 1036388426508
1519689092 1652621 678991768213 1036388426508
1519689103 1652621 678991768213 1036388426508
1519689113 1652621 678991768213 1036388426508
1519689123 1652625 678991768213 1036388426508
1519689133 1652625 678991768213 1036388426508
1519689144 1652625 678991768213 1036388426508
1519689154 1652625 678991768213 1036388426508
1519689164 1652625 678991768213 1036388426508
1519689174 1652625 678991768213 1036388426508
1519689184 1652625 678991768213 1036388426508
1519689194 1652629 678991768213 1036388426508
1519689205 1652629 678991768213 1036388426508
1519689215 1652629 678991768213 1036388426508
1519689225 1652629 678991768213 1036388426508
1519689235 1652629 678991768213 1036388426508
1519689246 1652629 678991768213 1036388426508
1519689256 1652629 678991768213 1036388426508
1519689266 1652629 678991768213 1036388426508
1519689276 1652633 678991768213 1036388426508
1519689286 1652633 678991768213 1036388426508
1519689297 1652633 678991768213 1036388426508
1519689307 1652633 678991768213 1036388426508
1519689317 1652633 678991768213 1036388426508
1519689327 1652633 678991768213 1036388426508
1519689337 1652633 678991768213 1036388426508
1519689347 1652637 678991768213 1036388426508
1519689358 1652637 678991768213 1036388426508
1519689368 1652637 678991768213 1036388426508
1519689378 1652637 678991768213 1036388426508
1519689388 1652637 678991768213 1036388426508
1519689398 1652637 678991768213 1036388426508
1519689408 1652637 678991768213 1036388426508
1519689418 1652641 678991768213 1036388426508
1519689429 1652641 678991768213 1036388426508
1519689439 1652641 678991768213 1036388426508
1519689449 1652641 678991768213 1036388426508
1519689459 1652641 678991768213 1036388426508
1519689469 1652641 678991768213 1036388426508
1519689480 1652641 678991768213 1036388426508
1519689490 1652641 678991768213 1036388426508
1519689500 1652645 678991768213 1036388426508
1519689510 1652645 678991768213 1036388426508
1519689520 1652645 678991768213 1036388426508
1519689530 1652645 678991768213 1036388426508
1519689540 1652645 678991768213 1036388426508
1519689551 1652645 678991768213 1036388426508
1519689561 1652645 678991768213 1036388426508
1519689571 1652649 678991768213 1036388426508
1519689581 1652649 678991768213 1036388426508
1519689591 1652649 678991768213 1036388426508
1519689601 1652649 678991768213 1036388426508
1519689612 1652649 678991768213 1036388426508
1519689622 1652649 678991768213 1036388426508
1519689632 1652649 678991768213 1036388426508
1519689642 1652649 678991768213 1036388426508
1519689652 1652653 678991768213 1036388426508
1519689662 1652653 678991768213 1036388426508
1519689672 1652653 678991768213 1036388426508
1519689683 1652653 678991768213 1036388426508
1519689693 1652653 678991768213 1036388426508
1519689703 1652653 678991768213 1036388426508
1519689713 1652653 678991768213 1036388426508
1519689723 1652657 678991768213 1036388426508
1519689733 1652657 678991768213 1036388426508
1519689744 1652657 678991768213 1036388426508
1519689754 1652657 678991768213 1036388426508
1519689764 1652657 678991768213 1036388426508
1519689774 1652657 678991768213 1036388426508
1519689784 1652657 678991768213 1036388426508
1519689794 1652661 678991768213 1036388426508
1519689804 1652661 678991768213 1036388426508
1519689815 1652661 678991768213 1036388426508
1519689825 1652661 678991768213 1036388426508
1519689835 1652661 678991768213 1036388426508
1519689845 1652661 678991768213 1036388426508
1519689855 1652661 678991768213 1036388426508
1519689865 1652661 678991768213 1036388426508
1519689875 1652665 678991768213 1036388426508
1519689886 1652665 678991768213 1036388426508
1519689896 1652665 678991768213 1036388426508
1519689906 1652665 678991768213 1036388426508
1519689916 1652665 678991768213 1036388426508
1519689926 1652665 678991768213 1036388426508
1519689936 1652665 678991768213 1036388426508
1519689947 1652669 678991768213 1036388426508
1519689957 1652669 678991768213 1036388426508
1519689967 1652669 678991768213 1036388426508
1519689977 1652669 678991768213 1036388426508
1519689987 1652669 678991768213 1036388426508
1519689997 1652669 678991768213 1036388426508
1519690007 1652669 678991768213 1036388426508
1519690018 1652669 678991768213 1036388426508
1519690028 1652673 678991768213 1036388426508
1519690038 1652673 678991768213 1036388426508
1519690048 1652673 678991768213 1036388426508
1519690058 1652673 678991768213 1036388426508
1519690068 1652673 678991768213 1036388426508
1519690079 1652673 678991768213 1036388426508
1519690089 1652673 678991768213 1036388426508
1519690099 1652677 678991768213 1036388426508
1519690109 1652677 678991768213 1036388426508
1519690119 1652677 678991768213 1036388426508
1519690129 1652677 678991768213 1036388426508
1519690139 1652677 678991768213 1036388426508
1519690150 1652677 678991768213 1036388426508
1519690160 1652677 678991768213 1036388426508
1519690170 1652681 678991768213 1036388426508
1519690180 1652681 678991768213 1036388426508
1519690190 1652681 678991768213 1036388426508
1519690200 1652681 678991768213 1036388426508
1519690210 1652681 678991768213 1036388426508
1519690221 1652681 678991768213 1036388426508
1519690231 1652681 678991768213 1036388426508
1519690241 1652681 678991768213 1036388426508
1519690251 1652685 678991768213 1036388426508
1519690261 1652685 678991768213 1036388426508
1519690271 1652685 678991768213 1036388426508
1519690282 1652685 678991768213 1036388426508
1519690292 1652685 678991768213 1036388426508
1519690302 1652685 678991768213 1036388426508
1519690312 1652685 678991768213 1036388426508
1519690322 1652689 678991768213 1036388426508
1519690332 1652689 678991768213 1036388426508
1519690342 1652689 678991768213 1036388426508
1519690353 1652689 678991768213 1036388426508
1519690363 1652689 678991768213 1036388426508
1519690373 1652689 678991768213 1036388426508
1519690383 1652689 678991768213 1036388426508
1519690394 1652693 678991768213 1036388426508
1519690404 1652693 678991768213 1036388426508
1519690414 1652693 678991768213 1036388426508
1519690424 1652693 678991768213 1036388426508
1519690434 1652693 678991768213 1036388426508
1519690444 1652693 678991768213 1036388426508
1519690454 1652693 678991768213 1036388426508
1519690465 1652693 678991768213 1036388426508
1519690475 1652697 678991768213 1036388426508
1519690485 1652697 678991768213 1036388426508
1519690495 1652697 678991768213 1036388426508
1519690505 1652697 678991768213 1036388426508
1519690515 1652697 678991768213 1036388426508
1519690526 1652697 678991768213 1036388426508
1519690536 1652697 678991768213 1036388426508
1519690546 1652701 678991768213 1036388426508
1519690556 1652701 678991768213 1036388426508
1519690566 1652701 678991768213 1036388426508
1519690576 1652701 678991768213 1036388426508
1519690586 1652701 678991768213 1036388426508
1519690597 1652701 678991768213 1036388426508
1519690607 1652701 678991768213 1036388426508
1519690617 1652701 678991768213 1036388426508
1519690627 1652705 678991768213 1036388426508
1519690637 1652705 678991768213 1036388426508
1519690647 1652705 678991768213 1036388426508
1519690658 1652705 678991768213 1036388426508
1519690668 1652705 678991768213 1036388426508
1519690678 1652705 678991768213 1036388426508
1519690688 1652705 678991768213 1036388426508
1519690698 1652709 678991768213 1036388426508
1519690708 1652709 678991768213 1036388426508
1519690718 1652709 678991768213 1036388426508
1519690729 1652709 678991768213 1036388426508
1519690739 1652709 678991768213 1036388426508
1519690749 1652709 678991768213 1036388426508
1519690759 1652709 678991768213 1036388426508
1519690769 1652713 678991768213 1036388426508
1519690780 1652713 678991768213 1036388426508
1519690790 1652713 678991768213 1036388426508
1519690800 1652713 678991768213 1036388426508
1519690810 1652713 678991768213 1036388426508
1519690820 1652713 678991768213 1036388426508
1519690831 1652713 678991768213 1036388426508
1519690841 1652713 678991768213 1036388426508
1519690852 1652717 678991768213 1036388426508
1519690862 1652717 678991768213 1036388426508
1519690872 1652717 678991768213 1036388426508
1519690882 1652717 678991768213 1036388426508
1519690893 1652717 678991768213 1036388426508
1519690903 1652717 678991768213 1036388426508
1519690913 1652717 678991768213 1036388426508
1519690923 1652721 678991768213 1036388426508
1519690933 1652721 678991768213 1036388426508
1519690943 1652721 678991768213 1036388426508
1519690953 1652721 678991768213 1036388426508
1519690964 1652721 678991768213 1036388426508
1519690974 1652721 678991768213 1036388426508
1519690984 1652721 678991768213 1036388426508
1519690994 1652725 678991768213 1036388426508
1519691004 1652725 678991768213 1036388426508
1519691014 1652725 678991768213 1036388426508
1519691024 1652725 678991768213 1036388426508
1519691035 1652725 678991768213 1036388426508
1519691045 1652725 678991768213 1036388426508
1519691055 1652725 678991768213 1036388426508
1519691065 1652725 678991768213 1036388426508
1519691075 1652729 678991768213 1036388426508
1519691085 1652729 678991768213 1036388426508
1519691096 1652729 678991768213 1036388426508
1519691106 1652729 678991768213 1036388426508
1519691116 1652729 678991768213 1036388426508
1519691126 1652729 678991768213 1036388426508
1519691136 1652729 678991768213 1036388426508
1519691146 1652733 678991768213 1036388426508
1519691156 1652733 678991768213 1036388426508
1519691167 1652733 678991768213 1036388426508
1519691177 1652733 678991768213 1036388426508
1519691187 1652733 678991768213 1036388426508
1519691197 1652733 678991768213 1036388426508
1519691207 1652733 678991768213 1036388426508
1519691217 1652733 678991768213 1036388426508
1519691227 1652737 678991768213 1036388426508
1519691238 1652737 678991768213 1036388426508
1519691248 1652737 678991768213 1036388426508
1519691258 1652737 678991768213 1036388426508
1519691268 1652737 678991768213 1036388426508
1519691279 1652737 678991768213 1036388426508
1519691289 1652737 678991768213 1036388426508
1519691299 1652741 678991768213 1036388426508
1519691309 1652741 678991768213 1036388426508
1519691320 1652741 678991768213 1036388426508
1519691330 1652741 678991768213 1036388426508
1519691340 1652741 678991768213 1036388426508
1519691351 1652741 678991768213 1036388426508
1519691361 1652741 678991768213 1036388426508
1519691371 1652745 678991768213 1036388426508
1519691382 1652745 678991768213 1036388426508
1519691392 1652745 678991768213 1036388426508
1519691402 1652745 678991768213 1036388426508
1519691412 1652745 678991768213 1036388426508
1519691422 1652745 678991768213 1036388426508
1519691432 1652745 678991768213 1036388426508
1519691443 1652745 678991768213 1036388426508
1519691453 1652749 678991768213 1036388426508
1519691463 1652749 678991768213 1036388426508
1519691473 1652749 678991768213 1036388426508
1519691483 1652749 678991768213 1036388426508
1519691493 1652749 678991768213 1036388426508
1519691504 1652749 678991768213 1036388426508
1519691514 1652749 678991768213 1036388426508
1519691524 1652753 678991768213 1036388426508
1519691534 1652753 678991768213 1036388426508
1519691544 1652753 678991768213 1036388426508
1519691554 1652753 678991768213 1036388426508
1519691564 1652753 678991768213 1036388426508
1519691575 1652753 678991768213 1036388426508
1519691585 1652753 678991768213 1036388426508
1519691595 1652757 678991768213 1036388426508
1519691605 1652757 678991768213 1036388426508
1519691615 1652757 678991768213 1036388426508
1519691625 1652757 678991768213 1036388426508
1519691635 1652757 678991768213 1036388426508
1519691646 1652757 678991768213 1036388426508
1519691656 1652757 678991768213 1036388426508
1519691666 1652757 678991768213 1036388426508
1519691677 1652761 678991768213 1036388426508
1519691687 1652761 678991768213 1036388426508
1519691697 1652761 678991768213 1036388426508
1519691707 1652761 678991768213 1036388426508
1519691718 1652761 678991768213 1036388426508
1519691728 1652761 678991768213 1036388426508
1519691739 1652761 678991768213 1036388426508
1519691749 1652765 678991768213 1036388426508
1519691759 1652765 678991768213 1036388426508
1519691769 1652765 678991768213 1036388426508
1519691780 1652765 678991768213 1036388426508
1519691790 1652765 678991768213 1036388426508
1519691800 1652765 678991768213 1036388426508
1519691810 1652765 678991768213 1036388426508
1519691821 1652769 678991768213 1036388426508
1519691831 1652769 678991768213 1036388426508
1519691841 1652769 678991768213 1036388426508
1519691851 1652769 678991768213 1036388426508
1519691861 1652769 678991768213 1036388426508
1519691872 1652769 678991768213 1036388426508
1519691882 1652769 678991768213 1036388426508
1519691892 1652769 678991768213 1036388426508
1519691902 1652773 678991768213 1036388426508
1519691912 1652773 678991768213 1036388426508
1519691922 1652773 678991768213 1036388426508
1519691932 1652773 678991768213 1036388426508
1519691943 1652773 678991768213 1036388426508
1519691953 1652773 678991768213 1036388426508
1519691963 1652773 678991768213 1036388426508
1519691973 1652777 678991768213 1036388426508
1519691983 1652777 678991768213 1036388426508
1519691993 1652777 678991768213 1036388426508
1519692004 1652777 678991768213 1036388426508
1519692014 1652777 678991768213 1036388426508
1519692024 1652777 678991768213 1036388426508
1519692034 1652777 678991768213 1036388426508
1519692044 1652781 678991768213 1036388426508
1519692054 1652781 678991768213 1036388426508
1519692065 1652781 678991768213 1036388426508
1519692075 1652781 678991768213 1036388426508
1519692085 1652781 678991768213 1036388426508
1519692095 1652781 678991768213 1036388426508
1519692105 1652781 678991768213 1036388426508
1519692115 1652781 678991768213 1036388426508
1519692125 1652785 678991768213 1036388426508
1519692136 1652785 678991768213 1036388426508
1519692146 1652785 678991768213 1036388426508
1519692156 1652785 678991768213 1036388426508
1519692166 1652785 678991768213 1036388426508
1519692176 1652785 678991768213 1036388426508
1519692186 1652785 678991768213 1036388426508
1519692197 1652789 678991768213 1036388426508
1519692207 1652789 678991768213 1036388426508
1519692217 1652789 678991768213 1036388426508
1519692227 1652789 678991768213 1036388426508
1519692237 1652789 678991768213 1036388426508
1519692247 1652789 678991768213 1036388426508
1519692257 1652789 678991768213 1036388426508
1519692268 1652789 678991768213 1036388426508
1519692278 1652793 678991768213 1036388426508
1519692288 1652793 678991768213 1036388426508
1519692298 1652793 678991768213 1036388426508
1519692308 1652793 678991768213 1036388426508
1519692318 1652793 678991768213 1036388426508
1519692328 1652793 678991768213 1036388426508
1519692339 1652793 678991768213 1036388426508
1519692349 1652797 678991768213 1036388426508
1519692359 1652797 678991768213 1036388426508
1519692369 1652797 678991768213 1036388426508
1519692379 1652797 678991768213 1036388426508
1519692389 1652797 678991768213 1036388426508
1519692400 1652797 678991768213 1036388426508
1519692410 1652797 678991768213 1036388426508
1519692420 1652801 678991768213 1036388426508
1519692430 1652801 678991768213 1036388426508
1519692440 1652801 678991768213 1036388426508
1519692450 1652801 678991768213 1036388426508
1519692460 1652801 678991768213 1036388426508
1519692471 1652801 678991768213 1036388426508
1519692481 1652801 678991768213 1036388426508
1519692491 1652801 678991768213 1036388426508
1519692501 1652805 678991768213 1036388426508
1519692511 1652805 678991768213 1036388426508
1519692521 1652805 678991768213 1036388426508
1519692531 1652805 678991768213 1036388426508
1519692542 1652805 678991768213 1036388426508
1519692552 1652805 678991768213 1036388426508
1519692562 1652805 678991768213 1036388426508
1519692572 1652809 678991768213 1036388426508
1519692582 1652809 678991768213 1036388426508
1519692593 1652809 678991768213 1036388426508
1519692603 1652809 678991768213 1036388426508
1519692613 1652809 678991768213 1036388426508
1519692623 1652809 678991768213 1036388426508
1519692633 1652809 678991768213 1036388426508
1519692643 1652813 678991768213 1036388426508
1519692654 1652813 678991768213 1036388426508
1519692664 1652813 678991768213 1036388426508
1519692674 1652813 678991768213 1036388426508
1519692684 1652813 678991768213 1036388426508
1519692694 1652813 678991768213 1036388426508
1519692704 1652813 678991768213 1036388426508
1519692715 1652813 678991768213 1036388426508
1519692725 1652817 678991768213 1036388426508
1519692735 1652817 678991768213 1036388426508
1519692745 1652817 678991768213 1036388426508
1519692755 1652817 678991768213 1036388426508
1519692765 1652817 678991768213 1036388426508
1519692775 1652817 678991768213 1036388426508
1519692786 1652817 678991768213 1036388426508
1519692796 1652821 678991768213 1036388426508
1519692806 1652821 678991768213 1036388426508
1519692816 1652821 678991768213 1036388426508
1519692827 1652821 678991768213 1036388426508
1519692837 1652821 678991768213 1036388426508
1519692847 1652821 678991768213 1036388426508
1519692857 1652821 678991768213 1036388426508
1519692867 1652821 678991768213 1036388426508
1519692877 1652825 678991768213 1036388426508
1519692888 1652825 678991768213 1036388426508
1519692898 1652825 678991768213 1036388426508
1519692908 1652825 678991768213 1036388426508
1519692918 1652825 678991768213 1036388426508
1519692928 1652825 678991768213 1036388426508
1519692938 1652825 678991768213 1036388426508
1519692948 1652829 678991768213 1036388426508
1519692959 1652829 678991768213 1036388426508
1519692969 1652829 678991768213 1036388426508
1519692979 1652829 678991768213 1036388426508
1519692989 1652829 678991768213 1036388426508
1519692999 1652829 678991768213 1036388426508
1519693009 1652829 678991768213 1036388426508
1519693019 1652833 678991768213 1036388426508
1519693030 1652833 678991768213 1036388426508
1519693040 1652833 678991768213 1036388426508
1519693050 1652833 678991768213 1036388426508
1519693060 1652833 678991768213 1036388426508
1519693070 1652833 678991768213 1036388426508
1519693080 1652833 678991768213 1036388426508
1519693091 1652833 678991768213 1036388426508
1519693101 1652837 678991768213 1036388426508
1519693111 1652837 678991768213 1036388426508
1519693121 1652837 678991768213 1036388426508
1519693131 1652837 678991768213 1036388426508
1519693141 1652837 678991768213 1036388426508
1519693151 1652837 678991768213 1036388426508
1519693162 1652837 678991768213 1036388426508
1519693172 1652841 678991768213 1036388426508
1519693182 1652841 678991768213 1036388426508
1519693192 1652841 678991768213 1036388426508
1519693202 1652841 678991768213 1036388426508
1519693212 1652841 678991768213 1036388426508
1519693223 1652841 678991768213 1036388426508
1519693233 1652841 678991768213 1036388426508
1519693243 1652841 678991768213 1036388426508
1519693253 1652845 678991768213 1036388426508
1519693263 1652845 678991768213 1036388426508
1519693273 1652845 678991768213 1036388426508
1519693283 1652845 678991768213 1036388426508
1519693294 1652845 678991768213 1036388426508
1519693304 1652845 678991768213 1036388426508
1519693314 1652845 678991768213 1036388426508
1519693324 1652849 678991768213 1036388426508
1519693334 1652849 678991768213 1036388426508
1519693344 1652849 678991768213 1036388426508
1519693355 1652849 678991768213 1036388426508
1519693365 1652849 678991768213 1036388426508
1519693375 1652849 678991768213 1036388426508
1519693385 1652849 678991768213 1036388426508
1519693395 1652853 678991768213 1036388426508
1519693406 1652853 678991768213 1036388426508
1519693416 1652853 678991768213 1036388426508
1519693426 1652853 678991768213 1036388426508
1519693436 1652853 678991768213 1036388426508
1519693446 1652853 678991768213 1036388426508
1519693456 1652853 678991768213 1036388426508
1519693467 1652853 678991768213 1036388426508
1519693477 1652857 678991768213 1036388426508
1519693487 1652857 678991768213 1036388426508
1519693498 1652857 678991768213 1036388426508
1519693508 1652857 678991768213 1036388426508
1519693518 1652857 678991768213 1036388426508
1519693528 1652857 678991768213 1036388426508
1519693538 1652857 678991768213 1036388426508
1519693548 1652861 678991768213 1036388426508
1519693558 1652861 678991768213 1036388426508
1519693569 1652861 678991768213 1036388426508
1519693579 1652861 678991768213 1036388426508
1519693589 1652861 678991768213 1036388426508
1519693599 1652861 678991768213 1036388426508
1519693609 1652861 678991768213 1036388426508
1519693619 1652865 678991768213 1036388426508
1519693630 1652865 678991768213 1036388426508
1519693640 1652865 678991768213 1036388426508
1519693650 1652865 678991768213 1036388426508
1519693660 1652865 678991768213 1036388426508
1519693670 1652865 678991768213 1036388426508
1519693680 1652865 678991768213 1036388426508
1519693690 1652865 678991768213 1036388426508
1519693701 1652869 678991768213 1036388426508
1519693711 1652869 678991768213 1036388426508
1519693721 1652869 678991768213 1036388426508
1519693731 1652869 678991768213 1036388426508
1519693741 1652869 678991768213 1036388426508
1519693751 1652869 678991768213 1036388426508
1519693762 1652869 678991768213 1036388426508
1519693772 1652873 678991768213 1036388426508
1519693782 1652873 678991768213 1036388426508
1519693792 1652873 678991768213 1036388426508
1519693802 1652873 678991768213 1036388426508
1519693812 1652873 678991768213 1036388426508
1519693822 1652873 678991768213 1036388426508
1519693833 1652873 678991768213 1036388426508
1519693843 1652873 678991768213 1036388426508
1519693853 1652877 678991768213 1036388426508
1519693863 1652877 678991768213 1036388426508
1519693873 1652877 678991768213 1036388426508
1519693883 1652877 678991768213 1036388426508
1519693893 1652877 678991768213 1036388426508
1519693904 1652877 678991768213 1036388426508
1519693914 1652877 678991768213 1036388426508
1519693924 1652881 678991768213 1036388426508
1519693934 1652881 678991768213 1036388426508
1519693944 1652881 678991768213 1036388426508
