TIMESTAMP        work-RQ          work-RD          work-WR          
10.000000         8.800000          0.303678          0.313484         
20.000000         4.800000          0.001070          0.000769         
30.000000         4.800000          0.001070          0.000769         
40.000000         4.800000          0.001070          0.000769         
50.000000         4.800000          0.001070          0.000769         
60.000000         5.000000          0.001070          0.000769         
71.000000         4.363636          0.000972          0.000699         
81.000000         4.800000          0.001070          0.000769         
91.000000         4.800000          0.001070          0.000769         
101.000000        5.600000          0.001070          0.000769         
111.000000        4.800000          0.001070          0.000769         
121.000000        5.000000          0.001070          0.000769         
131.000000        4.800000          0.001070          0.000769         
142.000000        4.545454          0.000972          0.000699         
152.000000        4.800000          0.001070          0.000769         
162.000000        4.800000          0.001070          0.000769         
172.000000        4.800000          0.001070          0.000770         
182.000000        4.800000          0.001070          0.000769         
192.000000        4.800000          0.001070          0.000769         
202.000000        4.800000          0.001070          0.000769         
213.000000        4.363636          0.000972          0.000699         
223.000000        4.800000          0.001070          0.000769         
233.000000        4.800000          0.001070          0.000769         
243.000000        4.800000          0.001070          0.000769         
253.000000        4.800000          0.001070          0.000769         
263.000000        4.800000          0.001070          0.000769         
274.000000        4.363636          0.000972          0.000699         
284.000000        5.000000          0.001070          0.000769         
294.000000        4.800000          0.001070          0.000769         
304.000000        4.800000          0.001070          0.000769         
314.000000        6.400000          0.001070          1.767098         
325.000000        4.363636          0.000973          2.687637         
335.000000        4.600000          0.001070          2.920210         
345.000000        4.600000          0.001070          2.950379         
355.000000        4.800000          0.001070          3.006748         
365.000000        4.800000          0.001070          2.991700         
375.000000        5.000000          0.001070          2.992553         
385.000000        5.600000          0.001070          2.952661         
396.000000        4.181818          0.000973          2.558931         
406.000000        5.000000          0.001070          2.918070         
416.000000        4.900000          0.001070          2.866887         
426.000000        4.600000          0.001070          2.960466         
436.000000        5.000000          0.001070          2.927566         
446.000000        4.800000          0.001070          2.861265         
457.000000        4.181818          0.000973          2.534838         
467.000000        5.000000          0.001071          2.731311         
477.000000        4.800000          0.001070          2.638130         
487.000000        4.600000          0.001070          2.617010         
497.000000        5.000000          0.001070          2.675155         
507.000000        4.800000          0.001070          2.519424         
517.000000        4.800000          0.001070          2.544128         
528.000000        4.363636          0.000973          2.419508         
538.000000        4.800000          0.001070          2.629562         
548.000000        4.800000          0.001070          2.695594         
558.000000        4.800000          0.001070          2.723331         
568.000000        4.600000          0.001070          2.467689         
578.000000        5.200000          0.001070          2.461592         
588.000000        4.800000          0.001070          2.549180         
599.000000        4.363636          0.000973          2.249824         
610.000000        6.363636          0.022567          2.039608         
620.000000        4.800000          0.295127          0.000769         
630.000000        4.800000          0.295946          0.000769         
641.000000        4.363636          0.293615          0.000699         
651.000000        4.800000          0.289393          0.000769         
661.000000        4.800000          0.296765          0.000769         
671.000000        4.800000          0.295946          0.000769         
681.000000        4.800000          0.288574          0.000769         
693.000000        4.000000          0.268464          0.000641         
703.000000        4.800000          0.300041          0.000769         
713.000000        4.800000          0.292670          0.000769         
723.000000        4.800000          0.304137          0.000769         
733.000000        4.800000          0.298403          0.000769         
743.000000        4.800000          0.298403          0.000769         
753.000000        4.800000          0.306594          0.000769         
764.000000        4.363636          0.274254          0.000699         
774.000000        4.800000          0.315605          0.000769         
784.000000        4.800000          0.304137          0.000769         
794.000000        4.800000          0.295127          0.000769         
805.000000        4.363636          0.277233          0.000699         
815.000000        4.800000          0.295946          0.000769         
825.000000        4.800000          0.288574          0.000769         
835.000000        4.800000          0.294308          0.000769         
845.000000        4.800000          0.298403          0.000769         
855.000000        4.800000          0.290212          0.000769         
865.000000        4.800000          0.302499          0.000769         
876.000000        4.363636          0.266063          0.000699         
886.000000        4.800000          0.096419          0.000776         
896.000000        4.800000          0.001070          0.000769         
906.000000        4.800000          0.001070          0.000769         
916.000000        4.800000          0.001070          0.000769         
926.000000        4.800000          0.001070          0.000769         
936.000000        4.800000          0.001070          0.000769         
947.000000        4.363636          0.000973          0.000699         
957.000000        4.800000          0.001070          0.000769         
967.000000        4.800000          0.001070          0.000769         
977.000000        4.800000          0.001070          0.000769         
987.000000        4.800000          0.001070          0.000769         
997.000000        4.800000          0.001070          0.000769         
1008.000000       4.363636          0.000973          0.000699         
1018.000000       4.800000          0.001070          0.000769         
1028.000000       4.800000          0.001070          0.000769         
1038.000000       4.800000          0.001070          0.000769         
1048.000000       4.800000          0.001070          0.000769         
1058.000000       4.800000          0.001070          0.000769         
1068.000000       4.800000          0.001070          0.000769         
1079.000000       4.363636          0.000973          0.000699         
1089.000000       4.800000          0.001070          0.000769         
1099.000000       4.800000          0.001070          0.000769         
1109.000000       4.800000          0.001070          0.000769         
1119.000000       4.800000          0.001070          0.000769         
1129.000000       4.800000          0.001070          0.000769         
1139.000000       4.800000          0.001070          0.000769         
1150.000000       4.363636          0.000973          0.000699         
1160.000000       4.800000          0.001070          0.000769         
1170.000000       4.800000          0.001070          0.000769         
1180.000000       4.800000          0.001070          0.000769         
1190.000000       4.800000          0.001070          0.000769         
1200.000000       4.800000          0.001070          0.000770         
1210.000000       4.800000          0.001070          0.000769         
1221.000000       4.363636          0.000973          0.000699         
1231.000000       4.800000          0.001070          0.000769         
1241.000000       4.800000          0.001070          0.000769         
1251.000000       4.800000          0.001070          0.000769         
1261.000000       4.800000          0.001070          0.000769         
1271.000000       4.800000          0.001070          0.000769         
1282.000000       4.363636          0.000973          0.000699         
1292.000000       4.800000          0.001070          0.000769         
1302.000000       4.800000          0.001070          0.000769         
1312.000000       4.800000          0.001070          0.000769         
1322.000000       4.800000          0.001070          0.000769         
1332.000000       4.800000          0.001070          0.000769         
1343.000000       4.363636          0.000973          0.000699         
1353.000000       4.800000          0.001070          0.000769         
1363.000000       4.800000          0.001070          0.000769         
1373.000000       4.800000          0.001070          0.000769         
1383.000000       4.800000          0.001070          0.000769         
1393.000000       4.800000          0.001070          0.000769         
1404.000000       4.363636          0.000973          0.000699         
1414.000000       4.800000          0.001070          0.000769         
1424.000000       4.800000          0.001070          0.000769         
1434.000000       4.800000          0.001070          0.000769         
1444.000000       4.900000          0.001070          0.000773         
1454.000000       6.200000          0.017044          0.000775         
1464.000000       4.800000          0.001070          0.000769         
1475.000000       4.363636          0.000973          0.000699         
1485.000000       4.800000          0.001070          0.000769         
1495.000000       4.800000          0.001070          0.000769         
1505.000000       4.800000          0.001070          0.000771         
1515.000000       4.800000          0.001070          0.000769         
1525.000000       4.800000          0.001070          0.000769         
1535.000000       4.800000          0.001070          0.000769         
1546.000000       4.363636          0.000973          0.000699         
1556.000000       4.800000          0.001070          0.000769         
1566.000000       4.800000          0.001070          0.000769         
1576.000000       4.800000          0.001070          0.000769         
1586.000000       4.800000          0.001070          0.000769         
1596.000000       4.800000          0.001070          0.000771         
1607.000000       4.363636          0.000973          0.000699         
1617.000000       4.800000          0.001070          0.000769         
1627.000000       4.800000          0.001070          0.000769         
1637.000000       4.800000          0.001070          0.000769         
1647.000000       4.800000          0.001070          0.000769         
1657.000000       4.800000          0.001070          0.000769         
1667.000000       4.800000          0.001070          0.000769         
1678.000000       4.363636          0.000973          0.000699         
1688.000000       4.800000          0.001070          0.000769         
1698.000000       4.800000          0.001070          0.000769         
1708.000000       4.800000          0.001070          0.000771         
1718.000000       4.800000          0.001070          0.000769         
1728.000000       4.800000          0.001070          0.000769         
1738.000000       4.800000          0.001070          0.000769         
1749.000000       4.363636          0.000973          0.000699         
1759.000000       4.800000          0.001070          0.000769         
1769.000000       4.800000          0.001070          0.000769         
1779.000000       4.800000          0.001070          0.000769         
1789.000000       4.800000          0.001070          0.000769         
1799.000000       4.800000          0.001070          0.000769         
1809.000000       4.800000          0.001070          0.000769         
1820.000000       4.363636          0.000973          0.000699         
1830.000000       4.800000          0.001070          0.000769         
1840.000000       4.800000          0.001070          0.000771         
1850.000000       4.800000          0.001070          0.000769         
1861.000000       4.363636          0.000973          0.000699         
1871.000000       4.800000          0.001070          0.000769         
1881.000000       4.800000          0.001070          0.000769         
1891.000000       4.800000          0.001070          0.000769         
1901.000000       4.800000          0.001070          0.000769         
1912.000000       4.363636          0.000973          0.000699         
1922.000000       4.800000          0.001070          0.000769         
1932.000000       4.800000          0.001070          0.000769         
1942.000000       4.800000          0.001070          0.000769         
1952.000000       4.800000          0.001070          0.000769         
1962.000000       4.800000          0.001070          0.000769         
1972.000000       4.800000          0.001070          0.000769         
1983.000000       4.363636          0.000973          0.000699         
1993.000000       4.800000          0.001070          0.000769         
2003.000000       4.800000          0.001070          0.000769         
2013.000000       4.800000          0.001070          0.000769         
2023.000000       4.800000          0.001070          0.000771         
2034.000000       4.363636          0.000973          0.000699         
2044.000000       4.800000          0.001070          0.000769         
2054.000000       4.800000          0.001070          0.000769         
2064.000000       4.800000          0.001070          0.000769         
2074.000000       4.800000          0.001070          0.000769         
2084.000000       4.800000          0.001070          0.000769         
2094.000000       4.800000          0.001070          0.000769         
2105.000000       4.363636          0.000973          0.000699         
2115.000000       4.800000          0.001070          0.000769         
2125.000000       4.800000          0.001070          0.000769         
2135.000000       4.800000          0.001070          0.000769         
2145.000000       4.800000          0.001070          0.000769         
2155.000000       4.800000          0.001070          0.000769         
2166.000000       4.363636          0.000973          0.000699         
2176.000000       4.800000          0.001070          0.000769         
2186.000000       4.800000          0.001070          0.000769         
2196.000000       4.800000          0.001070          0.000769         
2206.000000       4.800000          0.001070          0.000769         
2216.000000       4.800000          0.001070          0.000769         
2226.000000       4.800000          0.001070          0.000771         
2237.000000       4.363636          0.000973          0.000699         
2247.000000       4.800000          0.001070          0.000769         
2257.000000       4.800000          0.001070          0.000769         
2267.000000       4.800000          0.001070          0.000769         
2277.000000       4.800000          0.001070          0.000769         
2288.000000       4.363636          0.000973          0.000699         
2298.000000       4.800000          0.001070          0.000769         
2308.000000       4.800000          0.001070          0.000769         
2318.000000       4.800000          0.001070          0.000769         
2328.000000       4.800000          0.001070          0.000769         
2338.000000       4.800000          0.001070          0.000769         
2348.000000       4.800000          0.001070          0.000769         
2359.000000       4.363636          0.000973          0.000699         
2369.000000       4.800000          0.001070          0.000769         
2379.000000       4.800000          0.001070          0.000769         
2389.000000       4.800000          0.001070          0.000769         
2399.000000       4.800000          0.001070          0.000769         
2409.000000       4.800000          0.001070          0.000769         
2420.000000       4.363636          0.000973          0.000699         
2430.000000       4.800000          0.001070          0.000769         
2440.000000       4.800000          0.001070          0.000769         
2450.000000       4.800000          0.001070          0.000769         
2460.000000       4.800000          0.001070          0.000771         
2470.000000       4.800000          0.001070          0.000769         
2481.000000       4.363636          0.000973          0.000699         
2491.000000       4.800000          0.001070          0.000769         
2501.000000       4.800000          0.001070          0.000769         
2511.000000       4.800000          0.001070          0.000769         
2521.000000       4.800000          0.001070          0.000769         
2532.000000       4.363636          0.000973          0.000699         
2542.000000       4.800000          0.001070          0.000769         
2552.000000       4.800000          0.001070          0.000769         
2563.000000       4.363636          0.000973          0.000699         
2573.000000       4.800000          0.001070          0.000769         
2583.000000       4.800000          0.001070          0.000769         
2593.000000       4.800000          0.001070          0.000769         
2603.000000       4.800000          0.001070          0.000769         
2613.000000       4.800000          0.001070          0.000769         
2624.000000       4.363636          0.000973          0.000699         
2634.000000       4.800000          0.001070          0.000769         
2644.000000       4.800000          0.001070          0.000769         
2654.000000       4.800000          0.001070          0.000769         
2664.000000       4.800000          0.001070          0.000769         
2674.000000       4.800000          0.001070          0.000769         
2684.000000       4.800000          0.001070          0.000769         
2695.000000       4.363636          0.000973          0.000699         
2705.000000       4.800000          0.001070          0.000771         
2715.000000       4.800000          0.001070          0.000769         
2726.000000       4.363636          0.000973          0.000699         
2736.000000       4.800000          0.001070          0.000769         
2746.000000       4.800000          0.001070          0.000769         
2756.000000       4.800000          0.001070          0.000769         
2766.000000       4.800000          0.001070          0.000769         
2776.000000       4.800000          0.001070          0.000769         
2787.000000       4.363636          0.000973          0.000699         
2797.000000       4.800000          0.001070          0.000769         
2807.000000       4.800000          0.001070          0.000769         
2817.000000       4.800000          0.001070          0.000769         
2827.000000       4.800000          0.001070          0.000769         
2838.000000       4.363636          0.000973          0.000699         
2848.000000       4.800000          0.001070          0.000769         
2858.000000       4.800000          0.001070          0.000769         
2868.000000       4.800000          0.001070          0.000769         
2878.000000       4.800000          0.001070          0.000769         
2889.000000       4.363636          0.000973          0.000699         
2899.000000       4.800000          0.001070          0.000769         
2909.000000       4.800000          0.001070          0.000769         
2919.000000       4.800000          0.001070          0.000769         
2929.000000       4.800000          0.001070          0.000769         
2939.000000       4.800000          0.001070          0.000769         
2949.000000       4.800000          0.001070          0.000769         
2960.000000       4.363636          0.000973          0.000699         
2970.000000       4.800000          0.001070          0.000769         
2980.000000       4.800000          0.001070          0.000771         
2991.000000       4.363636          0.000973          0.000699         
3001.000000       4.800000          0.001070          0.000769         
3012.000000       4.363636          0.000973          0.000699         
3022.000000       4.800000          0.001070          0.000769         
3032.000000       4.800000          0.001070          0.000769         
3042.000000       4.800000          0.001070          0.000769         
3052.000000       4.800000          0.001070          0.000769         
3062.000000       4.800000          0.001070          0.000769         
3073.000000       4.363636          0.000973          0.000699         
3083.000000       4.800000          0.001070          0.000769         
3093.000000       4.800000          0.001070          0.000769         
3104.000000       4.363636          0.000973          0.000699         
3114.000000       4.800000          0.001070          0.000769         
3124.000000       4.800000          0.001070          0.000769         
3134.000000       4.800000          0.001070          0.000769         
3144.000000       4.800000          0.001070          0.000769         
3154.000000       4.800000          0.001070          0.000769         
3164.000000       4.800000          0.001070          0.000769         
3175.000000       4.363636          0.000973          0.000699         
3185.000000       4.800000          0.001070          0.000769         
3195.000000       4.800000          0.001070          0.000769         
3205.000000       4.800000          0.001070          0.000769         
3216.000000       4.363636          0.000973          0.000699         
3226.000000       4.800000          0.001070          0.000769         
3236.000000       4.800000          0.001070          0.000769         
3247.000000       4.363636          0.000973          0.000699         
3257.000000       4.800000          0.001070          0.000769         
3267.000000       4.800000          0.001070          0.000769         
3277.000000       4.800000          0.001070          0.000771         
3287.000000       4.800000          0.001070          0.000769         
3298.000000       4.363636          0.000973          0.000699         
3308.000000       4.800000          0.001070          0.000769         
3318.000000       4.800000          0.001070          0.000769         
3328.000000       4.800000          0.001070          0.000769         
3338.000000       4.800000          0.001070          0.000769         
3348.000000       4.800000          0.001070          0.000769         
3358.000000       4.800000          0.001070          0.000769         
3369.000000       4.363636          0.000973          0.000699         
3379.000000       4.800000          0.001070          0.000769         
3389.000000       4.800000          0.001070          0.000769         
3399.000000       4.800000          0.001070          0.000769         
3409.000000       4.800000          0.001070          0.000769         
3419.000000       4.800000          0.001070          0.000769         
3430.000000       4.363636          0.000973          0.000699         
3440.000000       4.800000          0.001070          0.000769         
3450.000000       4.800000          0.001070          0.000769         
3460.000000       4.800000          0.001070          0.000769         
3470.000000       4.800000          0.001070          0.000769         
3480.000000       4.800000          0.001070          0.000769         
3490.000000       4.800000          0.001070          0.000769         
3501.000000       4.363636          0.000973          0.000699         
3511.000000       4.800000          0.001070          0.000769         
3521.000000       4.800000          0.001070          0.000769         
3531.000000       4.800000          0.001070          0.000769         
3541.000000       4.800000          0.001070          0.000769         
3551.000000       4.800000          0.001070          0.000769         
3561.000000       4.800000          0.001070          0.000769         
3572.000000       4.363636          0.000973          0.000699         
3582.000000       4.800000          0.001070          0.000769         
3592.000000       4.800000          0.001070          0.000769         
3602.000000       4.800000          0.001070          0.000771         
3612.000000       4.800000          0.001070          0.000769         
3622.000000       4.800000          0.001070          0.000769         
3632.000000       4.800000          0.001070          0.000769         
3643.000000       4.363636          0.000973          0.000699         
3653.000000       4.800000          0.001070          0.000769         
3663.000000       4.800000          0.001070          0.000769         
3673.000000       4.800000          0.001070          0.000769         
3683.000000       4.800000          0.001070          0.000769         
3693.000000       4.800000          0.001070          0.000769         
3704.000000       4.363636          0.000973          0.000699         
3714.000000       4.800000          0.001070          0.000769         
3724.000000       4.800000          0.001070          0.000769         
3734.000000       4.800000          0.001070          0.000769         
3744.000000       4.800000          0.001070          0.000769         
3755.000000       4.363636          0.000973          0.000699         
3765.000000       4.800000          0.001070          0.000769         
3775.000000       4.800000          0.001070          0.000769         
3786.000000       4.363636          0.000973          0.000699         
3796.000000       4.800000          0.001070          0.000769         
3806.000000       4.800000          0.001070          0.000769         
3816.000000       4.800000          0.001070          0.000769         
3826.000000       4.800000          0.001070          0.000769         
3836.000000       4.900000          0.001070          0.000769         
3846.000000       4.800000          0.001070          0.000769         
3857.000000       4.363636          0.000973          0.000699         
3867.000000       4.800000          0.001070          0.000769         
3877.000000       4.800000          0.001070          0.000769         
3887.000000       4.800000          0.001070          0.000769         
3897.000000       4.800000          0.001070          0.000769         
3907.000000       5.700000          0.001070          0.000769         
3918.000000       4.363636          0.000973          0.000699         
3928.000000       4.800000          0.001070          0.000769         
3938.000000       4.800000          0.001070          0.000771         
3948.000000       4.800000          0.001070          0.000769         
3958.000000       4.800000          0.001070          0.000769         
3968.000000       4.800000          0.001070          0.000769         
3978.000000       4.800000          0.001070          0.000769         
3989.000000       4.363636          0.000973          0.000699         
3999.000000       4.800000          0.001070          0.000769         
4009.000000       4.800000          0.001070          0.000769         
4020.000000       4.363636          0.000973          0.000699         
4030.000000       4.800000          0.001070          0.000769         
4040.000000       4.800000          0.001070          0.000769         
4051.000000       4.363636          0.000973          0.000699         
4061.000000       4.800000          0.001070          0.000769         
4071.000000       4.800000          0.001070          0.000769         
4081.000000       4.800000          0.001070          0.000769         
4091.000000       4.800000          0.001070          0.000769         
4101.000000       4.900000          0.001070          0.000769         
4111.000000       4.900000          0.001070          0.000769         
4122.000000       4.454545          0.000973          0.000699         
4132.000000       4.900000          0.001070          0.000769         
4142.000000       4.900000          0.001070          0.000769         
4152.000000       4.900000          0.001070          0.000769         
4162.000000       4.900000          0.001070          0.000769         
4172.000000       4.900000          0.001070          0.000769         
4182.000000       4.900000          0.001070          0.000769         
4193.000000       4.454545          0.000973          0.000699         
4203.000000       4.900000          0.001070          0.000769         
4213.000000       4.900000          0.001070          0.000769         
4223.000000       4.900000          0.001070          0.000769         
4233.000000       4.800000          0.001070          0.000769         
4243.000000       4.800000          0.001070          0.000769         
4253.000000       4.800000          0.001070          0.000769         
4264.000000       4.363636          0.000973          0.000699         
4274.000000       4.900000          0.001070          0.000769         
4284.000000       4.900000          0.001070          0.000769         
4294.000000       4.800000          0.001070          0.000769         
4304.000000       4.900000          0.001070          0.000771         
4314.000000       4.800000          0.001070          0.000769         
4324.000000       4.800000          0.001070          0.000769         
4335.000000       4.454545          0.000973          0.000699         
4345.000000       4.800000          0.001070          0.000769         
4355.000000       4.800000          0.001070          0.000769         
4365.000000       4.800000          0.001070          0.000769         
4375.000000       4.800000          0.001070          0.000769         
4385.000000       4.800000          0.001070          0.000769         
4396.000000       4.363636          0.000973          0.000699         
4406.000000       4.800000          0.001070          0.000769         
4416.000000       4.800000          0.001070          0.000769         
4426.000000       4.800000          0.001070          0.000769         
4436.000000       4.800000          0.001070          0.000769         
4446.000000       4.800000          0.001070          0.000769         
4456.000000       4.800000          0.001070          0.000769         
4467.000000       4.363636          0.000973          0.000699         
4477.000000       4.800000          0.001070          0.000769         
4487.000000       4.800000          0.001070          0.000769         
4497.000000       4.800000          0.001070          0.000769         
4507.000000       4.800000          0.001070          0.000769         
4517.000000       4.900000          0.001070          0.000769         
4528.000000       4.363636          0.000973          0.000699         
4538.000000       4.800000          0.001070          0.000769         
4548.000000       4.800000          0.001070          0.000769         
4559.000000       4.363636          0.000973          0.000699         
4569.000000       4.800000          0.001070          0.000769         
4579.000000       4.800000          0.001070          0.000769         
4589.000000       4.800000          0.001070          0.000769         
4599.000000       4.800000          0.001070          0.000769         
4609.000000       4.800000          0.001070          0.000769         
4620.000000       4.363636          0.000973          0.000699         
4630.000000       4.800000          0.001070          0.000769         
4640.000000       4.800000          0.001070          0.000769         
4650.000000       4.800000          0.001070          0.000769         
4660.000000       4.800000          0.001070          0.000769         
4670.000000       4.800000          0.001070          0.000769         
4680.000000       4.800000          0.001070          0.000769         
4691.000000       4.363636          0.000973          0.000699         
4701.000000       4.800000          0.001070          0.000769         
4711.000000       4.800000          0.001070          0.000769         
4721.000000       4.800000          0.001070          0.000769         
4731.000000       4.800000          0.001070          0.000769         
4741.000000       4.900000          0.001070          0.000769         
4751.000000       4.900000          0.001070          0.000769         
4762.000000       4.363636          0.000973          0.000699         
4772.000000       4.800000          0.001070          0.000769         
4782.000000       4.800000          0.001070          0.000771         
4792.000000       4.800000          0.001070          0.000769         
4802.000000       4.800000          0.001070          0.000769         
4812.000000       4.800000          0.001070          0.000769         
4823.000000       4.363636          0.000973          0.000699         
4833.000000       4.800000          0.001070          0.000769         
4843.000000       4.800000          0.001070          0.000769         
4853.000000       4.800000          0.001070          0.000769         
4863.000000       4.800000          0.001070          0.000769         
4873.000000       4.800000          0.001070          0.000769         
4883.000000       4.800000          0.001070          0.000769         
4894.000000       4.363636          0.000973          0.000699         
4904.000000       4.800000          0.001070          0.000769         
4914.000000       4.800000          0.001070          0.000769         
4924.000000       4.800000          0.001070          0.000769         
4934.000000       4.800000          0.001070          0.000769         
4944.000000       4.800000          0.001070          0.000769         
4954.000000       4.800000          0.001070          0.000769         
4965.000000       4.363636          0.000973          0.000699         
4975.000000       4.800000          0.001070          0.000769         
4985.000000       4.800000          0.001070          0.000769         
4995.000000       4.800000          0.001070          0.000769         
5005.000000       4.800000          0.001070          0.000769         
5015.000000       4.800000          0.001070          0.000769         
5025.000000       4.800000          0.001070          0.000769         
5035.000000       4.800000          0.001070          0.000769         
5046.000000       4.363636          0.000973          0.000699         
5056.000000       4.800000          0.001070          0.000769         
5066.000000       4.800000          0.001070          0.000769         
5076.000000       4.800000          0.001070          0.000769         
5087.000000       4.363636          0.000973          0.000699         
5097.000000       4.800000          0.001070          0.000769         
5107.000000       4.800000          0.001070          0.000769         
5118.000000       4.363636          0.000973          0.000699         
5128.000000       4.800000          0.001070          0.000769         
5138.000000       4.800000          0.001070          0.000769         
5148.000000       4.800000          0.001070          0.000769         
5158.000000       4.800000          0.001070          0.000769         
5169.000000       4.363636          0.000973          0.000699         
5179.000000       4.800000          0.001070          0.000769         
5189.000000       4.800000          0.001070          0.000769         
5199.000000       4.800000          0.001070          0.000769         
5210.000000       4.363636          0.000973          0.000699         
5220.000000       4.800000          0.001070          0.000769         
5230.000000       4.800000          0.001070          0.000769         
5240.000000       4.800000          0.001070          0.000769         
5251.000000       4.363636          0.000973          0.000699         
5261.000000       4.800000          0.001070          0.000769         
5271.000000       4.800000          0.001070          0.000769         
5281.000000       4.800000          0.001070          0.000769         
5291.000000       4.800000          0.001070          0.000771         
5302.000000       4.454545          0.000973          0.000700         
5312.000000       4.900000          0.001070          0.000770         
5322.000000       4.900000          0.001070          0.000770         
5332.000000       4.900000          0.001070          0.000770         
5342.000000       4.900000          0.001070          0.000770         
5353.000000       4.454545          0.000973          0.000700         
5363.000000       4.900000          0.001070          0.000770         
5373.000000       4.900000          0.001070          0.000770         
5383.000000       4.900000          0.001070          0.000770         
5393.000000       4.900000          0.001070          0.000769         
5403.000000       4.900000          0.001070          0.000770         
5413.000000       4.900000          0.001070          0.000770         
5424.000000       4.454545          0.000973          0.000700         
5434.000000       4.800000          0.001070          0.000770         
5444.000000       4.800000          0.001070          0.000770         
5454.000000       4.800000          0.001070          0.000770         
5465.000000       4.363636          0.000973          0.000700         
5475.000000       4.800000          0.001070          0.000770         
5485.000000       4.800000          0.001070          0.000770         
5495.000000       4.800000          0.001070          0.000770         
5505.000000       4.800000          0.001070          0.000770         
5515.000000       4.800000          0.001070          0.000770         
5526.000000       4.363636          0.000973          0.000700         
5536.000000       4.800000          0.001070          0.000770         
5546.000000       4.800000          0.001070          0.000770         
5556.000000       4.800000          0.001070          0.000770         
5566.000000       4.800000          0.001070          0.000770         
5576.000000       4.800000          0.001070          0.000770         
5587.000000       4.363636          0.000973          0.000700         
5597.000000       4.800000          0.001070          0.000770         
5607.000000       4.800000          0.001070          0.000770         
5617.000000       4.900000          0.001070          0.000770         
5627.000000       4.800000          0.001070          0.000770         
5637.000000       4.800000          0.001070          0.000770         
5647.000000       4.800000          0.001070          0.000770         
5658.000000       4.363636          0.000973          0.000699         
5668.000000       4.800000          0.001070          0.000770         
5679.000000       4.363636          0.000973          0.000700         
5689.000000       4.800000          0.001070          0.000770         
5699.000000       4.800000          0.001070          0.000770         
5709.000000       4.800000          0.001070          0.000770         
5719.000000       4.800000          0.001070          0.000770         
5730.000000       4.363636          0.000973          0.000700         
5740.000000       4.800000          0.001070          0.000770         
5750.000000       4.800000          0.001070          0.000770         
5760.000000       4.800000          0.001070          0.000770         
5770.000000       4.800000          0.001070          0.000770         
5780.000000       4.800000          0.001070          0.000770         
5791.000000       4.363636          0.000973          0.000700         
5801.000000       4.800000          0.001070          0.000770         
5811.000000       4.800000          0.001070          0.000770         
5821.000000       4.800000          0.001070          0.000771         
5831.000000       4.800000          0.001070          0.000770         
5841.000000       4.800000          0.001070          0.000770         
5852.000000       4.454545          0.000973          0.000700         
5862.000000       4.900000          0.001070          0.000770         
5872.000000       4.900000          0.001070          0.000770         
5882.000000       4.900000          0.001070          0.000770         
5893.000000       4.454545          0.000973          0.000700         
5903.000000       4.900000          0.001070          0.000770         
5914.000000       4.454545          0.000973          0.000700         
5924.000000       4.800000          0.001070          0.000770         
5935.000000       4.363636          0.000973          0.000700         
5945.000000       4.800000          0.001070          0.000769         
5955.000000       4.800000          0.001070          0.000770         
5965.000000       4.800000          0.001070          0.000770         
5976.000000       4.363636          0.000973          0.000700         
5986.000000       4.900000          0.001070          0.000770         
5996.000000       4.900000          0.001070          0.000770         
6006.000000       4.900000          0.001070          0.000770         
6016.000000       4.900000          0.001070          0.000770         
6027.000000       4.454545          0.000973          0.000700         
6037.000000       4.900000          0.001070          0.000770         
6047.000000       4.900000          0.001070          0.000770         
6059.000000       4.083333          0.000892          0.000641         
6069.000000       4.900000          0.001070          0.000770         
6079.000000       4.800000          0.001070          0.000770         
6089.000000       4.800000          0.001070          0.000770         
6099.000000       4.800000          0.001070          0.000770         
6110.000000       4.363636          0.000973          0.000700         
6120.000000       4.800000          0.001070          0.000770         
6131.000000       4.363636          0.000973          0.000700         
6141.000000       4.800000          0.001070          0.000770         
6151.000000       4.800000          0.001070          0.000770         
6161.000000       4.800000          0.001070          0.000770         
6171.000000       4.800000          0.001070          0.000770         
6181.000000       4.800000          0.001070          0.000770         
6192.000000       4.363636          0.000973          0.000700         
6202.000000       4.800000          0.001070          0.000770         
6212.000000       4.800000          0.001070          0.000770         
6222.000000       4.800000          0.001070          0.000770         
6232.000000       4.800000          0.001070          0.000769         
6243.000000       4.363636          0.000973          0.000700         
6253.000000       4.800000          0.001070          0.000770         
6263.000000       4.800000          0.001070          0.000770         
6273.000000       4.800000          0.001070          0.000770         
6284.000000       4.363636          0.000973          0.000700         
6294.000000       4.800000          0.001070          0.000770         
6304.000000       4.800000          0.001070          0.000770         
6315.000000       4.363636          0.000973          0.000700         
6325.000000       4.800000          0.001070          0.000770         
6335.000000       4.800000          0.001070          0.000770         
6345.000000       4.800000          0.001070          0.000770         
6355.000000       4.800000          0.001070          0.000770         
6365.000000       4.800000          0.001070          0.000770         
6376.000000       4.363636          0.000973          0.000701         
6386.000000       4.800000          0.001070          0.000770         
6396.000000       4.800000          0.001070          0.000770         
6406.000000       4.800000          0.001070          0.000770         
6416.000000       4.800000          0.001070          0.000770         
6427.000000       4.363636          0.000973          0.000700         
6437.000000       4.800000          0.001070          0.000770         
6447.000000       4.800000          0.001070          0.000770         
6457.000000       4.800000          0.001070          0.000770         
6467.000000       4.800000          0.001070          0.000770         
6478.000000       4.363636          0.000973          0.000700         
6488.000000       4.800000          0.001070          0.000770         
6498.000000       4.800000          0.001070          0.000770         
6508.000000       4.800000          0.001070          0.000770         
6519.000000       4.363636          0.000973          0.000700         
6529.000000       4.800000          0.001070          0.000770         
6539.000000       4.800000          0.001070          0.000770         
6549.000000       4.800000          0.001070          0.000770         
6559.000000       4.800000          0.001070          0.000770         
6569.000000       4.800000          0.001070          0.000770         
6580.000000       4.363636          0.000973          0.000700         
6590.000000       4.800000          0.001070          0.000770         
6600.000000       4.800000          0.001070          0.000770         
6610.000000       4.800000          0.001070          0.000770         
6621.000000       4.454545          0.000973          0.000700         
6631.000000       4.900000          0.001070          0.000770         
6641.000000       4.800000          0.001070          0.000770         
6651.000000       4.800000          0.001070          0.000770         
6661.000000       4.800000          0.001070          0.000770         
6672.000000       4.363636          0.000973          0.000700         
6682.000000       4.800000          0.001070          0.000770         
6692.000000       4.800000          0.001070          0.000770         
6702.000000       4.800000          0.001070          0.000770         
6712.000000       4.800000          0.001070          0.000770         
6722.000000       4.800000          0.001070          0.000770         
6733.000000       4.363636          0.000973          0.000700         
6743.000000       4.800000          0.001070          0.000770         
6753.000000       4.800000          0.001070          0.000770         
6763.000000       4.800000          0.001070          0.000770         
6773.000000       4.800000          0.001070          0.000770         
6783.000000       4.800000          0.001070          0.000770         
6793.000000       4.800000          0.001070          0.000770         
6804.000000       4.363636          0.000973          0.000700         
6814.000000       4.800000          0.001070          0.000770         
6824.000000       4.800000          0.001070          0.000770         
6834.000000       4.800000          0.001070          0.000770         
6844.000000       4.800000          0.001070          0.000770         
6855.000000       4.363636          0.000973          0.000700         
6865.000000       4.800000          0.001070          0.000770         
6875.000000       4.800000          0.001070          0.000770         
6885.000000       4.800000          0.001070          0.000770         
6895.000000       4.800000          0.001070          0.000770         
6905.000000       4.800000          0.001070          0.000770         
6915.000000       4.800000          0.001070          0.000770         
6926.000000       4.363636          0.000973          0.000700         
6936.000000       4.900000          0.001070          0.000770         
6946.000000       4.900000          0.001070          0.000770         
6956.000000       4.900000          0.001070          0.000770         
6966.000000       4.900000          0.001070          0.000771         
6976.000000       4.900000          0.001070          0.000770         
6987.000000       4.454545          0.000973          0.000700         
6997.000000       4.900000          0.001070          0.000770         
7007.000000       4.900000          0.001070          0.000770         
7017.000000       4.900000          0.001070          0.000770         
7027.000000       4.900000          0.001070          0.000770         
7037.000000       4.900000          0.001070          0.000770         
7047.000000       4.900000          0.001070          0.000770         
7058.000000       4.454545          0.000973          0.000700         
7068.000000       4.900000          0.001070          0.000770         
7078.000000       4.900000          0.001070          0.000770         
7088.000000       4.900000          0.001070          0.000770         
7098.000000       4.900000          0.001070          0.000770         
7108.000000       4.900000          0.001070          0.000770         
7119.000000       4.454545          0.000973          0.000700         
7129.000000       4.800000          0.001070          0.000770         
7139.000000       4.800000          0.001070          0.000770         
7149.000000       4.800000          0.001070          0.000770         
7159.000000       4.800000          0.001070          0.000770         
7169.000000       4.800000          0.001070          0.000770         
7179.000000       4.800000          0.001070          0.000770         
7190.000000       4.363636          0.000973          0.000700         
7200.000000       4.800000          0.001070          0.000770         
7210.000000       4.800000          0.001070          0.000770         
7220.000000       4.800000          0.001070          0.000770         
7230.000000       4.800000          0.001070          0.000770         
7240.000000       4.800000          0.001070          0.000770         
7250.000000       4.800000          0.001070          0.000770         
7261.000000       4.363636          0.000973          0.000700         
7271.000000       4.800000          0.001070          0.000770         
7281.000000       4.800000          0.001070          0.000770         
7291.000000       4.800000          0.001070          0.000770         
7301.000000       4.800000          0.001070          0.000770         
7311.000000       4.800000          0.001070          0.000770         
7322.000000       4.363636          0.000973          0.000700         
7332.000000       4.800000          0.001070          0.000770         
7342.000000       4.800000          0.001070          0.000770         
7352.000000       4.800000          0.001070          0.000770         
7362.000000       4.800000          0.001070          0.000770         
7372.000000       4.800000          0.001070          0.000770         
7382.000000       4.800000          0.001070          0.000770         
7393.000000       4.363636          0.000973          0.000700         
7403.000000       4.800000          0.001070          0.000770         
7413.000000       4.800000          0.001070          0.000770         
7423.000000       4.800000          0.001070          0.000770         
7433.000000       4.800000          0.001070          0.000770         
7443.000000       4.800000          0.001070          0.000770         
7454.000000       4.363636          0.000973          0.000700         
7464.000000       4.800000          0.001070          0.000770         
7474.000000       4.800000          0.001070          0.000770         
7484.000000       4.800000          0.001070          0.000770         
7494.000000       4.800000          0.001070          0.000770         
7504.000000       4.800000          0.001071          0.000770         
7514.000000       4.800000          0.001071          0.000770         
7525.000000       4.363636          0.000973          0.000700         
7535.000000       4.800000          0.001071          0.000770         
7545.000000       4.800000          0.001071          0.000770         
7555.000000       4.800000          0.001071          0.000770         
7565.000000       4.800000          0.001071          0.000770         
7575.000000       4.800000          0.001071          0.000770         
7585.000000       4.800000          0.001071          0.000772         
7596.000000       4.454545          0.000973          0.000700         
7606.000000       4.900000          0.001071          0.000770         
7616.000000       4.900000          0.001071          0.000770         
7626.000000       4.900000          0.001071          0.000770         
7636.000000       4.900000          0.001071          0.000770         
7646.000000       4.900000          0.001071          0.000770         
7657.000000       4.454545          0.000973          0.000700         
7667.000000       4.900000          0.001071          0.000770         
7677.000000       4.900000          0.001071          0.000770         
7687.000000       4.900000          0.001071          0.000770         
7697.000000       4.900000          0.001071          0.000770         
7707.000000       4.800000          0.001071          0.000770         
7717.000000       4.800000          0.001071          0.000770         
7728.000000       4.363636          0.000973          0.000700         
7738.000000       4.800000          0.001071          0.000770         
7748.000000       4.800000          0.001071          0.000770         
7758.000000       4.800000          0.001071          0.000770         
7769.000000       4.363636          0.000973          0.000700         
7779.000000       4.800000          0.001071          0.000770         
7789.000000       4.800000          0.001071          0.000770         
7799.000000       4.800000          0.001071          0.000770         
7809.000000       5.800000          0.001071          0.000770         
7819.000000       4.800000          0.001071          0.000770         
7829.000000       4.800000          0.001071          0.000770         
7840.000000       4.363636          0.000973          0.000700         
7850.000000       4.800000          0.001071          0.000770         
7860.000000       4.800000          0.001071          0.000770         
7870.000000       4.800000          0.001071          0.000770         
7880.000000       4.800000          0.001071          0.000770         
7890.000000       4.800000          0.001071          0.000770         
7901.000000       4.363636          0.000973          0.000700         
7911.000000       4.800000          0.001071          0.000770         
7921.000000       4.800000          0.001071          0.000770         
7931.000000       4.800000          0.001071          0.000770         
7941.000000       4.800000          0.001071          0.000770         
7951.000000       4.800000          0.001071          0.000770         
7961.000000       4.800000          0.001071          0.000770         
7972.000000       4.363636          0.000973          0.000700         
7982.000000       4.800000          0.001071          0.000770         
7992.000000       4.800000          0.001071          0.000770         
8002.000000       4.800000          0.001071          0.000770         
8012.000000       4.800000          0.001071          0.000770         
8022.000000       4.800000          0.001071          0.000770         
8033.000000       4.363636          0.000973          0.000700         
8043.000000       4.800000          0.001071          0.000770         
8053.000000       4.800000          0.001071          0.000770         
8063.000000       4.800000          0.001071          0.000770         
8073.000000       4.800000          0.001071          0.000770         
8083.000000       4.800000          0.001071          0.000770         
8093.000000       4.800000          0.001071          0.000770         
8104.000000       4.363636          0.000973          0.000700         
8114.000000       4.800000          0.001071          0.000770         
8124.000000       4.800000          0.001071          0.000770         
8134.000000       4.800000          0.001071          0.000770         
8144.000000       4.800000          0.001071          0.000770         
8155.000000       4.363636          0.000973          0.000700         
8165.000000       4.800000          0.001071          0.000770         
8175.000000       4.800000          0.001071          0.000770         
8185.000000       4.800000          0.001071          0.000770         
8195.000000       4.800000          0.001071          0.000770         
8206.000000       4.363636          0.000973          0.000700         
8216.000000       4.900000          0.001071          0.000770         
8227.000000       4.454545          0.000973          0.000700         
8237.000000       4.900000          0.001071          0.000770         
8247.000000       5.100000          0.001071          0.000772         
8257.000000       4.900000          0.001071          0.000770         
8268.000000       4.454545          0.000973          0.000700         
8278.000000       4.900000          0.001071          0.000770         
8288.000000       4.900000          0.001071          0.000770         
8298.000000       4.900000          0.001071          0.000770         
8308.000000       4.900000          0.001071          0.000770         
8318.000000       4.800000          0.001071          0.000770         
8328.000000       4.800000          0.001071          0.000770         
8339.000000       4.363636          0.000973          0.000700         
8349.000000       4.800000          0.001071          0.000770         
8359.000000       4.800000          0.001071          0.000770         
8369.000000       4.800000          0.001071          0.000770         
8379.000000       4.800000          0.001071          0.000770         
8389.000000       4.800000          0.001071          0.000770         
8399.000000       4.800000          0.001071          0.000770         
8410.000000       4.363636          0.000973          0.000700         
8420.000000       4.800000          0.001071          0.000770         
8430.000000       4.800000          0.001071          0.000770         
8440.000000       4.800000          0.001071          0.000770         
8450.000000       4.800000          0.001071          0.000770         
8460.000000       4.800000          0.001071          0.000770         
8471.000000       4.363636          0.000973          0.000700         
8481.000000       4.800000          0.001071          0.000770         
8491.000000       4.800000          0.001071          0.000770         
8501.000000       4.800000          0.001071          0.000770         
8511.000000       4.800000          0.001071          0.000770         
8521.000000       4.800000          0.001071          0.000770         
8531.000000       4.800000          0.001071          0.000770         
8542.000000       4.363636          0.000973          0.000700         
8552.000000       4.800000          0.001071          0.000770         
8562.000000       4.800000          0.001071          0.000770         
8572.000000       4.800000          0.001071          0.000770         
8582.000000       4.800000          0.001071          0.000770         
8592.000000       4.800000          0.001071          0.000770         
8602.000000       4.800000          0.001071          0.000770         
8613.000000       4.363636          0.000973          0.000700         
8623.000000       4.800000          0.001071          0.000770         
8633.000000       4.800000          0.001071          0.000770         
8643.000000       4.800000          0.001071          0.000770         
8654.000000       4.363636          0.000973          0.000700         
8664.000000       4.800000          0.001071          0.000770         
8674.000000       4.800000          0.001071          0.000770         
8684.000000       4.800000          0.001071          0.000770         
8695.000000       4.363636          0.000973          0.000700         
8705.000000       4.800000          0.001071          0.000770         
8715.000000       4.800000          0.001071          0.000770         
8726.000000       4.363636          0.000973          0.000700         
8736.000000       4.900000          0.001071          0.000770         
8746.000000       4.900000          0.001071          0.000770         
8757.000000       4.454545          0.000973          0.000700         
8767.000000       4.900000          0.001071          0.000770         
8777.000000       4.900000          0.001071          0.000770         
8787.000000       4.900000          0.001071          0.000770         
8797.000000       4.900000          0.001071          0.000770         
8807.000000       4.900000          0.001071          0.000770         
8818.000000       4.454545          0.000973          0.000700         
8828.000000       4.900000          0.001071          0.000770         
8838.000000       4.900000          0.001071          0.000770         
8848.000000       4.900000          0.001071          0.000770         
8858.000000       4.900000          0.001071          0.000770         
8868.000000       4.900000          0.001071          0.000770         
8879.000000       4.454545          0.000973          0.000700         
8889.000000       4.900000          0.001071          0.000770         
8899.000000       4.900000          0.001071          0.000770         
8909.000000       4.900000          0.001071          0.000770         
8919.000000       4.900000          0.001071          0.000772         
8929.000000       4.900000          0.001071          0.000770         
8939.000000       4.900000          0.001071          0.000770         
8950.000000       4.454545          0.000973          0.000700         
8960.000000       4.800000          0.001071          0.000770         
8970.000000       4.800000          0.001071          0.000770         
8980.000000       4.800000          0.001071          0.000770         
8990.000000       4.800000          0.001071          0.000770         
9000.000000       4.800000          0.001071          0.000770         
9010.000000       4.800000          0.001071          0.000770         
9021.000000       4.363636          0.000973          0.000700         
9031.000000       4.800000          0.001071          0.000770         
9041.000000       4.800000          0.001071          0.000770         
9052.000000       4.363636          0.000973          0.000700         
9062.000000       4.800000          0.001071          0.000770         
9072.000000       4.800000          0.001071          0.000770         
9082.000000       4.800000          0.001071          0.000770         
9093.000000       4.363636          0.000973          0.000700         
9103.000000       4.800000          0.001071          0.000770         
9114.000000       4.363636          0.000973          0.000700         
9124.000000       4.800000          0.001071          0.000770         
9134.000000       4.800000          0.001071          0.000770         
9144.000000       4.800000          0.001071          0.000770         
9155.000000       4.363636          0.000973          0.000700         
9165.000000       4.800000          0.001071          0.000770         
9175.000000       4.800000          0.001071          0.000770         
9185.000000       4.800000          0.001071          0.000770         
9196.000000       4.363636          0.000973          0.000700         
9206.000000       4.800000          0.001071          0.000770         
9216.000000       4.900000          0.001071          0.000770         
9226.000000       4.900000          0.001071          0.000770         
9236.000000       4.900000          0.001071          0.000770         
9247.000000       4.454545          0.000973          0.000700         
9257.000000       4.900000          0.001071          0.000770         
9267.000000       4.900000          0.001071          0.000770         
9277.000000       4.900000          0.001071          0.000770         
9287.000000       4.900000          0.001071          0.000770         
9297.000000       4.900000          0.001071          0.000770         
9307.000000       4.900000          0.001071          0.000770         
9318.000000       4.454545          0.000973          0.000700         
9328.000000       4.900000          0.001071          0.000770         
9338.000000       4.900000          0.001071          0.000770         
9348.000000       4.900000          0.001071          0.000770         
9358.000000       4.900000          0.001071          0.000770         
9368.000000       4.900000          0.001071          0.000770         
9379.000000       4.454545          0.000973          0.000700         
9389.000000       4.900000          0.001071          0.000770         
9399.000000       4.900000          0.001071          0.000770         
9409.000000       4.900000          0.001071          0.000770         
9419.000000       4.900000          0.001071          0.000770         
9429.000000       4.900000          0.001071          0.000770         
9440.000000       4.454545          0.000973          0.000700         
9450.000000       4.800000          0.001071          0.000770         
9460.000000       4.800000          0.001071          0.000770         
9470.000000       4.800000          0.001071          0.000770         
9480.000000       4.800000          0.001071          0.000770         
9490.000000       4.800000          0.001071          0.000770         
9500.000000       4.800000          0.001071          0.000770         
9511.000000       4.363636          0.000973          0.000700         
9521.000000       4.800000          0.001071          0.000770         
9531.000000       4.800000          0.001071          0.000770         
9541.000000       4.800000          0.001071          0.000770         
9551.000000       4.800000          0.001071          0.000770         
9561.000000       4.800000          0.001071          0.000770         
9572.000000       4.363636          0.000973          0.000700         
9582.000000       4.800000          0.001071          0.000770         
9592.000000       4.800000          0.001071          0.000770         
9602.000000       4.800000          0.001071          0.000770         
9612.000000       4.800000          0.001071          0.000770         
9622.000000       4.800000          0.001071          0.000770         
9632.000000       4.800000          0.001071          0.000770         
9643.000000       4.363636          0.000973          0.000701         
9653.000000       4.800000          0.001071          0.000770         
9663.000000       4.800000          0.001071          0.000770         
9673.000000       4.800000          0.001071          0.000770         
9683.000000       4.800000          0.001071          0.000770         
9693.000000       4.800000          0.001071          0.000770         
9703.000000       4.800000          0.001071          0.000770         
9714.000000       4.363636          0.000973          0.000700         
9724.000000       4.800000          0.001071          0.000770         
9734.000000       4.800000          0.001071          0.000770         
9744.000000       4.800000          0.001071          0.000770         
9754.000000       4.800000          0.001071          0.000770         
9764.000000       4.800000          0.001071          0.000770         
9775.000000       4.363636          0.000973          0.000700         
9785.000000       4.800000          0.001071          0.000770         
9795.000000       4.800000          0.001071          0.000770         
9805.000000       4.800000          0.001071          0.000770         
9815.000000       4.800000          0.001071          0.000770         
9825.000000       4.800000          0.001071          0.000770         
9835.000000       4.800000          0.001071          0.000770         
9846.000000       4.363636          0.000973          0.000700         
9856.000000       4.800000          0.001071          0.000770         
9866.000000       4.900000          0.001071          0.000770         
9876.000000       4.900000          0.001071          0.000770         
9886.000000       4.900000          0.001071          0.000770         
9896.000000       4.800000          0.001071          0.000770         
9906.000000       4.800000          0.001071          0.000770         
9917.000000       4.363636          0.000973          0.000700         
9927.000000       4.800000          0.001071          0.000770         
9937.000000       4.800000          0.001071          0.000770         
9947.000000       4.800000          0.001071          0.000770         
9957.000000       4.800000          0.001071          0.000770         
9968.000000       4.363636          0.000973          0.000700         
9978.000000       4.800000          0.001071          0.000770         
9988.000000       4.800000          0.001071          0.000770         
9998.000000       4.800000          0.001071          0.000770         
10008.000000      4.800000          0.001071          0.000770         
10018.000000      4.800000          0.001071          0.000770         
10029.000000      4.363636          0.000973          0.000700         
10039.000000      4.800000          0.001071          0.000770         
10049.000000      4.800000          0.001071          0.000770         
10059.000000      4.800000          0.001071          0.000770         
10069.000000      4.800000          0.001071          0.000770         
10079.000000      4.800000          0.001071          0.000770         
10090.000000      4.363636          0.000973          0.000700         
10100.000000      4.800000          0.001071          0.000770         
10110.000000      4.800000          0.001071          0.000770         
10120.000000      4.800000          0.001071          0.000770         
10130.000000      4.800000          0.001071          0.000770         
10140.000000      4.800000          0.001071          0.000770         
10150.000000      4.800000          0.001071          0.000770         
10161.000000      4.363636          0.000973          0.000700         
10171.000000      4.800000          0.001071          0.000770         
10181.000000      4.800000          0.001071          0.000770         
10191.000000      4.800000          0.001071          0.000770         
10202.000000      4.363636          0.000973          0.000700         
10212.000000      4.900000          0.001071          0.000770         
10222.000000      4.900000          0.001071          0.000770         
10232.000000      4.900000          0.001071          0.000770         
10242.000000      4.900000          0.001071          0.000770         
10252.000000      4.900000          0.001071          0.000770         
10263.000000      4.454545          0.000973          0.000700         
10273.000000      4.900000          0.001071          0.000770         
10283.000000      4.900000          0.001071          0.000770         
10293.000000      4.800000          0.001071          0.000770         
10303.000000      4.800000          0.001071          0.000770         
10313.000000      4.800000          0.001071          0.000770         
10323.000000      4.800000          0.001071          0.000770         
10334.000000      4.363636          0.000973          0.000700         
10344.000000      4.800000          0.001071          0.000770         
10354.000000      4.800000          0.001071          0.000770         
10364.000000      4.800000          0.001071          0.000770         
10374.000000      4.800000          0.001071          0.000770         
10384.000000      4.800000          0.001071          0.000770         
10394.000000      7.800000          0.378503          0.000772         
10405.000000      4.363636          0.986992          0.000700         
10415.000000      4.800000          1.143035          0.000770         
10425.000000      4.800000          1.056200          0.000770         
10435.000000      4.800000          1.164335          0.000770         
10445.000000      4.800000          1.265096          0.000770         
10455.000000      4.800000          0.905467          0.000770         
10466.000000      4.363636          0.946777          0.000700         
10476.000000      4.800000          1.107810          0.000770         
10486.000000      4.800000          1.102075          0.000770         
10496.000000      4.800000          1.081595          0.000770         
10506.000000      4.800000          1.097160          0.000770         
10516.000000      4.800000          1.084053          0.000770         
10526.000000      4.800000          1.145493          0.000770         
10537.000000      4.363636          1.194026          0.000700         
10547.000000      4.800000          1.063573          0.000770         
10557.000000      4.800000          1.103714          0.000770         
10567.000000      4.800000          1.140578          0.000770         
10577.000000      4.800000          1.200379          0.000770         
10587.000000      4.800000          1.105352          0.000770         
10598.000000      4.363636          0.956458          0.000700         
10608.000000      4.800000          1.055381          0.000770         
10618.000000      4.800000          1.045551          0.000770         
10628.000000      4.800000          1.070946          0.000770         
10638.000000      4.800000          1.124194          0.000770         
10648.000000      4.800000          1.070946          0.000770         
10658.000000      4.800000          0.951343          0.000770         
10669.000000      4.363636          0.958692          0.000700         
10679.000000      4.800000          1.114363          0.000770         
10689.000000      4.800000          1.249531          0.000770         
10699.000000      4.800000          1.054562          0.000770         
10709.000000      4.800000          1.007867          0.000770         
10719.000000      4.800000          1.132386          0.000770         
10730.000000      4.363636          0.979545          0.000700         
10740.000000      4.800000          1.111087          0.000770         
10750.000000      4.800000          1.097160          0.000770         
10760.000000      4.800000          0.938235          0.000770         
10770.000000      4.800000          0.952981          0.000770         
10781.000000      4.363636          0.806023          0.000700         
10791.000000      4.900000          0.964450          0.000770         
10801.000000      4.900000          0.960354          0.000770         
10811.000000      4.900000          0.864507          0.000770         
10821.000000      4.900000          0.974280          0.000770         
10831.000000      4.900000          0.912840          0.000770         
10842.000000      4.363636          0.817194          0.000700         
10852.000000      4.800000          0.903829          0.000770         
10862.000000      4.800000          0.880072          0.000770         
10873.000000      4.454545          0.792618          0.000700         
10883.000000      4.800000          0.924309          0.000770         
10893.000000      4.800000          0.884987          0.000770         
10903.000000      4.800000          0.917755          0.000770         
10913.000000      4.800000          0.870242          0.000770         
10923.000000      4.800000          0.709679          0.000770         
10933.000000      4.800000          0.812079          0.000770         
10944.000000      4.363636          0.829855          0.000700         
10954.000000      4.800000          0.778491          0.000770         
10964.000000      4.800000          0.872699          0.000770         
10974.000000      4.800000          0.843208          0.000770         
10984.000000      4.800000          0.893999          0.000770         
10994.000000      4.800000          0.777672          0.000770         
11005.000000      4.363636          0.809002          0.000700         
11015.000000      4.800000          0.820271          0.000770         
11025.000000      4.800000          0.948885          0.000770         
11035.000000      4.600000          0.810440          0.000770         
11045.000000      4.800000          0.939874          0.000770         
11055.000000      4.800000          0.800610          0.000770         
11065.000000      4.800000          0.948885          0.000770         
11076.000000      4.363636          0.798576          0.000700         
11086.000000      4.800000          0.981653          0.000770         
11096.000000      4.800000          0.783407          0.000770         
11106.000000      4.800000          0.744904          0.000770         
11116.000000      4.800000          0.820271          0.000770         
11126.000000      4.800000          0.690018          0.000770         
11137.000000      4.363636          0.708464          0.000700         
11147.000000      4.800000          0.803887          0.000770         
11157.000000      4.800000          0.785864          0.000770         
11167.000000      4.800000          0.719509          0.000770         
11177.000000      4.800000          0.766203          0.000770         
11187.000000      4.800000          0.802248          0.000770         
11197.000000      4.800000          0.749819          0.000770         
11208.000000      4.363636          0.692080          0.000700         
11218.000000      4.800000          0.746543          0.000770         
11228.000000      4.800000          0.853039          0.000770         
11238.000000      4.800000          0.859592          0.000770         
11248.000000      4.800000          0.750639          0.000770         
11258.000000      4.600000          0.805304          0.000773         
11268.000000      5.400000          0.001071          0.783925         
11279.000000      4.181818          0.000973          0.787132         
11289.000000      4.800000          0.001071          10.645454        
11299.000000      4.800000          0.001071          8.876976         
11309.000000      5.700000          0.001071          0.016414         
11319.000000      4.800000          0.001071          0.000770         
