TIMESTAMP        spur-RQ          spur-RD          spur-WR          
1519682625 6848 0 0
1519682635 6848 0 0
1519682645 6848 0 0
1519682655 6848 0 0
1519682665 6848 0 0
1519682675 6848 0 0
1519682685 6848 0 0
1519682696 6848 0 0
1519682706 6848 0 0
1519682716 6848 0 0
1519682726 6848 0 0
1519682736 6848 0 0
1519682746 6850 0 0
1519682756 6850 0 0
1519682767 6850 0 0
1519682777 6850 0 0
1519682787 6850 0 0
1519682797 6850 0 0
1519682807 6850 0 0
1519682817 6852 0 0
1519682827 6852 0 0
1519682838 6852 0 0
1519682848 6852 0 0
1519682858 6852 0 0
1519682868 6852 0 0
1519682878 6852 0 0
1519682888 6852 0 0
1519682899 6854 0 0
1519682909 6854 0 0
1519682919 6854 0 0
1519682929 6854 0 0
1519682939 6854 0 0
1519682950 6854 0 0
1519682960 6854 0 0
1519682970 6856 0 0
1519682980 6856 0 0
1519682990 6856 0 0
1519683000 6856 0 0
1519683010 6856 0 0
1519683021 6856 0 0
1519683031 6856 0 0
1519683041 6858 0 0
1519683051 6858 0 0
1519683061 6858 0 0
1519683071 6858 0 0
1519683082 6858 0 0
1519683092 6858 0 0
1519683102 6858 0 0
1519683112 6858 0 0
1519683122 6860 0 0
1519683132 6860 0 0
1519683142 6860 0 0
1519683153 6860 0 0
1519683163 6860 0 0
1519683173 6860 0 0
1519683183 6860 0 0
1519683193 6862 0 0
1519683203 6862 0 0
1519683213 6862 0 0
1519683224 6862 0 0
1519683235 6862 0 0
1519683245 6862 0 0
1519683255 6862 0 0
1519683266 6864 0 0
1519683276 6864 0 0
1519683286 6864 0 0
1519683296 6864 0 0
1519683306 6864 0 0
1519683318 6864 0 0
1519683328 6864 0 0
1519683338 6864 0 0
1519683348 6866 0 0
1519683358 6866 0 0
1519683368 6866 0 0
1519683378 6866 0 0
1519683389 6866 0 0
1519683399 6866 0 0
1519683409 6866 0 0
1519683419 6868 0 0
1519683430 6868 0 0
1519683440 6868 0 0
1519683450 6868 0 0
1519683460 6868 0 0
1519683470 6868 0 0
1519683480 6868 0 0
1519683490 6870 0 0
1519683501 6870 0 0
1519683511 6870 0 0
1519683521 6870 0 0
1519683531 6870 0 0
1519683541 6870 0 0
1519683551 6870 0 0
1519683561 6870 0 0
1519683572 6872 0 0
1519683582 6872 0 0
1519683592 6872 0 0
1519683602 6872 0 0
1519683612 6872 0 0
1519683622 6872 0 0
1519683633 6872 0 0
1519683643 6874 0 0
1519683653 6874 0 0
1519683663 6874 0 0
1519683673 6874 0 0
1519683683 6874 0 0
1519683693 6874 0 0
1519683704 6874 0 0
1519683714 6874 0 0
1519683724 6876 0 0
1519683734 6876 0 0
1519683744 6876 0 0
1519683754 6876 0 0
1519683764 6876 0 0
1519683775 6876 0 0
1519683785 6876 0 0
1519683795 6878 0 0
1519683805 6878 0 0
1519683815 6878 0 0
1519683825 6878 0 0
1519683835 6878 0 0
1519683846 6878 0 0
1519683856 6878 0 0
1519683866 6880 0 0
1519683876 6880 0 0
1519683886 6880 0 0
1519683896 6880 0 0
1519683907 6880 0 0
1519683917 6880 0 0
1519683927 6880 0 0
1519683937 6880 0 0
1519683947 6882 0 0
1519683957 6882 0 0
1519683968 6882 0 0
1519683978 6882 0 0
1519683988 6882 0 0
1519683998 6882 0 0
1519684008 6882 0 0
1519684018 6884 0 0
1519684029 6884 0 0
1519684039 6884 0 0
1519684049 6884 0 0
1519684059 6884 0 0
1519684069 6884 0 0
1519684079 6884 0 0
1519684089 6884 0 0
1519684100 6886 0 0
1519684110 6886 0 0
1519684120 6886 0 0
1519684130 6886 0 0
1519684140 6886 0 0
1519684150 6886 0 0
1519684160 6886 0 0
1519684171 6888 0 0
1519684181 6888 0 0
1519684191 6888 0 0
1519684201 6888 0 0
1519684211 6888 0 0
1519684221 6888 0 0
1519684232 6888 0 0
1519684242 6890 0 0
1519684252 6890 0 0
1519684262 6890 0 0
1519684272 6890 0 0
1519684282 6890 0 0
1519684292 6890 0 0
1519684303 6890 0 0
1519684313 6890 0 0
1519684323 6892 0 0
1519684333 6892 0 0
1519684343 6892 0 0
1519684353 6892 0 0
1519684363 6892 0 0
1519684374 6892 0 0
1519684384 6892 0 0
1519684394 6894 0 0
1519684404 6894 0 0
1519684414 6894 0 0
1519684424 6894 0 0
1519684434 6894 0 0
1519684445 6894 0 0
1519684455 6894 0 0
1519684465 6894 0 0
1519684475 6896 0 0
1519684486 6896 0 0
1519684496 6896 0 0
1519684506 6896 0 0
1519684516 6896 0 0
1519684526 6896 0 0
1519684537 6896 0 0
1519684547 6898 0 0
1519684557 6898 0 0
1519684567 6898 0 0
1519684577 6898 0 0
1519684587 6898 0 0
1519684597 6898 0 0
1519684608 6898 0 0
1519684618 6900 0 0
1519684628 6900 0 0
1519684638 6900 0 0
1519684648 6900 0 0
1519684659 6900 0 0
1519684669 6900 0 0
1519684679 6900 0 0
1519684689 6900 0 0
1519684699 6902 0 0
1519684709 6902 0 0
1519684719 6902 0 0
1519684730 6902 0 0
1519684740 6902 0 0
1519684750 6902 0 0
1519684760 6902 0 0
1519684770 6904 0 0
1519684780 6904 0 0
1519684791 6904 0 0
1519684801 6904 0 0
1519684811 6904 0 0
1519684821 6904 0 0
1519684831 6904 0 0
1519684841 6906 0 0
1519684851 6906 0 0
1519684862 6906 0 0
1519684872 6906 0 0
1519684882 6906 0 0
1519684892 6906 0 0
1519684902 6906 0 0
1519684913 6906 0 0
1519684923 6908 0 0
1519684933 6908 0 0
1519684943 6908 0 0
1519684953 6908 0 0
1519684963 6908 0 0
1519684973 6908 0 0
1519684984 6908 0 0
1519684994 6910 0 0
1519685004 6910 0 0
1519685014 6910 0 0
1519685024 6910 0 0
1519685034 6910 0 0
1519685045 6910 0 0
1519685055 6910 0 0
1519685065 6910 0 0
1519685075 6912 0 0
1519685085 6912 0 0
1519685095 6912 0 0
1519685106 6912 0 0
1519685116 6912 0 0
1519685126 6912 0 0
1519685136 6912 0 0
1519685146 6914 0 0
1519685157 6914 0 0
1519685167 6914 0 0
1519685177 6914 0 0
1519685188 6914 0 0
1519685198 6914 0 0
1519685208 6914 0 0
1519685218 6916 0 0
1519685228 6916 0 0
1519685238 6916 0 0
1519685249 6916 0 0
1519685259 6916 0 0
1519685269 6916 0 0
1519685279 6916 0 0
1519685289 6916 0 0
1519685299 6918 0 0
1519685309 6918 0 0
1519685320 6918 0 0
1519685330 6918 0 0
1519685340 6918 0 0
1519685351 6918 0 0
1519685361 6918 0 0
1519685371 6920 0 0
1519685381 6920 0 0
1519685391 6920 0 0
1519685401 6920 0 0
1519685412 6920 0 0
1519685422 6920 0 0
1519685432 6920 0 0
1519685442 6922 0 0
1519685452 6922 0 0
1519685463 6922 0 0
1519685473 6922 0 0
1519685483 6922 0 0
1519685493 6922 0 0
1519685503 6922 0 0
1519685514 6922 0 0
1519685524 6924 0 0
1519685534 6924 0 0
1519685544 6924 0 0
1519685554 6924 0 0
1519685564 6924 0 0
1519685574 6924 0 0
1519685585 6924 0 0
1519685595 6926 0 0
1519685605 6926 0 0
1519685616 6926 0 0
1519685626 6926 0 0
1519685637 6926 0 0
1519685647 6926 0 0
1519685657 6926 0 0
1519685667 6928 0 0
1519685677 6928 0 0
1519685687 6928 0 0
1519685698 6928 0 0
1519685708 6928 0 0
1519685718 6928 0 0
1519685729 6928 0 0
1519685739 6928 0 0
1519685749 6930 0 0
1519685759 6930 0 0
1519685769 6930 0 0
1519685779 6930 0 0
1519685789 6930 0 0
1519685800 6930 0 0
1519685810 6930 0 0
1519685820 6932 0 0
1519685830 6932 0 0
1519685841 6932 0 0
1519685851 6932 0 0
1519685861 6932 0 0
1519685872 6932 0 0
1519685882 6932 0 0
1519685892 6934 0 0
1519685902 6934 0 0
1519685912 6934 0 0
1519685923 6934 0 0
1519685933 6934 0 0
1519685943 6934 0 0
1519685953 6934 0 0
1519685963 6934 0 0
1519685973 6936 0 0
1519685983 6936 0 0
1519685994 6936 0 0
1519686004 6936 0 0
1519686014 6936 0 0
1519686024 6936 0 0
1519686034 6936 0 0
1519686044 6938 0 0
1519686055 6938 0 0
1519686065 6938 0 0
1519686075 6938 0 0
1519686085 6938 0 0
1519686095 6938 0 0
1519686105 6938 0 0
1519686115 6938 0 0
1519686126 6940 0 0
1519686136 6940 0 0
1519686146 6940 0 0
1519686156 6940 0 0
1519686166 6940 0 0
1519686176 6940 0 0
1519686186 6940 0 0
1519686197 6942 0 0
1519686207 6942 0 0
1519686217 6942 0 0
1519686227 6942 0 0
1519686237 6942 0 0
1519686247 6942 0 0
1519686257 6942 0 0
1519686268 6944 0 0
1519686278 6944 0 0
1519686288 6944 0 0
1519686298 6944 0 0
1519686308 6944 0 0
1519686318 6944 0 0
1519686329 6944 0 0
1519686339 6944 0 0
1519686349 6946 0 0
1519686359 6946 0 0
1519686369 6946 0 0
1519686380 6946 0 0
1519686390 6946 0 0
1519686400 6946 0 0
1519686411 6946 0 0
1519686421 6948 0 0
1519686431 6948 0 0
1519686441 6948 0 0
1519686451 6948 0 0
1519686461 6948 0 0
1519686471 6948 0 0
1519686482 6948 0 0
1519686492 6948 0 0
1519686502 6950 0 0
1519686512 6950 0 0
1519686522 6950 0 0
1519686532 6951 0 0
1519686543 6951 0 0
1519686553 6951 0 0
1519686563 6951 0 0
1519686573 6952 0 0
1519686583 6952 0 0
1519686593 6952 0 0
1519686603 6952 0 0
1519686614 6952 0 0
1519686624 6952 0 0
1519686634 6952 0 0
1519686645 6954 0 0
1519686655 6954 0 0
1519686665 6954 0 0
1519686676 6954 0 0
1519686686 6954 0 0
1519686696 6954 0 0
1519686706 6954 0 0
1519686716 6954 0 0
1519686726 6956 0 0
1519686736 6956 0 0
1519686747 6956 0 0
1519686757 6956 0 0
1519686767 6956 0 0
1519686777 6956 0 0
1519686787 6956 0 0
1519686797 6958 0 0
1519686807 6958 0 0
1519686818 6958 0 0
1519686828 6958 0 0
1519686838 6958 0 0
1519686848 6958 0 0
1519686858 6958 0 0
1519686868 6960 0 0
1519686878 6960 0 0
1519686889 6960 0 0
1519686899 6960 0 0
1519686909 6960 0 0
1519686919 6960 0 0
1519686929 6960 0 0
1519686939 6960 0 0
1519686949 6962 0 0
1519686960 6962 0 0
1519686970 6962 0 0
1519686980 6962 0 0
1519686990 6962 0 0
1519687000 6962 0 0
1519687010 6962 0 0
1519687021 6964 0 0
1519687031 6964 0 0
1519687041 6964 0 0
1519687051 6964 0 0
1519687061 6964 0 0
1519687071 6964 0 0
1519687081 6964 0 0
1519687092 6964 0 0
1519687102 6966 0 0
1519687112 6966 0 0
1519687122 6966 0 0
1519687132 6966 0 0
1519687142 6966 0 0
1519687153 6966 0 0
1519687163 6966 0 0
1519687173 6968 0 0
1519687184 6968 0 0
1519687194 6968 0 0
1519687204 6968 0 0
1519687214 6968 0 0
1519687224 6968 0 0
1519687234 6968 0 0
1519687245 6970 0 0
1519687255 6970 0 0
1519687265 6970 0 0
1519687275 6970 0 0
1519687285 6970 0 0
1519687295 6970 0 0
1519687305 6970 0 0
1519687316 6970 0 0
1519687326 6972 0 0
1519687336 6972 0 0
1519687346 6972 0 0
1519687356 6972 0 0
1519687366 6972 0 0
1519687376 6972 0 0
1519687387 6972 0 0
1519687397 6974 0 0
1519687407 6974 0 0
1519687417 6974 0 0
1519687427 6974 0 0
1519687437 6974 0 0
1519687448 6974 0 0
1519687458 6974 0 0
1519687468 6976 0 0
1519687478 6976 0 0
1519687488 6976 0 0
1519687498 6976 0 0
1519687508 6976 0 0
1519687519 6976 0 0
1519687529 6976 0 0
1519687539 6976 0 0
1519687549 6978 0 0
1519687559 6978 0 0
1519687569 6978 0 0
1519687579 6978 0 0
1519687590 6978 0 0
1519687600 6978 0 0
1519687610 6978 0 0
1519687620 6980 0 0
1519687630 6980 0 0
1519687640 6980 0 0
1519687650 6980 0 0
1519687660 6980 0 0
1519687671 6980 0 0
1519687681 6980 0 0
1519687691 6980 0 0
1519687701 6982 0 0
1519687712 6982 0 0
1519687722 6982 0 0
1519687732 6982 0 0
1519687743 6982 0 0
1519687753 6982 0 0
1519687763 6982 0 0
1519687773 6984 0 0
1519687783 6984 0 0
1519687794 6984 0 0
1519687804 6984 0 0
1519687814 6984 0 0
1519687824 6984 0 0
1519687835 6984 0 0
1519687845 6986 0 0
1519687855 6986 0 0
1519687865 6986 0 0
1519687876 6986 0 0
1519687886 6986 0 0
1519687896 6986 0 0
1519687906 6986 0 0
1519687916 6986 0 0
1519687927 6988 0 0
1519687937 6988 0 0
1519687947 6988 0 0
1519687957 6988 0 0
1519687967 6988 0 0
1519687978 6988 0 0
1519687988 6988 0 0
1519687998 6990 0 0
1519688008 6990 0 0
1519688018 6990 0 0
1519688028 6990 0 0
1519688038 6990 0 0
1519688049 6990 0 0
1519688059 6990 0 0
1519688069 6992 0 0
1519688079 6992 0 0
1519688090 6992 0 0
1519688100 6992 0 0
1519688110 6992 0 0
1519688120 6992 0 0
1519688130 6992 0 0
1519688140 6992 0 0
1519688151 6994 0 0
1519688161 6994 0 0
1519688171 6994 0 0
1519688181 6994 0 0
1519688191 6994 0 0
1519688201 6994 0 0
1519688212 6994 0 0
1519688222 6996 0 0
1519688232 6996 0 0
1519688242 6996 0 0
1519688252 6996 0 0
1519688262 6996 0 0
1519688272 6996 0 0
1519688283 6996 0 0
1519688293 6998 0 0
1519688304 6998 0 0
1519688314 6998 0 0
1519688324 6998 0 0
1519688334 6998 0 0
1519688344 6998 0 0
1519688355 6998 0 0
1519688365 6998 0 0
1519688375 7000 0 0
1519688385 7000 0 0
1519688395 7000 0 0
1519688405 7000 0 0
1519688416 7000 0 0
1519688426 7000 0 0
1519688436 7000 0 0
1519688446 7002 0 0
1519688456 7002 0 0
1519688466 7002 0 0
1519688477 7002 0 0
1519688487 7002 0 0
1519688497 7002 0 0
1519688507 7002 0 0
1519688518 7002 0 0
1519688528 7004 0 0
1519688539 7004 0 0
1519688549 7004 0 0
1519688560 7004 0 0
1519688570 7004 0 0
1519688580 7004 0 0
1519688590 7004 0 0
1519688601 7006 0 0
1519688611 7006 0 0
1519688621 7006 0 0
1519688631 7006 0 0
1519688641 7006 0 0
1519688652 7006 0 0
1519688662 7006 0 0
1519688672 7008 0 0
1519688684 7008 0 0
1519688694 7008 0 0
1519688704 7008 0 0
1519688714 7008 0 0
1519688724 7008 0 0
1519688735 7008 0 0
1519688745 7010 0 0
1519688756 7010 0 0
1519688766 7010 0 0
1519688776 7010 0 0
1519688786 7010 0 0
1519688796 7010 0 0
1519688806 7010 0 0
1519688817 7010 0 0
1519688827 7012 0 0
1519688837 7012 0 0
1519688847 7012 0 0
1519688857 7012 0 0
1519688868 7012 0 0
1519688878 7012 0 0
1519688888 7012 0 0
1519688898 7014 0 0
1519688909 7014 0 0
1519688919 7014 0 0
1519688929 7014 0 0
1519688940 7014 0 0
1519688950 7014 0 0
1519688960 7014 0 0
1519688970 7016 0 0
1519688980 7016 0 0
1519688990 7016 0 0
1519689001 7016 0 0
1519689011 7016 0 0
1519689021 7016 0 0
1519689031 7016 0 0
1519689041 7016 0 0
1519689052 7018 0 0
1519689062 7018 0 0
1519689072 7018 0 0
1519689082 7018 0 0
1519689092 7018 0 0
1519689103 7018 0 0
1519689113 7018 0 0
1519689123 7020 0 0
1519689133 7020 0 0
1519689144 7020 0 0
1519689154 7020 0 0
1519689164 7020 0 0
1519689174 7020 0 0
1519689184 7020 0 0
1519689194 7022 0 0
1519689205 7022 0 0
1519689215 7022 0 0
1519689225 7022 0 0
1519689235 7022 0 0
1519689246 7022 0 0
1519689256 7022 0 0
1519689266 7022 0 0
1519689276 7024 0 0
1519689286 7024 0 0
1519689297 7024 0 0
1519689307 7024 0 0
1519689317 7024 0 0
1519689327 7024 0 0
1519689337 7024 0 0
1519689347 7026 0 0
1519689358 7026 0 0
1519689368 7026 0 0
1519689378 7026 0 0
1519689388 7026 0 0
1519689398 7026 0 0
1519689408 7026 0 0
1519689418 7028 0 0
1519689429 7028 0 0
1519689439 7028 0 0
1519689449 7028 0 0
1519689459 7028 0 0
1519689469 7028 0 0
1519689480 7028 0 0
1519689490 7028 0 0
1519689500 7030 0 0
1519689510 7030 0 0
1519689520 7030 0 0
1519689530 7030 0 0
1519689540 7030 0 0
1519689551 7030 0 0
1519689561 7030 0 0
1519689571 7032 0 0
1519689581 7032 0 0
1519689591 7032 0 0
1519689601 7032 0 0
1519689612 7032 0 0
1519689622 7032 0 0
1519689632 7032 0 0
1519689642 7032 0 0
1519689652 7034 0 0
1519689662 7034 0 0
1519689672 7034 0 0
1519689683 7034 0 0
1519689693 7034 0 0
1519689703 7034 0 0
1519689713 7034 0 0
1519689723 7036 0 0
1519689733 7036 0 0
1519689744 7036 0 0
1519689754 7036 0 0
1519689764 7036 0 0
1519689774 7036 0 0
1519689784 7036 0 0
1519689794 7038 0 0
1519689804 7038 0 0
1519689815 7038 0 0
1519689825 7038 0 0
1519689835 7038 0 0
1519689845 7038 0 0
1519689855 7038 0 0
1519689865 7038 0 0
1519689875 7040 0 0
1519689886 7040 0 0
1519689896 7040 0 0
1519689906 7040 0 0
1519689916 7040 0 0
1519689926 7040 0 0
1519689936 7040 0 0
1519689947 7042 0 0
1519689957 7042 0 0
1519689967 7042 0 0
1519689977 7042 0 0
1519689987 7042 0 0
1519689997 7042 0 0
1519690007 7042 0 0
1519690018 7042 0 0
1519690028 7044 0 0
1519690038 7044 0 0
1519690048 7044 0 0
1519690058 7044 0 0
1519690068 7044 0 0
1519690079 7044 0 0
1519690089 7044 0 0
1519690099 7046 0 0
1519690109 7046 0 0
1519690119 7046 0 0
1519690129 7046 0 0
1519690139 7046 0 0
1519690150 7046 0 0
1519690160 7046 0 0
1519690170 7048 0 0
1519690180 7048 0 0
1519690190 7048 0 0
1519690200 7048 0 0
1519690210 7048 0 0
1519690221 7048 0 0
1519690231 7048 0 0
1519690241 7048 0 0
1519690251 7050 0 0
1519690261 7050 0 0
1519690271 7050 0 0
1519690282 7050 0 0
1519690292 7050 0 0
1519690302 7050 0 0
1519690312 7050 0 0
1519690322 7052 0 0
1519690332 7052 0 0
1519690342 7052 0 0
1519690353 7052 0 0
1519690363 7052 0 0
1519690373 7052 0 0
1519690383 7052 0 0
1519690394 7054 0 0
1519690404 7054 0 0
1519690414 7054 0 0
1519690424 7054 0 0
1519690434 7054 0 0
1519690444 7054 0 0
1519690454 7054 0 0
1519690465 7054 0 0
1519690475 7056 0 0
1519690485 7056 0 0
1519690495 7056 0 0
1519690505 7056 0 0
1519690515 7056 0 0
1519690526 7056 0 0
1519690536 7056 0 0
1519690546 7058 0 0
1519690556 7058 0 0
1519690566 7058 0 0
1519690576 7058 0 0
1519690586 7058 0 0
1519690597 7058 0 0
1519690607 7058 0 0
1519690617 7058 0 0
1519690627 7060 0 0
1519690637 7060 0 0
1519690647 7060 0 0
1519690658 7060 0 0
1519690668 7060 0 0
1519690678 7060 0 0
1519690688 7060 0 0
1519690698 7062 0 0
1519690708 7062 0 0
1519690718 7062 0 0
1519690729 7062 0 0
1519690739 7062 0 0
1519690749 7062 0 0
1519690759 7062 0 0
1519690769 7064 0 0
1519690780 7064 0 0
1519690790 7064 0 0
1519690800 7064 0 0
1519690810 7064 0 0
1519690820 7064 0 0
1519690831 7064 0 0
1519690841 7064 0 0
1519690852 7066 0 0
1519690862 7066 0 0
1519690872 7066 0 0
1519690882 7066 0 0
1519690893 7066 0 0
1519690903 7066 0 0
1519690913 7066 0 0
1519690923 7068 0 0
1519690933 7068 0 0
1519690943 7068 0 0
1519690953 7068 0 0
1519690964 7068 0 0
1519690974 7068 0 0
1519690984 7068 0 0
1519690994 7070 0 0
1519691004 7070 0 0
1519691014 7070 0 0
1519691024 7070 0 0
1519691035 7070 0 0
1519691045 7070 0 0
1519691055 7070 0 0
1519691065 7070 0 0
1519691075 7072 0 0
1519691085 7072 0 0
1519691096 7072 0 0
1519691106 7072 0 0
1519691116 7072 0 0
1519691126 7072 0 0
1519691136 7072 0 0
1519691146 7074 0 0
1519691156 7074 0 0
1519691167 7074 0 0
1519691177 7074 0 0
1519691187 7074 0 0
1519691197 7074 0 0
1519691207 7074 0 0
1519691217 7074 0 0
1519691227 7076 0 0
1519691238 7076 0 0
1519691248 7076 0 0
1519691258 7076 0 0
1519691268 7076 0 0
1519691279 7076 0 0
1519691289 7076 0 0
1519691299 7078 0 0
1519691309 7078 0 0
1519691320 7078 0 0
1519691330 7078 0 0
1519691340 7078 0 0
1519691351 7078 0 0
1519691361 7078 0 0
1519691371 7080 0 0
1519691382 7080 0 0
1519691392 7080 0 0
1519691402 7080 0 0
1519691412 7080 0 0
1519691422 7080 0 0
1519691432 7080 0 0
1519691443 7080 0 0
1519691453 7082 0 0
1519691463 7082 0 0
1519691473 7082 0 0
1519691483 7082 0 0
1519691493 7082 0 0
1519691504 7082 0 0
1519691514 7082 0 0
1519691524 7084 0 0
1519691534 7084 0 0
1519691544 7084 0 0
1519691554 7084 0 0
1519691564 7084 0 0
1519691575 7084 0 0
1519691585 7084 0 0
1519691595 7086 0 0
1519691605 7086 0 0
1519691615 7086 0 0
1519691625 7086 0 0
1519691635 7086 0 0
1519691646 7086 0 0
1519691656 7086 0 0
1519691666 7086 0 0
1519691677 7088 0 0
1519691687 7088 0 0
1519691697 7088 0 0
1519691707 7088 0 0
1519691718 7088 0 0
1519691728 7088 0 0
1519691739 7088 0 0
1519691749 7090 0 0
1519691759 7090 0 0
1519691769 7090 0 0
1519691780 7090 0 0
1519691790 7090 0 0
1519691800 7090 0 0
1519691810 7090 0 0
1519691821 7092 0 0
1519691831 7092 0 0
1519691841 7092 0 0
1519691851 7092 0 0
1519691861 7092 0 0
1519691872 7092 0 0
1519691882 7092 0 0
1519691892 7092 0 0
1519691902 7094 0 0
1519691912 7094 0 0
1519691922 7094 0 0
1519691932 7094 0 0
1519691943 7094 0 0
1519691953 7094 0 0
1519691963 7094 0 0
1519691973 7096 0 0
1519691983 7096 0 0
1519691993 7096 0 0
1519692004 7096 0 0
1519692014 7096 0 0
1519692024 7096 0 0
1519692034 7096 0 0
1519692044 7098 0 0
1519692054 7098 0 0
1519692065 7098 0 0
1519692075 7098 0 0
1519692085 7098 0 0
1519692095 7098 0 0
1519692105 7098 0 0
1519692115 7098 0 0
1519692125 7100 0 0
1519692136 7100 0 0
1519692146 7100 0 0
1519692156 7100 0 0
1519692166 7100 0 0
1519692176 7100 0 0
1519692186 7100 0 0
1519692197 7102 0 0
1519692207 7102 0 0
1519692217 7102 0 0
1519692227 7102 0 0
1519692237 7102 0 0
1519692247 7102 0 0
1519692257 7102 0 0
1519692268 7102 0 0
1519692278 7104 0 0
1519692288 7104 0 0
1519692298 7104 0 0
1519692308 7104 0 0
1519692318 7104 0 0
1519692328 7104 0 0
1519692339 7104 0 0
1519692349 7106 0 0
1519692359 7106 0 0
1519692369 7106 0 0
1519692379 7106 0 0
1519692389 7106 0 0
1519692400 7106 0 0
1519692410 7106 0 0
1519692420 7108 0 0
1519692430 7108 0 0
1519692440 7108 0 0
1519692450 7108 0 0
1519692460 7108 0 0
1519692471 7108 0 0
1519692481 7108 0 0
1519692491 7108 0 0
1519692501 7110 0 0
1519692511 7110 0 0
1519692521 7110 0 0
1519692531 7110 0 0
1519692542 7110 0 0
1519692552 7110 0 0
1519692562 7110 0 0
1519692572 7112 0 0
1519692582 7112 0 0
1519692593 7112 0 0
1519692603 7112 0 0
1519692613 7112 0 0
1519692623 7112 0 0
1519692633 7112 0 0
1519692643 7114 0 0
1519692654 7114 0 0
1519692664 7114 0 0
1519692674 7114 0 0
1519692684 7114 0 0
1519692694 7114 0 0
1519692704 7114 0 0
1519692715 7114 0 0
1519692725 7116 0 0
1519692735 7116 0 0
1519692745 7116 0 0
1519692755 7116 0 0
1519692765 7116 0 0
1519692775 7116 0 0
1519692786 7116 0 0
1519692796 7118 0 0
1519692806 7118 0 0
1519692816 7118 0 0
1519692827 7118 0 0
1519692837 7118 0 0
1519692847 7118 0 0
1519692857 7118 0 0
1519692867 7118 0 0
1519692877 7120 0 0
1519692888 7120 0 0
1519692898 7120 0 0
1519692908 7120 0 0
1519692918 7120 0 0
1519692928 7120 0 0
1519692938 7120 0 0
1519692948 7122 0 0
1519692959 7122 0 0
1519692969 7122 0 0
1519692979 7122 0 0
1519692989 7122 0 0
1519692999 7122 0 0
1519693009 7122 0 0
1519693019 7124 0 0
1519693030 7124 0 0
1519693040 7124 0 0
1519693050 7124 0 0
1519693060 7124 0 0
1519693070 7124 0 0
1519693080 7124 0 0
1519693091 7124 0 0
1519693101 7126 0 0
1519693111 7126 0 0
1519693121 7126 0 0
1519693131 7126 0 0
1519693141 7126 0 0
1519693151 7126 0 0
1519693162 7126 0 0
1519693172 7128 0 0
1519693182 7128 0 0
1519693192 7128 0 0
1519693202 7128 0 0
1519693212 7128 0 0
1519693223 7128 0 0
1519693233 7128 0 0
1519693243 7128 0 0
1519693253 7130 0 0
1519693263 7130 0 0
1519693273 7130 0 0
1519693283 7130 0 0
1519693294 7130 0 0
1519693304 7130 0 0
1519693314 7130 0 0
1519693324 7132 0 0
1519693334 7132 0 0
1519693344 7132 0 0
1519693355 7132 0 0
1519693365 7132 0 0
1519693375 7132 0 0
1519693385 7132 0 0
1519693395 7134 0 0
1519693406 7134 0 0
1519693416 7134 0 0
1519693426 7134 0 0
1519693436 7134 0 0
1519693446 7134 0 0
1519693456 7134 0 0
1519693467 7134 0 0
1519693477 7136 0 0
1519693487 7136 0 0
1519693498 7136 0 0
1519693508 7136 0 0
1519693518 7136 0 0
1519693528 7136 0 0
1519693538 7136 0 0
1519693548 7138 0 0
1519693558 7138 0 0
1519693569 7138 0 0
1519693579 7138 0 0
1519693589 7138 0 0
1519693599 7138 0 0
1519693609 7138 0 0
1519693619 7140 0 0
1519693630 7140 0 0
1519693640 7140 0 0
1519693650 7140 0 0
1519693660 7140 0 0
1519693670 7140 0 0
1519693680 7140 0 0
1519693690 7140 0 0
1519693701 7142 0 0
1519693711 7142 0 0
1519693721 7142 0 0
1519693731 7142 0 0
1519693741 7142 0 0
1519693751 7142 0 0
1519693762 7142 0 0
1519693772 7144 0 0
1519693782 7144 0 0
1519693792 7144 0 0
1519693802 7144 0 0
1519693812 7144 0 0
1519693822 7144 0 0
1519693833 7144 0 0
1519693843 7144 0 0
1519693853 7146 0 0
1519693863 7146 0 0
1519693873 7146 0 0
1519693883 7146 0 0
1519693893 7146 0 0
1519693904 7146 0 0
1519693914 7146 0 0
1519693924 7148 0 0
1519693934 7148 0 0
1519693944 7148 0 0
