TIMESTAMP        work-RQ          work-RD          work-WR          
1519682625 106262 4851368890 10016371605
1519682635 106350 4854405674 10019506445
1519682645 106398 4854416374 10019514140
1519682655 106446 4854427074 10019521835
1519682665 106494 4854437774 10019529530
1519682675 106542 4854448474 10019537225
1519682685 106592 4854459176 10019544921
1519682696 106640 4854469878 10019552617
1519682706 106688 4854480580 10019560313
1519682716 106736 4854491282 10019568009
1519682726 106792 4854501984 10019575705
1519682736 106840 4854512686 10019583401
1519682746 106890 4854523388 10019591097
1519682756 106938 4854534090 10019598793
1519682767 106988 4854544792 10019606489
1519682777 107036 4854555494 10019614185
1519682787 107084 4854566196 10019621881
1519682797 107132 4854576898 10019629588
1519682807 107180 4854587600 10019637284
1519682817 107228 4854598302 10019644980
1519682827 107276 4854609004 10019652676
1519682838 107324 4854619706 10019660372
1519682848 107372 4854630408 10019668068
1519682858 107420 4854641110 10019675764
1519682868 107468 4854651812 10019683460
1519682878 107516 4854662514 10019691156
1519682888 107564 4854673216 10019698852
1519682899 107612 4854683918 10019706548
1519682909 107662 4854694620 10019714244
1519682919 107710 4854705322 10019721940
1519682929 107758 4854716024 10019729636
1519682939 107822 4854726726 10037400623
1519682950 107870 4854737430 10066964635
1519682960 107916 4854748134 10096166737
1519682970 107962 4854758838 10125670527
1519682980 108010 4854769542 10155738015
1519682990 108058 4854780246 10185655016
1519683000 108108 4854790950 10215580547
1519683010 108164 4854801654 10245107166
1519683021 108210 4854812358 10273255416
1519683031 108260 4854823062 10302436121
1519683041 108309 4854833766 10331105000
1519683051 108355 4854844470 10360709660
1519683061 108405 4854855174 10389985329
1519683071 108453 4854865878 10418597987
1519683082 108499 4854876582 10446481215
1519683092 108549 4854887292 10473794333
1519683102 108597 4854897996 10500175634
1519683112 108643 4854908700 10526345743
1519683122 108693 4854919404 10553097297
1519683132 108741 4854930108 10578291539
1519683142 108789 4854940812 10603732824
1519683153 108837 4854951516 10630347415
1519683163 108885 4854962220 10656643042
1519683173 108933 4854972924 10683598991
1519683183 108981 4854983628 10710832306
1519683193 109027 4854994332 10735509201
1519683203 109079 4855005036 10760125125
1519683213 109127 4855015740 10785616928
1519683224 109175 4855026444 10810364992
1519683235 109245 4855274687 10832800685
1519683245 109293 4858225960 10832808382
1519683255 109341 4861185424 10832816079
1519683266 109389 4864415191 10832823776
1519683276 109437 4867309127 10832831473
1519683286 109485 4870276782 10832839170
1519683296 109533 4873236246 10832846867
1519683306 109581 4876121991 10832854564
1519683318 109629 4879343567 10832862261
1519683328 109677 4882343986 10832869958
1519683338 109725 4885270686 10832877655
1519683348 109773 4888312060 10832885352
1519683358 109821 4891296097 10832893049
1519683368 109869 4894280136 10832900747
1519683378 109917 4897346085 10832908445
1519683389 109965 4900362888 10832916143
1519683399 110013 4903518938 10832923841
1519683409 110061 4906560314 10832931539
1519683419 110109 4909511589 10832939237
1519683430 110157 4912561156 10832946935
1519683440 110205 4915520622 10832954633
1519683450 110253 4918406369 10832962331
1519683460 110301 4921349453 10832970029
1519683470 110349 4924333492 10832977727
1519683480 110397 4927235621 10832985425
1519683490 110445 4930260615 10832993123
1519683501 110493 4933187317 10833000821
1519683511 110541 4934151510 10833008582
1519683521 110589 4934162216 10833016280
1519683531 110637 4934172922 10833023978
1519683541 110685 4934183628 10833031676
1519683551 110733 4934194334 10833039374
1519683561 110781 4934205040 10833047072
1519683572 110829 4934215746 10833054770
1519683582 110877 4934226452 10833062468
1519683592 110925 4934237158 10833070166
1519683602 110973 4934247864 10833077864
1519683612 111021 4934258570 10833085562
1519683622 111069 4934269276 10833093260
1519683633 111117 4934279982 10833100958
1519683643 111165 4934290688 10833108656
1519683653 111213 4934301394 10833116354
1519683663 111261 4934312100 10833124052
1519683673 111309 4934322806 10833131750
1519683683 111357 4934333512 10833139448
1519683693 111405 4934344218 10833147146
1519683704 111453 4934354924 10833154844
1519683714 111501 4934365630 10833162542
1519683724 111549 4934376336 10833170240
1519683734 111597 4934387042 10833177938
1519683744 111645 4934397748 10833185636
1519683754 111693 4934408454 10833193334
1519683764 111741 4934419160 10833201032
1519683775 111789 4934429866 10833208730
1519683785 111837 4934440572 10833216428
1519683795 111885 4934451278 10833224126
1519683805 111933 4934461984 10833231824
1519683815 111981 4934472690 10833239522
1519683825 112029 4934483396 10833247222
1519683835 112077 4934494102 10833254920
1519683846 112125 4934504808 10833262618
1519683856 112173 4934515514 10833270316
1519683866 112221 4934526220 10833278014
1519683876 112269 4934536926 10833285712
1519683886 112317 4934547632 10833293410
1519683896 112365 4934558338 10833301108
1519683907 112413 4934569044 10833308806
1519683917 112461 4934579750 10833316504
1519683927 112509 4934590456 10833324202
1519683937 112557 4934601162 10833331900
1519683947 112605 4934611868 10833339598
1519683957 112653 4934622574 10833347296
1519683968 112701 4934633280 10833354994
1519683978 112749 4934643986 10833362692
1519683988 112797 4934654692 10833370390
1519683998 112845 4934665398 10833378088
1519684008 112893 4934676104 10833385786
1519684018 112941 4934686810 10833393484
1519684029 112989 4934697516 10833401182
1519684039 113037 4934708222 10833408880
1519684049 113085 4934718928 10833416578
1519684059 113133 4934729634 10833424276
1519684069 113182 4934740340 10833432007
1519684079 113244 4934910786 10833439757
1519684089 113292 4934921492 10833447456
1519684100 113340 4934932198 10833455155
1519684110 113388 4934942904 10833462854
1519684120 113436 4934953610 10833470553
1519684130 113484 4934964316 10833478269
1519684140 113532 4934975022 10833485968
1519684150 113580 4934985728 10833493667
1519684160 113628 4934996434 10833501366
1519684171 113676 4935007140 10833509065
1519684181 113724 4935017846 10833516764
1519684191 113772 4935028552 10833524463
1519684201 113820 4935039258 10833532162
1519684211 113868 4935049964 10833539861
1519684221 113916 4935060670 10833547578
1519684232 113964 4935071376 10833555277
1519684242 114012 4935082082 10833562976
1519684252 114060 4935092788 10833570675
1519684262 114108 4935103494 10833578374
1519684272 114156 4935114200 10833586073
1519684282 114204 4935124906 10833593772
1519684292 114252 4935135612 10833601471
1519684303 114300 4935146318 10833609170
1519684313 114348 4935157024 10833616869
1519684323 114396 4935167730 10833624568
1519684333 114444 4935178436 10833632284
1519684343 114492 4935189142 10833639983
1519684353 114540 4935199848 10833647682
1519684363 114588 4935210554 10833655381
1519684374 114636 4935221260 10833663080
1519684384 114684 4935231966 10833670779
1519684394 114732 4935242672 10833678478
1519684404 114780 4935253378 10833686177
1519684414 114828 4935264084 10833693876
1519684424 114876 4935274790 10833701575
1519684434 114924 4935285496 10833709274
1519684445 114972 4935296202 10833716973
1519684455 115020 4935306908 10833724672
1519684465 115068 4935317614 10833732388
1519684475 115116 4935328320 10833740086
1519684486 115164 4935339026 10833747785
1519684496 115212 4935349732 10833755484
1519684506 115260 4935360438 10833763183
1519684516 115308 4935371144 10833770882
1519684526 115356 4935381850 10833778581
1519684537 115404 4935392556 10833786280
1519684547 115452 4935403262 10833793979
1519684557 115500 4935413968 10833801678
1519684567 115548 4935424674 10833809377
1519684577 115596 4935435380 10833817076
1519684587 115644 4935446086 10833824775
1519684597 115692 4935456792 10833832474
1519684608 115740 4935467498 10833840173
1519684618 115788 4935478204 10833847872
1519684628 115836 4935488910 10833855571
1519684638 115884 4935499616 10833863270
1519684648 115932 4935510322 10833870987
1519684659 115980 4935521028 10833878686
1519684669 116028 4935531734 10833886385
1519684679 116076 4935542440 10833894084
1519684689 116124 4935553146 10833901783
1519684699 116172 4935563852 10833909482
1519684709 116220 4935574558 10833917181
1519684719 116268 4935585264 10833924880
1519684730 116316 4935595970 10833932579
1519684740 116364 4935606676 10833940278
1519684750 116412 4935617382 10833947977
1519684760 116460 4935628088 10833955676
1519684770 116508 4935638794 10833963375
1519684780 116556 4935649500 10833971074
1519684791 116604 4935660206 10833978773
1519684801 116652 4935670912 10833986472
1519684811 116700 4935681618 10833994171
1519684821 116748 4935692324 10834001870
1519684831 116796 4935703030 10834009569
1519684841 116844 4935713736 10834017268
1519684851 116892 4935724442 10834024985
1519684862 116940 4935735148 10834032684
1519684872 116988 4935745854 10834040383
1519684882 117036 4935756560 10834048082
1519684892 117084 4935767266 10834055781
1519684902 117132 4935777972 10834063480
1519684913 117180 4935788678 10834071179
1519684923 117228 4935799384 10834078878
1519684933 117276 4935810090 10834086577
1519684943 117324 4935820796 10834094276
1519684953 117372 4935831502 10834101975
1519684963 117420 4935842208 10834109674
1519684973 117468 4935852914 10834117373
1519684984 117516 4935863620 10834125072
1519684994 117564 4935874326 10834132771
1519685004 117612 4935885032 10834140470
1519685014 117660 4935895738 10834148169
1519685024 117708 4935906444 10834155868
1519685034 117756 4935917150 10834163567
1519685045 117804 4935927856 10834171266
1519685055 117852 4935938562 10834178965
1519685065 117900 4935949268 10834186664
1519685075 117948 4935959974 10834194363
1519685085 117996 4935970680 10834202080
1519685095 118044 4935981386 10834209779
1519685106 118092 4935992092 10834217478
1519685116 118140 4936002798 10834225177
1519685126 118188 4936013504 10834232876
1519685136 118236 4936024210 10834240575
1519685146 118284 4936034916 10834248274
1519685157 118332 4936045622 10834255973
1519685167 118380 4936056328 10834263672
1519685177 118428 4936067034 10834271371
1519685188 118476 4936077740 10834279070
1519685198 118524 4936088446 10834286769
1519685208 118572 4936099152 10834294468
1519685218 118620 4936109858 10834302167
1519685228 118668 4936120564 10834309866
1519685238 118716 4936131270 10834317565
1519685249 118764 4936141976 10834325264
1519685259 118812 4936152682 10834332963
1519685269 118860 4936163388 10834340662
1519685279 118908 4936174094 10834348361
1519685289 118956 4936184800 10834356060
1519685299 119004 4936195506 10834363759
1519685309 119052 4936206212 10834371458
1519685320 119100 4936216918 10834379157
1519685330 119148 4936227624 10834386875
1519685340 119196 4936238330 10834394574
1519685351 119244 4936249036 10834402273
1519685361 119292 4936259742 10834409972
1519685371 119340 4936270448 10834417671
1519685381 119388 4936281154 10834425370
1519685391 119436 4936291860 10834433069
1519685401 119484 4936302566 10834440768
1519685412 119532 4936313272 10834448467
1519685422 119580 4936323978 10834456166
1519685432 119628 4936334684 10834463865
1519685442 119676 4936345390 10834471564
1519685452 119724 4936356096 10834479263
1519685463 119772 4936366802 10834486962
1519685473 119820 4936377508 10834494661
1519685483 119868 4936388214 10834502360
1519685493 119916 4936398920 10834510059
1519685503 119964 4936409626 10834517758
1519685514 120012 4936420332 10834525457
1519685524 120060 4936431038 10834533156
1519685534 120108 4936441744 10834540855
1519685544 120156 4936452450 10834548554
1519685554 120204 4936463156 10834556253
1519685564 120252 4936473862 10834563952
1519685574 120300 4936484568 10834571651
1519685585 120348 4936495274 10834579350
1519685595 120396 4936505980 10834587049
1519685605 120444 4936516686 10834594767
1519685616 120492 4936527392 10834602466
1519685626 120540 4936538098 10834610165
1519685637 120588 4936548804 10834617864
1519685647 120636 4936559510 10834625563
1519685657 120684 4936570216 10834633262
1519685667 120732 4936580922 10834640961
1519685677 120780 4936591628 10834648660
1519685687 120828 4936602334 10834656359
1519685698 120876 4936613040 10834664058
1519685708 120924 4936623746 10834671757
1519685718 120972 4936634452 10834679456
1519685729 121020 4936645158 10834687155
1519685739 121068 4936655864 10834694854
1519685749 121116 4936666570 10834702553
1519685759 121164 4936677276 10834710252
1519685769 121212 4936687982 10834717951
1519685779 121260 4936698688 10834725650
1519685789 121308 4936709394 10834733349
1519685800 121356 4936720100 10834741048
1519685810 121404 4936730806 10834748747
1519685820 121452 4936741512 10834756446
1519685830 121500 4936752218 10834764145
1519685841 121548 4936762924 10834771844
1519685851 121596 4936773630 10834779543
1519685861 121644 4936784336 10834787242
1519685872 121692 4936795042 10834794941
1519685882 121740 4936805748 10834802640
1519685892 121788 4936816454 10834810339
1519685902 121836 4936827160 10834818057
1519685912 121884 4936837866 10834825756
1519685923 121932 4936848572 10834833455
1519685933 121980 4936859278 10834841154
1519685943 122028 4936869984 10834848853
1519685953 122076 4936880690 10834856552
1519685963 122124 4936891396 10834864251
1519685973 122172 4936902102 10834871950
1519685983 122220 4936912808 10834879649
1519685994 122268 4936923514 10834887348
1519686004 122316 4936934220 10834895047
1519686014 122364 4936944926 10834902746
1519686024 122412 4936955632 10834910445
1519686034 122460 4936966338 10834918144
1519686044 122508 4936977044 10834925843
1519686055 122556 4936987750 10834933542
1519686065 122604 4936998456 10834941241
1519686075 122652 4937009162 10834948940
1519686085 122700 4937019868 10834956639
1519686095 122748 4937030574 10834964338
1519686105 122796 4937041280 10834972037
1519686115 122844 4937051986 10834979736
1519686126 122892 4937062692 10834987435
1519686136 122940 4937073398 10834995134
1519686146 122988 4937084104 10835002833
1519686156 123036 4937094810 10835010532
1519686166 123084 4937105516 10835018231
1519686176 123132 4937116222 10835025930
1519686186 123180 4937126928 10835033629
1519686197 123228 4937137634 10835041328
1519686207 123276 4937148340 10835049027
1519686217 123324 4937159046 10835056726
1519686227 123372 4937169752 10835064444
1519686237 123420 4937180458 10835072143
1519686247 123468 4937191164 10835079842
1519686257 123516 4937201870 10835087541
1519686268 123564 4937212576 10835095240
1519686278 123612 4937223282 10835102939
1519686288 123660 4937233988 10835110638
1519686298 123708 4937244694 10835118337
1519686308 123756 4937255400 10835126036
1519686318 123804 4937266106 10835133735
1519686329 123852 4937276812 10835141434
1519686339 123900 4937287518 10835149133
1519686349 123948 4937298224 10835156832
1519686359 123996 4937308930 10835164531
1519686369 124044 4937319636 10835172230
1519686380 124092 4937330342 10835179929
1519686390 124140 4937341048 10835187628
1519686400 124188 4937351754 10835195327
1519686411 124236 4937362460 10835203026
1519686421 124284 4937373166 10835210725
1519686431 124332 4937383872 10835218424
1519686441 124380 4937394578 10835226123
1519686451 124428 4937405284 10835233822
1519686461 124477 4937415990 10835241521
1519686471 124525 4937426696 10835249219
1519686482 124573 4937437402 10835256918
1519686492 124621 4937448108 10835264617
1519686502 124669 4937458814 10835272316
1519686512 124717 4937469520 10835280015
1519686522 124765 4937480226 10835287714
1519686532 124822 4937490932 10835295413
1519686543 124870 4937501638 10835303111
1519686553 124918 4937512344 10835310810
1519686563 124966 4937523050 10835318528
1519686573 125014 4937533756 10835326227
1519686583 125062 4937544462 10835333926
1519686593 125110 4937555168 10835341625
1519686603 125158 4937565874 10835349324
1519686614 125206 4937576580 10835357023
1519686624 125254 4937587286 10835364722
1519686634 125302 4937597992 10835372421
1519686645 125350 4937608698 10835380120
1519686655 125398 4937619404 10835387819
1519686665 125446 4937630110 10835395518
1519686676 125494 4937640816 10835403217
1519686686 125542 4937651522 10835410916
1519686696 125590 4937662228 10835418615
1519686706 125638 4937672934 10835426314
1519686716 125686 4937683640 10835434013
1519686726 125735 4937694346 10835441712
1519686736 125784 4937705052 10835449411
1519686747 125833 4937715758 10835457110
1519686757 125882 4937726464 10835464809
1519686767 125931 4937737170 10835472508
1519686777 125980 4937747876 10835480207
1519686787 126029 4937758582 10835487906
1519686797 126078 4937769288 10835495605
1519686807 126127 4937779994 10835503304
1519686818 126176 4937790700 10835511003
1519686828 126225 4937801406 10835518702
1519686838 126274 4937812112 10835526401
1519686848 126323 4937822818 10835534100
1519686858 126371 4937833524 10835541798
1519686868 126419 4937844230 10835549497
1519686878 126467 4937854936 10835557196
1519686889 126515 4937865642 10835564895
1519686899 126564 4937876348 10835572594
1519686909 126613 4937887054 10835580293
1519686919 126661 4937897760 10835587992
1519686929 126710 4937908466 10835595710
1519686939 126758 4937919172 10835603409
1519686949 126806 4937929878 10835611108
1519686960 126855 4937940584 10835618807
1519686970 126903 4937951290 10835626506
1519686980 126951 4937961996 10835634205
1519686990 126999 4937972702 10835641904
1519687000 127047 4937983408 10835649603
1519687010 127095 4937994114 10835657302
1519687021 127143 4938004820 10835665001
1519687031 127191 4938015526 10835672700
1519687041 127239 4938026232 10835680399
1519687051 127287 4938036938 10835688098
1519687061 127335 4938047644 10835695797
1519687071 127383 4938058350 10835703496
1519687081 127431 4938069056 10835711195
1519687092 127479 4938079762 10835718894
1519687102 127527 4938090468 10835726593
1519687112 127575 4938101174 10835734292
1519687122 127623 4938111880 10835741991
1519687132 127671 4938122586 10835749690
1519687142 127720 4938133292 10835757389
1519687153 127768 4938143998 10835765088
1519687163 127816 4938154704 10835772787
1519687173 127864 4938165410 10835780486
1519687184 127912 4938176116 10835788185
1519687194 127960 4938186822 10835795884
1519687204 128008 4938197528 10835803583
1519687214 128056 4938208234 10835811281
1519687224 128104 4938218940 10835818980
1519687234 128152 4938229646 10835826679
1519687245 128200 4938240352 10835834378
1519687255 128248 4938251058 10835842077
1519687265 128296 4938261764 10835849776
1519687275 128344 4938272470 10835857475
1519687285 128392 4938283176 10835865174
1519687295 128440 4938293882 10835872873
1519687305 128488 4938304588 10835880572
1519687316 128536 4938315294 10835888271
1519687326 128584 4938326000 10835895970
1519687336 128632 4938336706 10835903669
1519687346 128680 4938347412 10835911368
1519687356 128728 4938358118 10835919067
1519687366 128777 4938368824 10835926766
1519687376 128826 4938379530 10835934465
1519687387 128874 4938390236 10835942164
1519687397 128922 4938400942 10835949863
1519687407 128970 4938411648 10835957581
1519687417 129018 4938422354 10835965280
1519687427 129066 4938433060 10835972979
1519687437 129114 4938443766 10835980678
1519687448 129162 4938454472 10835988377
1519687458 129210 4938465178 10835996076
1519687468 129258 4938475884 10836003775
1519687478 129306 4938486590 10836011474
1519687488 129354 4938497296 10836019173
1519687498 129402 4938508002 10836026872
1519687508 129450 4938518708 10836034571
1519687519 129498 4938529414 10836042270
1519687529 129546 4938540120 10836049969
1519687539 129594 4938550826 10836057668
1519687549 129642 4938561532 10836065367
1519687559 129690 4938572238 10836073066
1519687569 129738 4938582944 10836080765
1519687579 129786 4938593650 10836088464
1519687590 129834 4938604356 10836096163
1519687600 129882 4938615062 10836103862
1519687610 129930 4938625768 10836111561
1519687620 129978 4938636474 10836119260
1519687630 130026 4938647180 10836126959
1519687640 130074 4938657886 10836134658
1519687650 130122 4938668592 10836142357
1519687660 130170 4938679298 10836150056
1519687671 130218 4938690004 10836157755
1519687681 130266 4938700710 10836165454
1519687691 130314 4938711416 10836173153
1519687701 130362 4938722122 10836180852
1519687712 130410 4938732828 10836188551
1519687722 130458 4938743534 10836196250
1519687732 130506 4938754240 10836203949
1519687743 130554 4938764946 10836211647
1519687753 130602 4938775652 10836219345
1519687763 130650 4938786358 10836227043
1519687773 130698 4938797064 10836234741
1519687783 130746 4938807770 10836242440
1519687794 130794 4938818476 10836250139
1519687804 130842 4938829182 10836257838
1519687814 130890 4938839888 10836265536
1519687824 130938 4938850594 10836273235
1519687835 130986 4938861300 10836280934
1519687845 131034 4938872006 10836288633
1519687855 131082 4938882712 10836296332
1519687865 131130 4938893418 10836304031
1519687876 131178 4938904124 10836311730
1519687886 131226 4938914830 10836319429
1519687896 131274 4938925536 10836327128
1519687906 131322 4938936242 10836334827
1519687916 131370 4938946948 10836342546
1519687927 131419 4938957654 10836350246
1519687937 131468 4938968360 10836357946
1519687947 131517 4938979066 10836365646
1519687957 131566 4938989772 10836373346
1519687967 131615 4939000478 10836381046
1519687978 131664 4939011184 10836388746
1519687988 131713 4939021890 10836396446
1519687998 131762 4939032596 10836404146
1519688008 131811 4939043302 10836411846
1519688018 131860 4939054008 10836419545
1519688028 131909 4939064714 10836427245
1519688038 131958 4939075420 10836434945
1519688049 132007 4939086126 10836442645
1519688059 132055 4939096832 10836450345
1519688069 132103 4939107538 10836458045
1519688079 132151 4939118244 10836465745
1519688090 132199 4939128950 10836473445
1519688100 132247 4939139656 10836481145
1519688110 132295 4939150362 10836488845
1519688120 132343 4939161068 10836496545
1519688130 132391 4939171774 10836504245
1519688140 132439 4939182480 10836511945
1519688151 132487 4939193186 10836519645
1519688161 132535 4939203892 10836527345
1519688171 132583 4939214598 10836535045
1519688181 132631 4939225304 10836542745
1519688191 132679 4939236010 10836550445
1519688201 132727 4939246716 10836558145
1519688212 132775 4939257422 10836565845
1519688222 132823 4939268128 10836573545
1519688232 132871 4939278834 10836581245
1519688242 132920 4939289540 10836588945
1519688252 132968 4939300246 10836596645
1519688262 133016 4939310952 10836604345
1519688272 133064 4939321658 10836612045
1519688283 133112 4939332364 10836619744
1519688293 133160 4939343070 10836627444
1519688304 133208 4939353776 10836635144
1519688314 133256 4939364482 10836642844
1519688324 133304 4939375188 10836650544
1519688334 133352 4939385894 10836658244
1519688344 133400 4939396600 10836665944
1519688355 133448 4939407308 10836673645
1519688365 133496 4939418016 10836681346
1519688375 133544 4939428724 10836689047
1519688385 133592 4939439432 10836696748
1519688395 133640 4939450140 10836704449
1519688405 133688 4939460848 10836712150
1519688416 133736 4939471556 10836719851
1519688426 133784 4939482264 10836727552
1519688436 133832 4939492972 10836735253
1519688446 133880 4939503680 10836742972
1519688456 133928 4939514388 10836750672
1519688466 133976 4939525096 10836758372
1519688477 134025 4939535804 10836766072
1519688487 134074 4939546512 10836773772
1519688497 134123 4939557220 10836781472
1519688507 134172 4939567928 10836789172
1519688518 134221 4939578636 10836796872
1519688528 134270 4939589344 10836804572
1519688539 134319 4939600052 10836812272
1519688549 134367 4939610760 10836819972
1519688560 134415 4939621468 10836827672
1519688570 134463 4939632176 10836835371
1519688580 134511 4939642884 10836843071
1519688590 134559 4939653592 10836850771
1519688601 134607 4939664300 10836858471
1519688611 134656 4939675008 10836866171
1519688621 134705 4939685716 10836873871
1519688631 134754 4939696424 10836881573
1519688641 134803 4939707132 10836889273
1519688652 134852 4939717840 10836896973
1519688662 134901 4939728548 10836904673
1519688672 134950 4939739256 10836912373
1519688684 134999 4939749964 10836920073
1519688694 135048 4939760672 10836927773
1519688704 135096 4939771380 10836935473
1519688714 135144 4939782088 10836943173
1519688724 135192 4939792796 10836950873
1519688735 135240 4939803504 10836958573
1519688745 135288 4939814212 10836966273
1519688756 135336 4939824920 10836973973
1519688766 135384 4939835628 10836981673
1519688776 135432 4939846336 10836989373
1519688786 135480 4939857044 10836997073
1519688796 135528 4939867752 10837004773
1519688806 135576 4939878460 10837012473
1519688817 135624 4939889168 10837020173
1519688827 135672 4939899876 10837027873
1519688837 135720 4939910584 10837035573
1519688847 135768 4939921292 10837043273
1519688857 135816 4939932000 10837050972
1519688868 135864 4939942708 10837058672
1519688878 135912 4939953416 10837066372
1519688888 135960 4939964124 10837074072
1519688898 136008 4939974832 10837081772
1519688909 136056 4939985540 10837089472
1519688919 136104 4939996248 10837097172
1519688929 136152 4940006956 10837104872
1519688940 136200 4940017664 10837112572
1519688950 136248 4940028372 10837120272
1519688960 136296 4940039080 10837127972
1519688970 136344 4940049788 10837135672
1519688980 136392 4940060496 10837143372
1519688990 136440 4940071204 10837151072
1519689001 136488 4940081912 10837158791
1519689011 136536 4940092620 10837166491
1519689021 136584 4940103328 10837174191
1519689031 136632 4940114036 10837181891
1519689041 136680 4940124744 10837189591
1519689052 136728 4940135452 10837197291
1519689062 136776 4940146160 10837204991
1519689072 136824 4940156868 10837212691
1519689082 136872 4940167576 10837220391
1519689092 136920 4940178284 10837228091
1519689103 136968 4940188992 10837235791
1519689113 137016 4940199700 10837243491
1519689123 137064 4940210408 10837251191
1519689133 137112 4940221116 10837258891
1519689144 137160 4940231824 10837266591
1519689154 137208 4940242532 10837274291
1519689164 137256 4940253240 10837281991
1519689174 137304 4940263948 10837289691
1519689184 137352 4940274656 10837297391
1519689194 137400 4940285364 10837305091
1519689205 137448 4940296072 10837312791
1519689215 137496 4940306780 10837320491
1519689225 137544 4940317488 10837328191
1519689235 137592 4940328196 10837335891
1519689246 137641 4940338904 10837343591
1519689256 137690 4940349612 10837351291
1519689266 137738 4940360320 10837358991
1519689276 137786 4940371028 10837366691
1519689286 137834 4940381736 10837374391
1519689297 137882 4940392444 10837382091
1519689307 137930 4940403152 10837389791
1519689317 137978 4940413860 10837397491
1519689327 138026 4940424568 10837405191
1519689337 138074 4940435276 10837412891
1519689347 138122 4940445984 10837420591
1519689358 138170 4940456692 10837428291
1519689368 138218 4940467400 10837435991
1519689378 138266 4940478108 10837443691
1519689388 138314 4940488816 10837451391
1519689398 138362 4940499524 10837459091
1519689408 138410 4940510232 10837466791
1519689418 138458 4940520940 10837474491
1519689429 138506 4940531648 10837482191
1519689439 138554 4940542356 10837489891
1519689449 138602 4940553064 10837497591
1519689459 138650 4940563772 10837505291
1519689469 138698 4940574480 10837512991
1519689480 138746 4940585188 10837520691
1519689490 138794 4940595896 10837528391
1519689500 138842 4940606604 10837536091
1519689510 138890 4940617312 10837543791
1519689520 138938 4940628020 10837551491
1519689530 138986 4940638728 10837559191
1519689540 139034 4940649436 10837566891
1519689551 139082 4940660144 10837574591
1519689561 139131 4940670852 10837582291
1519689571 139180 4940681560 10837589991
1519689581 139229 4940692268 10837597691
1519689591 139278 4940702976 10837605410
1519689601 139327 4940713684 10837613110
1519689612 139376 4940724392 10837620810
1519689622 139425 4940735100 10837628510
1519689632 139474 4940745808 10837636210
1519689642 139523 4940756516 10837643910
1519689652 139572 4940767224 10837651610
1519689662 139621 4940777932 10837659310
1519689672 139670 4940788640 10837667010
1519689683 139719 4940799348 10837674710
1519689693 139768 4940810056 10837682410
1519689703 139817 4940820764 10837690110
1519689713 139866 4940831472 10837697810
1519689723 139915 4940842180 10837705510
1519689733 139964 4940852888 10837713210
1519689744 140013 4940863596 10837720910
1519689754 140061 4940874304 10837728610
1519689764 140109 4940885012 10837736310
1519689774 140157 4940895720 10837744010
1519689784 140205 4940906428 10837751710
1519689794 140253 4940917136 10837759410
1519689804 140301 4940927844 10837767110
1519689815 140349 4940938552 10837774810
1519689825 140397 4940949260 10837782510
1519689835 140445 4940959968 10837790210
1519689845 140493 4940970676 10837797910
1519689855 140541 4940981384 10837805610
1519689865 140589 4940992092 10837813310
1519689875 140637 4941002800 10837821010
1519689886 140685 4941013508 10837828710
1519689896 140733 4941024216 10837836410
1519689906 140781 4941034924 10837844110
1519689916 140829 4941045632 10837851810
1519689926 140877 4941056340 10837859510
1519689936 140925 4941067048 10837867210
1519689947 140973 4941077756 10837874910
1519689957 141021 4941088464 10837882610
1519689967 141069 4941099172 10837890310
1519689977 141117 4941109880 10837898010
1519689987 141165 4941120588 10837905710
1519689997 141213 4941131296 10837913410
1519690007 141261 4941142004 10837921110
1519690018 141309 4941152712 10837928810
1519690028 141357 4941163420 10837936510
1519690038 141405 4941174128 10837944210
1519690048 141453 4941184836 10837951910
1519690058 141501 4941195544 10837959610
1519690068 141549 4941206252 10837967310
1519690079 141597 4941216960 10837975010
1519690089 141645 4941227668 10837982710
1519690099 141693 4941238376 10837990410
1519690109 141741 4941249084 10837998110
1519690119 141789 4941259792 10838005810
1519690129 141837 4941270502 10838013511
1519690139 141885 4941281212 10838021212
1519690150 141933 4941291922 10838028913
1519690160 141981 4941302632 10838036614
1519690170 142029 4941313342 10838044315
1519690180 142077 4941324052 10838052016
1519690190 142125 4941334762 10838059717
1519690200 142173 4941345472 10838067418
1519690210 142221 4941356182 10838075138
1519690221 142270 4941366892 10838082839
1519690231 142319 4941377602 10838090540
1519690241 142368 4941388312 10838098241
1519690251 142417 4941399022 10838105942
1519690261 142466 4941409732 10838113643
1519690271 142515 4941420442 10838121344
1519690282 142564 4941431152 10838129045
1519690292 142613 4941441862 10838136746
1519690302 142662 4941452572 10838144447
1519690312 142711 4941463282 10838152148
1519690322 142760 4941473992 10838159848
1519690332 142808 4941484702 10838167549
1519690342 142856 4941495412 10838175250
1519690353 142904 4941506122 10838182951
1519690363 142952 4941516832 10838190652
1519690373 143000 4941527542 10838198353
1519690383 143048 4941538252 10838206054
1519690394 143096 4941548962 10838213754
1519690404 143144 4941559672 10838221455
1519690414 143192 4941570382 10838229156
1519690424 143240 4941581092 10838236857
1519690434 143298 4941591802 10838244560
1519690444 143346 4941602512 10838252261
1519690454 143394 4941613222 10838259962
1519690465 143442 4941623932 10838267663
1519690475 143490 4941634642 10838275364
1519690485 143538 4941645352 10838283065
1519690495 143586 4941656062 10838290766
1519690505 143634 4941666772 10838298467
1519690515 143682 4941677482 10838306168
1519690526 143730 4941688192 10838313869
1519690536 143778 4941698902 10838321569
1519690546 143826 4941709612 10838329270
1519690556 143874 4941720322 10838336971
1519690566 143922 4941731032 10838344672
1519690576 143970 4941741742 10838352373
1519690586 144018 4941752452 10838360074
1519690597 144066 4941763162 10838367775
1519690607 144114 4941773872 10838375476
1519690617 144162 4941784582 10838383177
1519690627 144210 4941795292 10838390878
1519690637 144258 4941806002 10838398579
1519690647 144306 4941816712 10838406280
1519690658 144354 4941827422 10838413981
1519690668 144402 4941838132 10838421682
1519690678 144450 4941848842 10838429383
1519690688 144498 4941859552 10838437084
1519690698 144546 4941870262 10838444785
1519690708 144594 4941880972 10838452486
1519690718 144642 4941891682 10838460187
1519690729 144690 4941902392 10838467888
1519690739 144738 4941913102 10838475589
1519690749 144786 4941923812 10838483290
1519690759 144834 4941934522 10838490991
1519690769 144882 4941945232 10838498692
1519690780 144930 4941955942 10838506393
1519690790 144978 4941966652 10838514094
1519690800 145026 4941977362 10838521795
1519690810 145074 4941988072 10838529496
1519690820 145122 4941998782 10838537197
1519690831 145170 4942009492 10838544898
1519690841 145219 4942020202 10838552599
1519690852 145268 4942030912 10838560300
1519690862 145317 4942041622 10838568001
1519690872 145368 4942052332 10838575721
1519690882 145417 4942063042 10838583422
1519690893 145466 4942073752 10838591123
1519690903 145515 4942084462 10838598824
1519690913 145564 4942095172 10838606525
1519690923 145613 4942105882 10838614226
1519690933 145662 4942116592 10838621927
1519690943 145710 4942127302 10838629628
1519690953 145758 4942138012 10838637329
1519690964 145806 4942148722 10838645030
1519690974 145854 4942159432 10838652731
1519690984 145902 4942170142 10838660432
1519690994 145950 4942180852 10838668133
1519691004 145998 4942191562 10838675834
1519691014 146046 4942202272 10838683535
1519691024 146094 4942212982 10838691236
1519691035 146142 4942223692 10838698937
1519691045 146190 4942234402 10838706638
1519691055 146238 4942245112 10838714339
1519691065 146286 4942255822 10838722040
1519691075 146334 4942266532 10838729741
1519691085 146382 4942277242 10838737442
1519691096 146430 4942287952 10838745143
1519691106 146478 4942298662 10838752844
1519691116 146526 4942309372 10838760545
1519691126 146574 4942320082 10838768246
1519691136 146622 4942330792 10838775947
1519691146 146670 4942341502 10838783648
1519691156 146718 4942352212 10838791349
1519691167 146766 4942362922 10838799050
1519691177 146814 4942373632 10838806751
1519691187 146862 4942384342 10838814452
1519691197 146910 4942395052 10838822153
1519691207 146958 4942405762 10838829854
1519691217 147006 4942416472 10838837555
1519691227 147054 4942427182 10838845256
1519691238 147102 4942437892 10838852957
1519691248 147150 4942448602 10838860658
1519691258 147198 4942459312 10838868359
1519691268 147246 4942470022 10838876060
1519691279 147294 4942480732 10838883761
1519691289 147342 4942491442 10838891462
1519691299 147390 4942502152 10838899163
1519691309 147438 4942512862 10838906864
1519691320 147486 4942523572 10838914564
1519691330 147534 4942534282 10838922265
1519691340 147582 4942544992 10838929966
1519691351 147630 4942555702 10838937667
1519691361 147679 4942566412 10838945368
1519691371 147728 4942577122 10838953069
1519691382 147777 4942587832 10838960770
1519691392 147826 4942598542 10838968471
1519691402 147875 4942609252 10838976172
1519691412 147924 4942619962 10838983873
1519691422 147973 4942630672 10838991574
1519691432 148022 4942641382 10838999275
1519691443 148071 4942652092 10839006976
1519691453 148120 4942662802 10839014677
1519691463 148169 4942673512 10839022378
1519691473 148218 4942684222 10839030079
1519691483 148267 4942694932 10839037780
1519691493 148316 4942705642 10839045481
1519691504 148365 4942716352 10839053182
1519691514 148414 4942727062 10839060883
1519691524 148463 4942737772 10839068584
1519691534 148512 4942748482 10839076285
1519691544 148561 4942759192 10839084005
1519691554 148610 4942769902 10839091706
1519691564 148659 4942780612 10839099407
1519691575 148708 4942791322 10839107108
1519691585 148756 4942802032 10839114809
1519691595 148804 4942812742 10839122510
1519691605 148852 4942823452 10839130211
1519691615 148900 4942834162 10839137912
1519691625 148948 4942844872 10839145613
1519691635 148996 4942855582 10839153314
1519691646 149044 4942866292 10839161015
1519691656 149092 4942877002 10839168716
1519691666 149140 4942887712 10839176417
1519691677 149188 4942898422 10839184118
1519691687 149236 4942909132 10839191819
1519691697 149284 4942919842 10839199520
1519691707 149332 4942930552 10839207221
1519691718 149380 4942941262 10839214922
1519691728 149428 4942951972 10839222623
1519691739 149476 4942962682 10839230324
1519691749 149524 4942973392 10839238025
1519691759 149572 4942984102 10839245726
1519691769 149620 4942994812 10839253427
1519691780 149668 4943005522 10839261128
1519691790 149716 4943016232 10839268829
1519691800 149764 4943026942 10839276530
1519691810 149812 4943037652 10839284231
1519691821 149860 4943048362 10839291932
1519691831 149908 4943059072 10839299633
1519691841 149957 4943069782 10839307334
1519691851 150006 4943080492 10839315035
1519691861 150055 4943091202 10839322736
1519691872 150104 4943101912 10839330437
1519691882 150153 4943112622 10839338138
1519691892 150202 4943123332 10839345839
1519691902 150251 4943134042 10839353540
1519691912 150300 4943144752 10839361241
1519691922 150349 4943155462 10839368942
1519691932 150398 4943166172 10839376643
1519691943 150447 4943176882 10839384344
1519691953 150496 4943187592 10839392045
1519691963 150545 4943198302 10839399746
1519691973 150594 4943209012 10839407447
1519691983 150643 4943219722 10839415148
1519691993 150692 4943230432 10839422849
1519692004 150741 4943241142 10839430550
1519692014 150790 4943251852 10839438251
1519692024 150839 4943262562 10839445952
1519692034 150888 4943273272 10839453653
1519692044 150937 4943283982 10839461354
1519692054 150986 4943294692 10839469055
1519692065 151035 4943305402 10839476756
1519692075 151083 4943316112 10839484457
1519692085 151131 4943326822 10839492158
1519692095 151179 4943337532 10839499859
1519692105 151227 4943348242 10839507560
1519692115 151275 4943358952 10839515261
1519692125 151323 4943369662 10839522962
1519692136 151371 4943380372 10839530663
1519692146 151419 4943391082 10839538364
1519692156 151467 4943401792 10839546065
1519692166 151515 4943412502 10839553766
1519692176 151563 4943423212 10839561467
1519692186 151611 4943433922 10839569168
1519692197 151659 4943444632 10839576869
1519692207 151707 4943455342 10839584570
1519692217 151755 4943466052 10839592271
1519692227 151803 4943476762 10839599972
1519692237 151851 4943487472 10839607673
1519692247 151899 4943498182 10839615374
1519692257 151947 4943508892 10839623075
1519692268 151995 4943519602 10839630795
1519692278 152043 4943530312 10839638496
1519692288 152091 4943541022 10839646197
1519692298 152139 4943551732 10839653898
1519692308 152187 4943562442 10839661599
1519692318 152235 4943573152 10839669300
1519692328 152283 4943583862 10839677001
1519692339 152331 4943594572 10839684702
1519692349 152379 4943605282 10839692403
1519692359 152427 4943615992 10839700104
1519692369 152475 4943626702 10839707805
1519692379 152523 4943637412 10839715506
1519692389 152571 4943648122 10839723207
1519692400 152619 4943658832 10839730908
1519692410 152667 4943669542 10839738609
1519692420 152715 4943680252 10839746310
1519692430 152763 4943690962 10839754011
1519692440 152811 4943701672 10839761712
1519692450 152859 4943712382 10839769413
1519692460 152907 4943723092 10839777114
1519692471 152955 4943733802 10839784815
1519692481 153003 4943744512 10839792516
1519692491 153052 4943755222 10839800217
1519692501 153101 4943765932 10839807918
1519692511 153150 4943776642 10839815619
1519692521 153198 4943787352 10839823320
1519692531 153246 4943798062 10839831021
1519692542 153294 4943808772 10839838722
1519692552 153342 4943819482 10839846423
1519692562 153390 4943830192 10839854124
1519692572 153438 4943840902 10839861825
1519692582 153486 4943851612 10839869526
1519692593 153534 4943862322 10839877227
1519692603 153582 4943873032 10839884928
1519692613 153630 4943883742 10839892629
1519692623 153678 4943894452 10839900330
1519692633 153726 4943905162 10839908031
1519692643 153774 4943915872 10839915732
1519692654 153822 4943926582 10839923433
1519692664 153870 4943937292 10839931134
1519692674 153918 4943948002 10839938835
1519692684 153966 4943958712 10839946536
1519692694 154014 4943969422 10839954237
1519692704 154062 4943980132 10839961938
1519692715 154110 4943990842 10839969639
1519692725 154158 4944001552 10839977340
1519692735 154206 4944012262 10839985041
1519692745 154254 4944022972 10839992742
1519692755 154302 4944033682 10840000443
1519692765 154350 4944044392 10840008144
1519692775 154398 4944055102 10840015845
1519692786 154446 4944065812 10840023546
1519692796 154494 4944076522 10840031247
1519692806 154542 4944087232 10840038948
1519692816 154590 4944097942 10840046649
1519692827 154638 4944108652 10840054350
1519692837 154687 4944119362 10840062051
1519692847 154736 4944130072 10840069752
1519692857 154785 4944140782 10840077453
1519692867 154834 4944151492 10840085154
1519692877 154883 4944162202 10840092855
1519692888 154932 4944172912 10840100556
1519692898 154981 4944183622 10840108257
1519692908 155030 4944194332 10840115958
1519692918 155078 4944205042 10840123659
1519692928 155126 4944215752 10840131360
1519692938 155174 4944226462 10840139061
1519692948 155222 4944237172 10840146762
1519692959 155270 4944247882 10840154463
1519692969 155318 4944258592 10840162164
1519692979 155366 4944269302 10840169865
1519692989 155414 4944280012 10840177566
1519692999 155462 4944290722 10840185267
1519693009 155510 4944301432 10840192968
1519693019 155588 4948086462 10840200697
1519693030 155636 4958943380 10840208397
1519693040 155684 4970373738 10840216097
1519693050 155732 4980935744 10840223798
1519693060 155780 4992579094 10840231499
1519693070 155828 5005230060 10840239200
1519693080 155876 5014284738 10840246900
1519693091 155924 5024699288 10840254600
1519693101 155972 5035777390 10840262301
1519693111 156020 5046798148 10840270002
1519693121 156068 5057614106 10840277703
1519693131 156116 5068585712 10840285404
1519693141 156164 5079426246 10840293105
1519693151 156212 5090881180 10840300806
1519693162 156260 5104015474 10840308507
1519693172 156308 5114651208 10840316208
1519693182 156356 5125688350 10840323909
1519693192 156404 5137094132 10840331610
1519693202 156452 5149097930 10840339311
1519693212 156500 5160151456 10840347012
1519693223 156548 5170672502 10840354712
1519693233 156596 5181226316 10840362413
1519693243 156644 5191681826 10840370114
1519693253 156692 5202391288 10840377815
1519693263 156740 5213633230 10840385516
1519693273 156788 5224342692 10840393217
1519693283 156836 5233856122 10840400918
1519693294 156884 5244401744 10840408619
1519693304 156932 5255545382 10840416320
1519693314 156980 5268040700 10840424021
1519693324 157028 5278586322 10840431722
1519693334 157076 5288665000 10840439423
1519693344 157124 5299988862 10840447124
1519693355 157172 5310763860 10840454825
1519693365 157220 5321874730 10840462526
1519693375 157268 5332846336 10840470229
1519693385 157316 5342228694 10840477930
1519693395 157364 5351758508 10840485630
1519693406 157412 5360624770 10840493331
1519693416 157461 5370269272 10840501031
1519693426 157510 5379872814 10840508732
1519693436 157559 5388517892 10840516433
1519693446 157608 5398260698 10840524134
1519693456 157657 5407389104 10840531835
1519693467 157705 5416378246 10840539536
1519693477 157753 5425416540 10840547237
1519693487 157801 5434217266 10840554938
1519693498 157850 5442936072 10840562639
1519693508 157898 5452179166 10840570339
1519693518 157946 5461029044 10840578040
1519693528 157994 5470206602 10840585741
1519693538 158042 5478909024 10840593442
1519693548 158090 5486005814 10840601143
1519693558 158138 5494126604 10840608844
1519693569 158186 5503255010 10840616544
1519693579 158234 5511039928 10840624245
1519693589 158282 5519766926 10840631946
1519693599 158330 5528199012 10840639647
1519693609 158378 5537139002 10840647348
1519693619 158426 5544915728 10840655049
1519693630 158474 5553814758 10840662750
1519693640 158522 5562017468 10840670451
1519693650 158570 5571506322 10840678152
1519693660 158616 5579610728 10840685853
1519693670 158664 5589009470 10840693554
1519693680 158712 5597015572 10840701255
1519693690 158760 5606504426 10840708956
1519693701 158808 5615288768 10840716657
1519693711 158856 5625105302 10840724358
1519693721 158904 5632939372 10840732059
1519693731 158952 5640388418 10840739760
1519693741 159000 5648591128 10840747461
1519693751 159048 5655491310 10840755162
1519693762 159096 5663284420 10840762863
1519693772 159144 5671323290 10840770564
1519693782 159192 5679181936 10840778265
1519693792 159240 5686377030 10840785966
1519693802 159288 5694039068 10840793667
1519693812 159336 5702061554 10840801368
1519693822 159384 5709559752 10840809069
1519693833 159432 5717172638 10840816770
1519693843 159480 5724638068 10840824471
1519693853 159528 5733168458 10840832172
1519693863 159576 5741764384 10840839873
1519693873 159624 5749270774 10840847574
1519693883 159670 5757323816 10840855307
1519693893 159724 5757334526 10848694560
1519693904 159770 5757345236 10857353013
1519693914 159818 5757355946 10963807561
1519693924 159866 5757366658 11052577326
1519693934 159923 5757377370 11052741466
1519693944 159971 5757388082 11052749168
