TIMESTAMP        home1-RQ         home1-RD         home1-WR         
1519682625 57301 630240154 1109643255
1519682635 57630 630686056 1109643255
1519682645 57630 630686056 1109643255
1519682655 57630 630686056 1109643255
1519682665 57631 630686056 1109643255
1519682675 57631 630686056 1109643255
1519682685 57631 630686056 1109643255
1519682696 57631 630686056 1109643255
1519682706 57631 630686056 1109643255
1519682716 57631 630686056 1109643255
1519682726 57631 630686056 1109643255
1519682736 57634 630686056 1109643255
1519682746 57635 630686056 1109643255
1519682756 57635 630686056 1109643255
1519682767 57635 630686056 1109643255
1519682777 57635 630686056 1109643255
1519682787 57635 630686056 1109643255
1519682797 57635 630686056 1109643255
1519682807 57635 630686056 1109643255
1519682817 57637 630686056 1109643255
1519682827 57637 630686056 1109643255
1519682838 57637 630686056 1109643255
1519682848 57637 630686056 1109643255
1519682858 57637 630686056 1109643255
1519682868 57637 630686056 1109643255
1519682878 57637 630686056 1109643255
1519682888 57637 630686056 1109643255
1519682899 57639 630686056 1109643255
1519682909 57639 630686056 1109643255
1519682919 57639 630686056 1109643255
1519682929 57639 630686056 1109643255
1519682939 57639 630686056 1109643255
1519682950 57639 630686056 1109643255
1519682960 57639 630686056 1109643255
1519682970 57641 630686056 1109643255
1519682980 57641 630686056 1109643255
1519682990 57641 630686056 1109643255
1519683000 57641 630686056 1109643255
1519683010 57641 630686056 1109643255
1519683021 57641 630686056 1109643255
1519683031 57641 630686056 1109643255
1519683041 57643 630686056 1109643255
1519683051 57643 630686056 1109643255
1519683061 57643 630686056 1109643255
1519683071 57643 630686056 1109643255
1519683082 57643 630686056 1109643255
1519683092 57643 630686056 1109643255
1519683102 57643 630686056 1109643255
1519683112 57643 630686056 1109643255
1519683122 57645 630686056 1109643255
1519683132 57645 630686056 1109643255
1519683142 57645 630686056 1109643255
1519683153 57645 630686056 1109643255
1519683163 57645 630686056 1109643255
1519683173 57645 630686056 1109643255
1519683183 57645 630686056 1109643255
1519683193 57647 630686056 1109643255
1519683203 57648 630686056 1109643255
1519683213 57648 630686056 1109643255
1519683224 57648 630686056 1109643255
1519683235 57648 630686056 1109643255
1519683245 57648 630686056 1109643255
1519683255 57648 630686056 1109643255
1519683266 57649 630686056 1109643255
1519683276 57649 630686056 1109643255
1519683286 57649 630686056 1109643255
1519683296 57649 630686056 1109643255
1519683306 57649 630686056 1109643255
1519683318 57649 630686056 1109643255
1519683328 57649 630686056 1109643255
1519683338 57649 630686056 1109643255
1519683348 57651 630686056 1109643255
1519683358 57651 630686056 1109643255
1519683368 57651 630686056 1109643255
1519683378 57651 630686056 1109643255
1519683389 57651 630686056 1109643255
1519683399 57651 630686056 1109643255
1519683409 57651 630686056 1109643255
1519683419 57653 630686056 1109643255
1519683430 57653 630686056 1109643255
1519683440 57653 630686056 1109643255
1519683450 57653 630686056 1109643255
1519683460 57653 630686056 1109643255
1519683470 57653 630686056 1109643255
1519683480 57653 630686056 1109643255
1519683490 57655 630686056 1109643255
1519683501 57655 630686056 1109643255
1519683511 57655 630686056 1109643255
1519683521 57655 630686056 1109643255
1519683531 57655 630686056 1109643255
1519683541 57655 630686056 1109643255
1519683551 57655 630686056 1109643255
1519683561 57655 630686056 1109643255
1519683572 57657 630686056 1109643255
1519683582 57657 630686056 1109643255
1519683592 57657 630686056 1109643255
1519683602 57657 630686056 1109643255
1519683612 57657 630686056 1109643255
1519683622 57657 630686056 1109643255
1519683633 57657 630686056 1109643255
1519683643 57659 630686056 1109643255
1519683653 57659 630686056 1109643255
1519683663 57659 630686056 1109643255
1519683673 57659 630686056 1109643255
1519683683 57659 630686056 1109643255
1519683693 57659 630686056 1109643255
1519683704 57659 630686056 1109643255
1519683714 57659 630686056 1109643255
1519683724 57661 630686056 1109643255
1519683734 57661 630686056 1109643255
1519683744 57661 630686056 1109643255
1519683754 57661 630686056 1109643255
1519683764 57661 630686056 1109643255
1519683775 57661 630686056 1109643255
1519683785 57661 630686056 1109643255
1519683795 57663 630686056 1109643255
1519683805 57663 630686056 1109643255
1519683815 57663 630686056 1109643255
1519683825 57663 630686056 1109643255
1519683835 57663 630686056 1109643255
1519683846 57663 630686056 1109643255
1519683856 57663 630686056 1109643255
1519683866 57665 630686056 1109643255
1519683876 57665 630686056 1109643255
1519683886 57665 630686056 1109643255
1519683896 57665 630686056 1109643255
1519683907 57665 630686056 1109643255
1519683917 57665 630686056 1109643255
1519683927 57665 630686056 1109643255
1519683937 57665 630686056 1109643255
1519683947 57667 630686056 1109643255
1519683957 57667 630686056 1109643255
1519683968 57667 630686056 1109643255
1519683978 57667 630686056 1109643255
1519683988 57667 630686056 1109643255
1519683998 57667 630686056 1109643255
1519684008 57667 630686056 1109643255
1519684018 57669 630686056 1109643255
1519684029 57669 630686056 1109643255
1519684039 57669 630686056 1109643255
1519684049 57669 630686056 1109643255
1519684059 57669 630686056 1109643255
1519684069 57669 630686056 1109643255
1519684079 57669 630686056 1109643255
1519684089 57669 630686056 1109643255
1519684100 57671 630686056 1109643255
1519684110 57671 630686056 1109643255
1519684120 57671 630686056 1109643255
1519684130 57671 630686056 1109643255
1519684140 57671 630686056 1109643255
1519684150 57671 630686056 1109643255
1519684160 57671 630686056 1109643255
1519684171 57673 630686056 1109643255
1519684181 57673 630686056 1109643255
1519684191 57673 630686056 1109643255
1519684201 57673 630686056 1109643255
1519684211 57673 630686056 1109643255
1519684221 57673 630686056 1109643255
1519684232 57673 630686056 1109643255
1519684242 57675 630686056 1109643255
1519684252 57675 630686056 1109643255
1519684262 57675 630686056 1109643255
1519684272 57675 630686056 1109643255
1519684282 57675 630686056 1109643255
1519684292 57675 630686056 1109643255
1519684303 57675 630686056 1109643255
1519684313 57675 630686056 1109643255
1519684323 57677 630686056 1109643255
1519684333 57677 630686056 1109643255
1519684343 57677 630686056 1109643255
1519684353 57677 630686056 1109643255
1519684363 57677 630686056 1109643255
1519684374 57677 630686056 1109643255
1519684384 57677 630686056 1109643255
1519684394 57679 630686056 1109643255
1519684404 57679 630686056 1109643255
1519684414 57679 630686056 1109643255
1519684424 57679 630686056 1109643255
1519684434 57679 630686056 1109643255
1519684445 57679 630686056 1109643255
1519684455 57679 630686056 1109643255
1519684465 57679 630686056 1109643255
1519684475 57681 630686056 1109643255
1519684486 57681 630686056 1109643255
1519684496 57681 630686056 1109643255
1519684506 57681 630686056 1109643255
1519684516 57681 630686056 1109643255
1519684526 57681 630686056 1109643255
1519684537 57681 630686056 1109643255
1519684547 57683 630686056 1109643255
1519684557 57683 630686056 1109643255
1519684567 57683 630686056 1109643255
1519684577 57683 630686056 1109643255
1519684587 57683 630686056 1109643255
1519684597 57683 630686056 1109643255
1519684608 57683 630686056 1109643255
1519684618 57685 630686056 1109643255
1519684628 57685 630686056 1109643255
1519684638 57685 630686056 1109643255
1519684648 57685 630686056 1109643255
1519684659 57685 630686056 1109643255
1519684669 57685 630686056 1109643255
1519684679 57685 630686056 1109643255
1519684689 57685 630686056 1109643255
1519684699 57687 630686056 1109643255
1519684709 57687 630686056 1109643255
1519684719 57687 630686056 1109643255
1519684730 57687 630686056 1109643255
1519684740 57687 630686056 1109643255
1519684750 57687 630686056 1109643255
1519684760 57687 630686056 1109643255
1519684770 57689 630686056 1109643255
1519684780 57689 630686056 1109643255
1519684791 57689 630686056 1109643255
1519684801 57689 630686056 1109643255
1519684811 57689 630686056 1109643255
1519684821 57689 630686056 1109643255
1519684831 57689 630686056 1109643255
1519684841 57691 630686056 1109643255
1519684851 57691 630686056 1109643255
1519684862 57691 630686056 1109643255
1519684872 57691 630686056 1109643255
1519684882 57691 630686056 1109643255
1519684892 57691 630686056 1109643255
1519684902 57691 630686056 1109643255
1519684913 57691 630686056 1109643255
1519684923 57693 630686056 1109643255
1519684933 57693 630686056 1109643255
1519684943 57693 630686056 1109643255
1519684953 57693 630686056 1109643255
1519684963 57693 630686056 1109643255
1519684973 57693 630686056 1109643255
1519684984 57693 630686056 1109643255
1519684994 57695 630686056 1109643255
1519685004 57695 630686056 1109643255
1519685014 57695 630686056 1109643255
1519685024 57695 630686056 1109643255
1519685034 57695 630686056 1109643255
1519685045 57695 630686056 1109643255
1519685055 57695 630686056 1109643255
1519685065 57695 630686056 1109643255
1519685075 57697 630686056 1109643255
1519685085 57697 630686056 1109643255
1519685095 57697 630686056 1109643255
1519685106 57697 630686056 1109643255
1519685116 57697 630686056 1109643255
1519685126 57697 630686056 1109643255
1519685136 57697 630686056 1109643255
1519685146 57699 630686056 1109643255
1519685157 57699 630686056 1109643255
1519685167 57699 630686056 1109643255
1519685177 57699 630686056 1109643255
1519685188 57699 630686056 1109643255
1519685198 57699 630686056 1109643255
1519685208 57699 630686056 1109643255
1519685218 57701 630686056 1109643255
1519685228 57701 630686056 1109643255
1519685238 57701 630686056 1109643255
1519685249 57701 630686056 1109643255
1519685259 57701 630686056 1109643255
1519685269 57701 630686056 1109643255
1519685279 57701 630686056 1109643255
1519685289 57701 630686056 1109643255
1519685299 57703 630686056 1109643255
1519685309 57703 630686056 1109643255
1519685320 57703 630686056 1109643255
1519685330 57703 630686056 1109643255
1519685340 57703 630686056 1109643255
1519685351 57703 630686056 1109643255
1519685361 57703 630686056 1109643255
1519685371 57705 630686056 1109643255
1519685381 57705 630686056 1109643255
1519685391 57705 630686056 1109643255
1519685401 57705 630686056 1109643255
1519685412 57705 630686056 1109643255
1519685422 57705 630686056 1109643255
1519685432 57705 630686056 1109643255
1519685442 57707 630686056 1109643255
1519685452 57707 630686056 1109643255
1519685463 57707 630686056 1109643255
1519685473 57707 630686056 1109643255
1519685483 57707 630686056 1109643255
1519685493 57707 630686056 1109643255
1519685503 57707 630686056 1109643255
1519685514 57707 630686056 1109643255
1519685524 57709 630686056 1109643255
1519685534 57709 630686056 1109643255
1519685544 57709 630686056 1109643255
1519685554 57709 630686056 1109643255
1519685564 57709 630686056 1109643255
1519685574 57709 630686056 1109643255
1519685585 57709 630686056 1109643255
1519685595 57711 630686056 1109643255
1519685605 57711 630686056 1109643255
1519685616 57711 630686056 1109643255
1519685626 57711 630686056 1109643255
1519685637 57711 630686056 1109643255
1519685647 57711 630686056 1109643255
1519685657 57711 630686056 1109643255
1519685667 57713 630686056 1109643255
1519685677 57713 630686056 1109643255
1519685687 57713 630686056 1109643255
1519685698 57713 630686056 1109643255
1519685708 57713 630686056 1109643255
1519685718 57713 630686056 1109643255
1519685729 57713 630686056 1109643255
1519685739 57713 630686056 1109643255
1519685749 57715 630686056 1109643255
1519685759 57715 630686056 1109643255
1519685769 57715 630686056 1109643255
1519685779 57715 630686056 1109643255
1519685789 57715 630686056 1109643255
1519685800 57715 630686056 1109643255
1519685810 57715 630686056 1109643255
1519685820 57717 630686056 1109643255
1519685830 57717 630686056 1109643255
1519685841 57717 630686056 1109643255
1519685851 57717 630686056 1109643255
1519685861 57717 630686056 1109643255
1519685872 57717 630686056 1109643255
1519685882 57717 630686056 1109643255
1519685892 57719 630686056 1109643255
1519685902 57719 630686056 1109643255
1519685912 57719 630686056 1109643255
1519685923 57719 630686056 1109643255
1519685933 57719 630686056 1109643255
1519685943 57719 630686056 1109643255
1519685953 57719 630686056 1109643255
1519685963 57719 630686056 1109643255
1519685973 57721 630686056 1109643255
1519685983 57721 630686056 1109643255
1519685994 57721 630686056 1109643255
1519686004 57721 630686056 1109643255
1519686014 57721 630686056 1109643255
1519686024 57721 630686056 1109643255
1519686034 57721 630686056 1109643255
1519686044 57723 630686056 1109643255
1519686055 57723 630686056 1109643255
1519686065 57723 630686056 1109643255
1519686075 57723 630686056 1109643255
1519686085 57723 630686056 1109643255
1519686095 57723 630686056 1109643255
1519686105 57723 630686056 1109643255
1519686115 57723 630686056 1109643255
1519686126 57725 630686056 1109643255
1519686136 57725 630686056 1109643255
1519686146 57725 630686056 1109643255
1519686156 57725 630686056 1109643255
1519686166 57725 630686056 1109643255
1519686176 57725 630686056 1109643255
1519686186 57725 630686056 1109643255
1519686197 57727 630686056 1109643255
1519686207 57727 630686056 1109643255
1519686217 57727 630686056 1109643255
1519686227 57727 630686056 1109643255
1519686237 57727 630686056 1109643255
1519686247 57727 630686056 1109643255
1519686257 57727 630686056 1109643255
1519686268 57729 630686056 1109643255
1519686278 57729 630686056 1109643255
1519686288 57729 630686056 1109643255
1519686298 57729 630686056 1109643255
1519686308 57729 630686056 1109643255
1519686318 57729 630686056 1109643255
1519686329 57729 630686056 1109643255
1519686339 57729 630686056 1109643255
1519686349 57731 630686056 1109643255
1519686359 57733 630686056 1109643255
1519686369 57733 630686056 1109643255
1519686380 57734 630686056 1109643255
1519686390 57734 630686056 1109643255
1519686400 57734 630686056 1109643255
1519686411 57734 630686056 1109643255
1519686421 57734 630686056 1109643255
1519686431 57734 630686056 1109643255
1519686441 57734 630686056 1109643255
1519686451 57734 630686056 1109643255
1519686461 57734 630686056 1109643255
1519686471 57734 630686056 1109643255
1519686482 57734 630686056 1109643255
1519686492 57734 630686056 1109643255
1519686502 57736 630686056 1109643255
1519686512 57736 630686056 1109643255
1519686522 57736 630686056 1109643255
1519686532 57737 630686056 1109643255
1519686543 57738 630686056 1109643255
1519686553 57738 630686056 1109643255
1519686563 57738 630686056 1109643255
1519686573 57739 630686056 1109643255
1519686583 57739 630686056 1109643255
1519686593 57739 630686056 1109643255
1519686603 57739 630686056 1109643255
1519686614 57739 630686056 1109643255
1519686624 57739 630686056 1109643255
1519686634 57739 630686056 1109643255
1519686645 57741 630686056 1109643255
1519686655 57741 630686056 1109643255
1519686665 57741 630686056 1109643255
1519686676 57741 630686056 1109643255
1519686686 57741 630686056 1109643255
1519686696 57741 630686056 1109643255
1519686706 57741 630686056 1109643255
1519686716 57741 630686056 1109643255
1519686726 57743 630686056 1109643255
1519686736 57743 630686056 1109643255
1519686747 57743 630686056 1109643255
1519686757 57743 630686056 1109643255
1519686767 57743 630686056 1109643255
1519686777 57743 630686056 1109643255
1519686787 57743 630686056 1109643255
1519686797 57745 630686056 1109643255
1519686807 57745 630686056 1109643255
1519686818 57745 630686056 1109643255
1519686828 57745 630686056 1109643255
1519686838 57745 630686056 1109643255
1519686848 57745 630686056 1109643255
1519686858 57745 630686056 1109643255
1519686868 57747 630686056 1109643255
1519686878 57747 630686056 1109643255
1519686889 57747 630686056 1109643255
1519686899 57747 630686056 1109643255
1519686909 57747 630686056 1109643255
1519686919 57747 630686056 1109643255
1519686929 57747 630686056 1109643255
1519686939 57747 630686056 1109643255
1519686949 57749 630686056 1109643255
1519686960 57749 630686056 1109643255
1519686970 57749 630686056 1109643255
1519686980 57749 630686056 1109643255
1519686990 57749 630686056 1109643255
1519687000 57749 630686056 1109643255
1519687010 57749 630686056 1109643255
1519687021 57751 630686056 1109643255
1519687031 57751 630686056 1109643255
1519687041 57751 630686056 1109643255
1519687051 57751 630686056 1109643255
1519687061 57751 630686056 1109643255
1519687071 57751 630686056 1109643255
1519687081 57751 630686056 1109643255
1519687092 57751 630686056 1109643255
1519687102 57753 630686056 1109643255
1519687112 57753 630686056 1109643255
1519687122 57753 630686056 1109643255
1519687132 57753 630686056 1109643255
1519687142 57753 630686056 1109643255
1519687153 57753 630686056 1109643255
1519687163 57753 630686056 1109643255
1519687173 57755 630686056 1109643255
1519687184 57755 630686056 1109643255
1519687194 57755 630686056 1109643255
1519687204 57755 630686056 1109643255
1519687214 57755 630686056 1109643255
1519687224 57755 630686056 1109643255
1519687234 57755 630686056 1109643255
1519687245 57757 630686056 1109643255
1519687255 57757 630686056 1109643255
1519687265 57757 630686056 1109643255
1519687275 57757 630686056 1109643255
1519687285 57757 630686056 1109643255
1519687295 57757 630686056 1109643255
1519687305 57757 630686056 1109643255
1519687316 57757 630686056 1109643255
1519687326 57759 630686056 1109643255
1519687336 57759 630686056 1109643255
1519687346 57759 630686056 1109643255
1519687356 57759 630686056 1109643255
1519687366 57759 630686056 1109643255
1519687376 57759 630686056 1109643255
1519687387 57759 630686056 1109643255
1519687397 57761 630686056 1109643255
1519687407 57761 630686056 1109643255
1519687417 57761 630686056 1109643255
1519687427 57761 630686056 1109643255
1519687437 57761 630686056 1109643255
1519687448 57761 630686056 1109643255
1519687458 57761 630686056 1109643255
1519687468 57763 630686056 1109643255
1519687478 57763 630686056 1109643255
1519687488 57763 630686056 1109643255
1519687498 57763 630686056 1109643255
1519687508 57763 630686056 1109643255
1519687519 57763 630686056 1109643255
1519687529 57763 630686056 1109643255
1519687539 57763 630686056 1109643255
1519687549 57765 630686056 1109643255
1519687559 57765 630686056 1109643255
1519687569 57765 630686056 1109643255
1519687579 57765 630686056 1109643255
1519687590 57765 630686056 1109643255
1519687600 57765 630686056 1109643255
1519687610 57765 630686056 1109643255
1519687620 57767 630686056 1109643255
1519687630 57767 630686056 1109643255
1519687640 57767 630686056 1109643255
1519687650 57767 630686056 1109643255
1519687660 57767 630686056 1109643255
1519687671 57767 630686056 1109643255
1519687681 57767 630686056 1109643255
1519687691 57767 630686056 1109643255
1519687701 57769 630686056 1109643255
1519687712 57769 630686056 1109643255
1519687722 57769 630686056 1109643255
1519687732 57769 630686056 1109643255
1519687743 57769 630686056 1109643255
1519687753 57769 630686056 1109643255
1519687763 57769 630686056 1109643255
1519687773 57771 630686056 1109643255
1519687783 57771 630686056 1109643255
1519687794 57771 630686056 1109643255
1519687804 57771 630686056 1109643255
1519687814 57771 630686056 1109643255
1519687824 57771 630686056 1109643255
1519687835 57771 630686056 1109643255
1519687845 57773 630686056 1109643255
1519687855 57773 630686056 1109643255
1519687865 57773 630686056 1109643255
1519687876 57773 630686056 1109643255
1519687886 57773 630686056 1109643255
1519687896 57773 630686056 1109643255
1519687906 57773 630686056 1109643255
1519687916 57773 630686056 1109643255
1519687927 57775 630686056 1109643255
1519687937 57775 630686056 1109643255
1519687947 57775 630686056 1109643255
1519687957 57775 630686056 1109643255
1519687967 57775 630686056 1109643255
1519687978 57775 630686056 1109643255
1519687988 57775 630686056 1109643255
1519687998 57777 630686056 1109643255
1519688008 57777 630686056 1109643255
1519688018 57777 630686056 1109643255
1519688028 57777 630686056 1109643255
1519688038 57777 630686056 1109643255
1519688049 57777 630686056 1109643255
1519688059 57777 630686056 1109643255
1519688069 57779 630686056 1109643255
1519688079 57779 630686056 1109643255
1519688090 57779 630686056 1109643255
1519688100 57779 630686056 1109643255
1519688110 57779 630686056 1109643255
1519688120 57779 630686056 1109643255
1519688130 57779 630686056 1109643255
1519688140 57779 630686056 1109643255
1519688151 57781 630686056 1109643255
1519688161 57781 630686056 1109643255
1519688171 57781 630686056 1109643255
1519688181 57781 630686056 1109643255
1519688191 57781 630686056 1109643255
1519688201 57781 630686056 1109643255
1519688212 57781 630686056 1109643255
1519688222 57783 630686056 1109643255
1519688232 57783 630686056 1109643255
1519688242 57783 630686056 1109643255
1519688252 57783 630686056 1109643255
1519688262 57783 630686056 1109643255
1519688272 57783 630686056 1109643255
1519688283 57783 630686056 1109643255
1519688293 57785 630686056 1109643255
1519688304 57785 630686056 1109643255
1519688314 57785 630686056 1109643255
1519688324 57785 630686056 1109643255
1519688334 57785 630686056 1109643255
1519688344 57785 630686056 1109643255
1519688355 57785 630686056 1109643255
1519688365 57785 630686056 1109643255
1519688375 57787 630686056 1109643255
1519688385 57787 630686056 1109643255
1519688395 57787 630686056 1109643255
1519688405 57787 630686056 1109643255
1519688416 57787 630686056 1109643255
1519688426 57787 630686056 1109643255
1519688436 57787 630686056 1109643255
1519688446 57789 630686056 1109643255
1519688456 57789 630686056 1109643255
1519688466 57789 630686056 1109643255
1519688477 57789 630686056 1109643255
1519688487 57789 630686056 1109643255
1519688497 57789 630686056 1109643255
1519688507 57789 630686056 1109643255
1519688518 57789 630686056 1109643255
1519688528 57791 630686056 1109643255
1519688539 57791 630686056 1109643255
1519688549 57791 630686056 1109643255
1519688560 57791 630686056 1109643255
1519688570 57791 630686056 1109643255
1519688580 57791 630686056 1109643255
1519688590 57791 630686056 1109643255
1519688601 57793 630686056 1109643255
1519688611 57793 630686056 1109643255
1519688621 57793 630686056 1109643255
1519688631 57793 630686056 1109643255
1519688641 57793 630686056 1109643255
1519688652 57793 630686056 1109643255
1519688662 57793 630686056 1109643255
1519688672 57795 630686056 1109643255
1519688684 57795 630686056 1109643255
1519688694 57795 630686056 1109643255
1519688704 57795 630686056 1109643255
1519688714 57795 630686056 1109643255
1519688724 57795 630686056 1109643255
1519688735 57795 630686056 1109643255
1519688745 57797 630686056 1109643255
1519688756 57797 630686056 1109643255
1519688766 57797 630686056 1109643255
1519688776 57797 630686056 1109643255
1519688786 57797 630686056 1109643255
1519688796 57797 630686056 1109643255
1519688806 57797 630686056 1109643255
1519688817 57797 630686056 1109643255
1519688827 57799 630686056 1109643255
1519688837 57799 630686056 1109643255
1519688847 57799 630686056 1109643255
1519688857 57799 630686056 1109643255
1519688868 57799 630686056 1109643255
1519688878 57799 630686056 1109643255
1519688888 57799 630686056 1109643255
1519688898 57801 630686056 1109643255
1519688909 57801 630686056 1109643255
1519688919 57801 630686056 1109643255
1519688929 57801 630686056 1109643255
1519688940 57801 630686056 1109643255
1519688950 57801 630686056 1109643255
1519688960 57801 630686056 1109643255
1519688970 57803 630686056 1109643255
1519688980 57803 630686056 1109643255
1519688990 57803 630686056 1109643255
1519689001 57803 630686056 1109643255
1519689011 57803 630686056 1109643255
1519689021 57803 630686056 1109643255
1519689031 57803 630686056 1109643255
1519689041 57803 630686056 1109643255
1519689052 57805 630686056 1109643255
1519689062 57805 630686056 1109643255
1519689072 57805 630686056 1109643255
1519689082 57805 630686056 1109643255
1519689092 57805 630686056 1109643255
1519689103 57805 630686056 1109643255
1519689113 57805 630686056 1109643255
1519689123 57807 630686056 1109643255
1519689133 57807 630686056 1109643255
1519689144 57807 630686056 1109643255
1519689154 57807 630686056 1109643255
1519689164 57807 630686056 1109643255
1519689174 57807 630686056 1109643255
1519689184 57807 630686056 1109643255
1519689194 57809 630686056 1109643255
1519689205 57809 630686056 1109643255
1519689215 57809 630686056 1109643255
1519689225 57809 630686056 1109643255
1519689235 57809 630686056 1109643255
1519689246 57809 630686056 1109643255
1519689256 57809 630686056 1109643255
1519689266 57809 630686056 1109643255
1519689276 57811 630686056 1109643255
1519689286 57811 630686056 1109643255
1519689297 57811 630686056 1109643255
1519689307 57811 630686056 1109643255
1519689317 57811 630686056 1109643255
1519689327 57811 630686056 1109643255
1519689337 57811 630686056 1109643255
1519689347 57813 630686056 1109643255
1519689358 57813 630686056 1109643255
1519689368 57813 630686056 1109643255
1519689378 57813 630686056 1109643255
1519689388 57813 630686056 1109643255
1519689398 57813 630686056 1109643255
1519689408 57813 630686056 1109643255
1519689418 57815 630686056 1109643255
1519689429 57815 630686056 1109643255
1519689439 57815 630686056 1109643255
1519689449 57815 630686056 1109643255
1519689459 57815 630686056 1109643255
1519689469 57815 630686056 1109643255
1519689480 57815 630686056 1109643255
1519689490 57815 630686056 1109643255
1519689500 57817 630686056 1109643255
1519689510 57817 630686056 1109643255
1519689520 57817 630686056 1109643255
1519689530 57817 630686056 1109643255
1519689540 57817 630686056 1109643255
1519689551 57817 630686056 1109643255
1519689561 57817 630686056 1109643255
1519689571 57819 630686056 1109643255
1519689581 57819 630686056 1109643255
1519689591 57819 630686056 1109643255
1519689601 57819 630686056 1109643255
1519689612 57819 630686056 1109643255
1519689622 57819 630686056 1109643255
1519689632 57819 630686056 1109643255
1519689642 57819 630686056 1109643255
1519689652 57821 630686056 1109643255
1519689662 57821 630686056 1109643255
1519689672 57821 630686056 1109643255
1519689683 57821 630686056 1109643255
1519689693 57821 630686056 1109643255
1519689703 57821 630686056 1109643255
1519689713 57821 630686056 1109643255
1519689723 57823 630686056 1109643255
1519689733 57823 630686056 1109643255
1519689744 57823 630686056 1109643255
1519689754 57823 630686056 1109643255
1519689764 57823 630686056 1109643255
1519689774 57823 630686056 1109643255
1519689784 57823 630686056 1109643255
1519689794 57825 630686056 1109643255
1519689804 57825 630686056 1109643255
1519689815 57825 630686056 1109643255
1519689825 57825 630686056 1109643255
1519689835 57825 630686056 1109643255
1519689845 57825 630686056 1109643255
1519689855 57825 630686056 1109643255
1519689865 57825 630686056 1109643255
1519689875 57827 630686056 1109643255
1519689886 57827 630686056 1109643255
1519689896 57827 630686056 1109643255
1519689906 57827 630686056 1109643255
1519689916 57827 630686056 1109643255
1519689926 57827 630686056 1109643255
1519689936 57827 630686056 1109643255
1519689947 57829 630686056 1109643255
1519689957 57829 630686056 1109643255
1519689967 57829 630686056 1109643255
1519689977 57829 630686056 1109643255
1519689987 57829 630686056 1109643255
1519689997 57829 630686056 1109643255
1519690007 57829 630686056 1109643255
1519690018 57829 630686056 1109643255
1519690028 57831 630686056 1109643255
1519690038 57831 630686056 1109643255
1519690048 57831 630686056 1109643255
1519690058 57831 630686056 1109643255
1519690068 57831 630686056 1109643255
1519690079 57831 630686056 1109643255
1519690089 57831 630686056 1109643255
1519690099 57833 630686056 1109643255
1519690109 57833 630686056 1109643255
1519690119 57833 630686056 1109643255
1519690129 57833 630686056 1109643255
1519690139 57833 630686056 1109643255
1519690150 57833 630686056 1109643255
1519690160 57833 630686056 1109643255
1519690170 57835 630686056 1109643255
1519690180 57835 630686056 1109643255
1519690190 57835 630686056 1109643255
1519690200 57835 630686056 1109643255
1519690210 57835 630686056 1109643255
1519690221 57835 630686056 1109643255
1519690231 57835 630686056 1109643255
1519690241 57835 630686056 1109643255
1519690251 57837 630686056 1109643255
1519690261 57837 630686056 1109643255
1519690271 57837 630686056 1109643255
1519690282 57837 630686056 1109643255
1519690292 57837 630686056 1109643255
1519690302 57837 630686056 1109643255
1519690312 57837 630686056 1109643255
1519690322 57839 630686056 1109643255
1519690332 57839 630686056 1109643255
1519690342 57839 630686056 1109643255
1519690353 57839 630686056 1109643255
1519690363 57839 630686056 1109643255
1519690373 57839 630686056 1109643255
1519690383 57839 630686056 1109643255
1519690394 57841 630686056 1109643255
1519690404 57841 630686056 1109643255
1519690414 57841 630686056 1109643255
1519690424 57841 630686056 1109643255
1519690434 57841 630686056 1109643255
1519690444 57841 630686056 1109643255
1519690454 57841 630686056 1109643255
1519690465 57841 630686056 1109643255
1519690475 57843 630686056 1109643255
1519690485 57843 630686056 1109643255
1519690495 57843 630686056 1109643255
1519690505 57843 630686056 1109643255
1519690515 57843 630686056 1109643255
1519690526 57843 630686056 1109643255
1519690536 57843 630686056 1109643255
1519690546 57845 630686056 1109643255
1519690556 57845 630686056 1109643255
1519690566 57845 630686056 1109643255
1519690576 57845 630686056 1109643255
1519690586 57845 630686056 1109643255
1519690597 57845 630686056 1109643255
1519690607 57845 630686056 1109643255
1519690617 57845 630686056 1109643255
1519690627 57847 630686056 1109643255
1519690637 57847 630686056 1109643255
1519690647 57847 630686056 1109643255
1519690658 57847 630686056 1109643255
1519690668 57847 630686056 1109643255
1519690678 57847 630686056 1109643255
1519690688 57847 630686056 1109643255
1519690698 57849 630686056 1109643255
1519690708 57849 630686056 1109643255
1519690718 57849 630686056 1109643255
1519690729 57849 630686056 1109643255
1519690739 57849 630686056 1109643255
1519690749 57849 630686056 1109643255
1519690759 57849 630686056 1109643255
1519690769 57851 630686056 1109643255
1519690780 57851 630686056 1109643255
1519690790 57851 630686056 1109643255
1519690800 57851 630686056 1109643255
1519690810 57851 630686056 1109643255
1519690820 57851 630686056 1109643255
1519690831 57851 630686056 1109643255
1519690841 57851 630686056 1109643255
1519690852 57853 630686056 1109643255
1519690862 57853 630686056 1109643255
1519690872 57853 630686056 1109643255
1519690882 57853 630686056 1109643255
1519690893 57853 630686056 1109643255
1519690903 57853 630686056 1109643255
1519690913 57853 630686056 1109643255
1519690923 57855 630686056 1109643255
1519690933 57855 630686056 1109643255
1519690943 57855 630686056 1109643255
1519690953 57855 630686056 1109643255
1519690964 57855 630686056 1109643255
1519690974 57855 630686056 1109643255
1519690984 57855 630686056 1109643255
1519690994 57857 630686056 1109643255
1519691004 57857 630686056 1109643255
1519691014 57857 630686056 1109643255
1519691024 57857 630686056 1109643255
1519691035 57857 630686056 1109643255
1519691045 57857 630686056 1109643255
1519691055 57857 630686056 1109643255
1519691065 57857 630686056 1109643255
1519691075 57859 630686056 1109643255
1519691085 57859 630686056 1109643255
1519691096 57859 630686056 1109643255
1519691106 57859 630686056 1109643255
1519691116 57859 630686056 1109643255
1519691126 57859 630686056 1109643255
1519691136 57859 630686056 1109643255
1519691146 57861 630686056 1109643255
1519691156 57861 630686056 1109643255
1519691167 57861 630686056 1109643255
1519691177 57861 630686056 1109643255
1519691187 57861 630686056 1109643255
1519691197 57861 630686056 1109643255
1519691207 57861 630686056 1109643255
1519691217 57861 630686056 1109643255
1519691227 57863 630686056 1109643255
1519691238 57863 630686056 1109643255
1519691248 57863 630686056 1109643255
1519691258 57863 630686056 1109643255
1519691268 57863 630686056 1109643255
1519691279 57863 630686056 1109643255
1519691289 57863 630686056 1109643255
1519691299 57865 630686056 1109643255
1519691309 57865 630686056 1109643255
1519691320 57865 630686056 1109643255
1519691330 57865 630686056 1109643255
1519691340 57865 630686056 1109643255
1519691351 57865 630686056 1109643255
1519691361 57865 630686056 1109643255
1519691371 57867 630686056 1109643255
1519691382 57867 630686056 1109643255
1519691392 57867 630686056 1109643255
1519691402 57867 630686056 1109643255
1519691412 57867 630686056 1109643255
1519691422 57867 630686056 1109643255
1519691432 57867 630686056 1109643255
1519691443 57867 630686056 1109643255
1519691453 57869 630686056 1109643255
1519691463 57869 630686056 1109643255
1519691473 57869 630686056 1109643255
1519691483 57869 630686056 1109643255
1519691493 57869 630686056 1109643255
1519691504 57869 630686056 1109643255
1519691514 57869 630686056 1109643255
1519691524 57871 630686056 1109643255
1519691534 57871 630686056 1109643255
1519691544 57871 630686056 1109643255
1519691554 57871 630686056 1109643255
1519691564 57871 630686056 1109643255
1519691575 57871 630686056 1109643255
1519691585 57871 630686056 1109643255
1519691595 57873 630686056 1109643255
1519691605 57873 630686056 1109643255
1519691615 57873 630686056 1109643255
1519691625 57873 630686056 1109643255
1519691635 57873 630686056 1109643255
1519691646 57873 630686056 1109643255
1519691656 57873 630686056 1109643255
1519691666 57873 630686056 1109643255
1519691677 57875 630686056 1109643255
1519691687 57875 630686056 1109643255
1519691697 57875 630686056 1109643255
1519691707 57875 630686056 1109643255
1519691718 57875 630686056 1109643255
1519691728 57875 630686056 1109643255
1519691739 57875 630686056 1109643255
1519691749 57877 630686056 1109643255
1519691759 57877 630686056 1109643255
1519691769 57877 630686056 1109643255
1519691780 57877 630686056 1109643255
1519691790 57877 630686056 1109643255
1519691800 57877 630686056 1109643255
1519691810 57877 630686056 1109643255
1519691821 57879 630686056 1109643255
1519691831 57879 630686056 1109643255
1519691841 57879 630686056 1109643255
1519691851 57879 630686056 1109643255
1519691861 57879 630686056 1109643255
1519691872 57879 630686056 1109643255
1519691882 57879 630686056 1109643255
1519691892 57879 630686056 1109643255
1519691902 57881 630686056 1109643255
1519691912 57881 630686056 1109643255
1519691922 57881 630686056 1109643255
1519691932 57881 630686056 1109643255
1519691943 57881 630686056 1109643255
1519691953 57881 630686056 1109643255
1519691963 57881 630686056 1109643255
1519691973 57883 630686056 1109643255
1519691983 57883 630686056 1109643255
1519691993 57883 630686056 1109643255
1519692004 57883 630686056 1109643255
1519692014 57883 630686056 1109643255
1519692024 57883 630686056 1109643255
1519692034 57883 630686056 1109643255
1519692044 57885 630686056 1109643255
1519692054 57885 630686056 1109643255
1519692065 57885 630686056 1109643255
1519692075 57885 630686056 1109643255
1519692085 57885 630686056 1109643255
1519692095 57885 630686056 1109643255
1519692105 57885 630686056 1109643255
1519692115 57885 630686056 1109643255
1519692125 57887 630686056 1109643255
1519692136 57887 630686056 1109643255
1519692146 57887 630686056 1109643255
1519692156 57887 630686056 1109643255
1519692166 57887 630686056 1109643255
1519692176 57887 630686056 1109643255
1519692186 57887 630686056 1109643255
1519692197 57889 630686056 1109643255
1519692207 57889 630686056 1109643255
1519692217 57889 630686056 1109643255
1519692227 57889 630686056 1109643255
1519692237 57889 630686056 1109643255
1519692247 57889 630686056 1109643255
1519692257 57889 630686056 1109643255
1519692268 57889 630686056 1109643255
1519692278 57891 630686056 1109643255
1519692288 57891 630686056 1109643255
1519692298 57891 630686056 1109643255
1519692308 57891 630686056 1109643255
1519692318 57891 630686056 1109643255
1519692328 57891 630686056 1109643255
1519692339 57891 630686056 1109643255
1519692349 57893 630686056 1109643255
1519692359 57893 630686056 1109643255
1519692369 57893 630686056 1109643255
1519692379 57893 630686056 1109643255
1519692389 57893 630686056 1109643255
1519692400 57893 630686056 1109643255
1519692410 57893 630686056 1109643255
1519692420 57895 630686056 1109643255
1519692430 57895 630686056 1109643255
1519692440 57895 630686056 1109643255
1519692450 57895 630686056 1109643255
1519692460 57895 630686056 1109643255
1519692471 57895 630686056 1109643255
1519692481 57895 630686056 1109643255
1519692491 57895 630686056 1109643255
1519692501 57897 630686056 1109643255
1519692511 57897 630686056 1109643255
1519692521 57897 630686056 1109643255
1519692531 57897 630686056 1109643255
1519692542 57897 630686056 1109643255
1519692552 57897 630686056 1109643255
1519692562 57897 630686056 1109643255
1519692572 57899 630686056 1109643255
1519692582 57899 630686056 1109643255
1519692593 57899 630686056 1109643255
1519692603 57899 630686056 1109643255
1519692613 57899 630686056 1109643255
1519692623 57899 630686056 1109643255
1519692633 57899 630686056 1109643255
1519692643 57901 630686056 1109643255
1519692654 57901 630686056 1109643255
1519692664 57901 630686056 1109643255
1519692674 57901 630686056 1109643255
1519692684 57901 630686056 1109643255
1519692694 57901 630686056 1109643255
1519692704 57901 630686056 1109643255
1519692715 57901 630686056 1109643255
1519692725 57903 630686056 1109643255
1519692735 57903 630686056 1109643255
1519692745 57903 630686056 1109643255
1519692755 57903 630686056 1109643255
1519692765 57903 630686056 1109643255
1519692775 57903 630686056 1109643255
1519692786 57903 630686056 1109643255
1519692796 57905 630686056 1109643255
1519692806 57905 630686056 1109643255
1519692816 57905 630686056 1109643255
1519692827 57905 630686056 1109643255
1519692837 57905 630686056 1109643255
1519692847 57905 630686056 1109643255
1519692857 57905 630686056 1109643255
1519692867 57905 630686056 1109643255
1519692877 57907 630686056 1109643255
1519692888 57907 630686056 1109643255
1519692898 57907 630686056 1109643255
1519692908 57907 630686056 1109643255
1519692918 57907 630686056 1109643255
1519692928 57907 630686056 1109643255
1519692938 57907 630686056 1109643255
1519692948 57909 630686056 1109643255
1519692959 57909 630686056 1109643255
1519692969 57909 630686056 1109643255
1519692979 57909 630686056 1109643255
1519692989 57909 630686056 1109643255
1519692999 57909 630686056 1109643255
1519693009 57909 630686056 1109643255
1519693019 57911 630686056 1109643255
1519693030 57911 630686056 1109643255
1519693040 57911 630686056 1109643255
1519693050 57911 630686056 1109643255
1519693060 57911 630686056 1109643255
1519693070 57911 630686056 1109643255
1519693080 57911 630686056 1109643255
1519693091 57911 630686056 1109643255
1519693101 57913 630686056 1109643255
1519693111 57913 630686056 1109643255
1519693121 57913 630686056 1109643255
1519693131 57913 630686056 1109643255
1519693141 57913 630686056 1109643255
1519693151 57913 630686056 1109643255
1519693162 57913 630686056 1109643255
1519693172 57915 630686056 1109643255
1519693182 57915 630686056 1109643255
1519693192 57915 630686056 1109643255
1519693202 57915 630686056 1109643255
1519693212 57915 630686056 1109643255
1519693223 57915 630686056 1109643255
1519693233 57915 630686056 1109643255
1519693243 57915 630686056 1109643255
1519693253 57917 630686056 1109643255
1519693263 57917 630686056 1109643255
1519693273 57917 630686056 1109643255
1519693283 57917 630686056 1109643255
1519693294 57917 630686056 1109643255
1519693304 57917 630686056 1109643255
1519693314 57917 630686056 1109643255
1519693324 57919 630686056 1109643255
1519693334 57919 630686056 1109643255
1519693344 57919 630686056 1109643255
1519693355 57919 630686056 1109643255
1519693365 57919 630686056 1109643255
1519693375 57919 630686056 1109643255
1519693385 57919 630686056 1109643255
1519693395 57921 630686056 1109643255
1519693406 57921 630686056 1109643255
1519693416 57921 630686056 1109643255
1519693426 57921 630686056 1109643255
1519693436 57921 630686056 1109643255
1519693446 57921 630686056 1109643255
1519693456 57921 630686056 1109643255
1519693467 57921 630686056 1109643255
1519693477 57923 630686056 1109643255
1519693487 57923 630686056 1109643255
1519693498 57923 630686056 1109643255
1519693508 57923 630686056 1109643255
1519693518 57923 630686056 1109643255
1519693528 57923 630686056 1109643255
1519693538 57923 630686056 1109643255
1519693548 57925 630686056 1109643255
1519693558 57925 630686056 1109643255
1519693569 57925 630686056 1109643255
1519693579 57925 630686056 1109643255
1519693589 57925 630686056 1109643255
1519693599 57925 630686056 1109643255
1519693609 57925 630686056 1109643255
1519693619 57927 630686056 1109643255
1519693630 57927 630686056 1109643255
1519693640 57927 630686056 1109643255
1519693650 57927 630686056 1109643255
1519693660 57927 630686056 1109643255
1519693670 57927 630686056 1109643255
1519693680 57927 630686056 1109643255
1519693690 57927 630686056 1109643255
1519693701 57929 630686056 1109643255
1519693711 57929 630686056 1109643255
1519693721 57929 630686056 1109643255
1519693731 57929 630686056 1109643255
1519693741 57929 630686056 1109643255
1519693751 57929 630686056 1109643255
1519693762 57929 630686056 1109643255
1519693772 57931 630686056 1109643255
1519693782 57931 630686056 1109643255
1519693792 57931 630686056 1109643255
1519693802 57931 630686056 1109643255
1519693812 57931 630686056 1109643255
1519693822 57931 630686056 1109643255
1519693833 57931 630686056 1109643255
1519693843 57931 630686056 1109643255
1519693853 57933 630686056 1109643255
1519693863 57933 630686056 1109643255
1519693873 57933 630686056 1109643255
1519693883 57933 630686056 1109643255
1519693893 57933 630686056 1109643255
1519693904 57933 630686056 1109643255
1519693914 57933 630686056 1109643255
1519693924 57949 630686056 1109643255
1519693934 57949 630686056 1109643255
1519693944 57949 630686056 1109643255
