0.298074
0.298074
0.298074
0.298074
0.298074
0.298074
0.320625
0.320625
0.320625
0.173416
0.206846
0.206846
0.206846
0.192682
0.192682
0.192682
0.192682
0.299587
0.451168
0.451168
0.451168
0.451168
0.451168
0.451168
0.451168
0.310478
0.429124
0.345275
0.500129
0.383887
0.383887
0.383887
0.47116
0.167231
0.0651529
0.263829
0.147243
0.236748
0.264295
0.264295
0.264295
0.220759
0.0586614
0.0586614
0.0586614
0.0586614
0.0586614
0.160492
0.160492
0.280629
0.322954
0.263558
0.263558
0.263558
0.236252
0.236252
0.471378
0.221545
0.221545
0.221545
0.217535
0.217535
0.217535
0.217535
0.217535
0.217535
0.217535
0.217535
0.209864
0.725314
0.725314
0.725314
0.725314
0.725314
0.502759
0.125434
0.129804
0.152138
0.152138
0.152138
0.152138
0.140561
0.087579
0.087579
0.137488
0.137488
0.137488
0.137488
0.137488
0.137488
0.239936
0.239936
0.239936
0.20323
0.20323
0.302807
0.302807
0.302807
0.147091
0.301404
0.347915
0.347915
0.547563
0.547563
0.547563
0.547563
0.219208
0.219208
0.252878
0.252878
0.252878
0.252878
0.128176
0.128176
0.298119
0.298119
0.298119
0.298119
0.36008
0.091247
0.091247
0.091247
0.091247
0.091247
0.0739382
0.0739382
0.0739382
0.0739382
0.0739382
0.0739382
0.343141
0.343141
0.343141
0.297189
0.297189
0.117258
0.117258
0.117258
0.362368
0.362368
0.362368
0.111116
0.111116
0.111116
0.111116
0.219986
0.219986
0.219986
0.200934
0.236117
0.236117
0.274514
0.19867
0.389321
0.389321
0.197198
0.408037
0.408037
0.0937302
0.116764
0.131776
0.131776
0.131776
0.0792587
0.072261
0.0752297
0.412547
0.412547
0.351665
0.351665
0.34927
0.34927
0.176914
0.148612
0.173001
0.141447
0.141447
0.122855
0.122855
0.122855
0.122855
0.122855
0.248824
0.248824
0.0836067
0.116508
0.116508
0.180713
0.206633
0.16755
0.16755
0.219691
0.123977
0.366016
0.366016
0.21448
0.204789
0.204789
0.501868
0.569415
0.379797
0.259559
0.317622
0.317622
0.317622
0.202732
0.202732
0.274094
0.274094
0.274094
0.156834
0.156834
0.156834
0.181307
0.181307
0.181307
0.0858619
0.0858619
0.051595
0.0725274
0.243951
0.243951
0.212945
0.212945
0.127129
0.292663
0.292663
0.292663
0.292663
0.292663
0.408705
0.305509
0.305509
0.305509
0.305509
0.305509
0.321773
0.229609
0.229609
0.299837
0.299837
0.13776
0.172046
0.172046
0.172046
0.172046
0.197081
0.197081
0.197081
0.197081
0.197081
0.197081
0.197081
0.206935
0.240111
0.221648
0.221648
0.221648
0.164324
0.164324
0.164324
0.0865989
0.265756
0.265756
0.265756
0.265756
0.212778
0.212778
0.212778
0.212778
0.212778
0.212778
0.212778
0.212778
0.212778
0.439455
0.429515
0.517849
0.10385
0.24198
0.24198
0.24198
0.182264
0.182264
0.134135
0.134135
0.134135
0.134135
0.134135
0.134135
0.250921
0.7075
0.661878
0.661878
0.495307
0.495307
0.495307
0.282225
0.282225
0.282225
0.282225
0.282225
0.282225
0.390245
0.303902
0.319098
0.319098
0.319098
0.159674
0.209059
0.184877
0.184877
0.175171
0.110824
0.110824
0.110824
0.110824
0.235353
0.235353
0.235353
0.175922
0.175922
0.175922
0.211372
0.211372
0.211372
0.137461
0.137461
0.290098
0.290098
0.290098
0.290098
0.329269
0.557369
0.299457
0.299457
0.299457
0.299457
0.162072
0.162072
0.365024
0.365024
0.365024
0.295327
0.150483
0.10465
0.10465
0.10465
0.10465
0.10465
0.27232
0.27232
0.27232
0.27232
0.27232
0.461039
0.0874057
0.0874057
0.399775
0.498292
0.481207
0.62495
0.575096
0.701551
0.577944
0.0541792
0.0541792
0.0541792
0.0541792
0.0541792
0.0541792
0.168693
0.069427
0.069427
0.069427
0.252225
0.252225
0.0429548
0.103139
0.103139
0.120059
0.120059
0.120059
0.248026
0.417386
0.023267
0.023267
0.023267
0.173008
0.0414354
0.0414354
0.0414354
0.427071
0.427071
0.153715
0.153715
0.167767
0.167767
0.273329
0.269486
0.269486
0.269486
0.269486
0.269486
0.293649
0.293649
0.207063
0.207063
0.207063
0.207063
0.207063
0.207063
0.207063
0.207063
0.259934
0.148561
0.133501
0.133501
0.133501
0.121319
0.121319
0.121319
0.121319
0.240336
0.240336
0.292257
0.292257
0.147693
0.148206
0.148206
0.148206
0.148206
0.148206
0.148206
0.148206
0.148206
0.338592
0.338592
0.338592
0.338592
0.338592
0.243772
0.243772
0.243772
0.0776721
0.126031
0.116719
0.116719
0.116719
0.116719
0.199249
0.435057
0.435057
0.435057
0.388599
0.172795
0.0549869
0.0549869
0.0549869
0.0549869
0.0549869
0.0549869
0.0549869
0.149586
0.0958839
0.0958839
0.136475
0.097338
0.123381
0.123381
0.114198
0.114198
0.114198
0.114198
0.114198
0.290693
0.461702
0.229501
0.277316
0.123223
0.187356
0.187356
0.274362
0.119172
0.119172
0.119172
0.119172
0.119172
0.1639
0.1639
0.341308
0.341308
0.341308
0.362395
0.362395
0.362395
0.362395
0.119554
0.119554
0.119554
0.119554
0.119554
0.26574
0.301089
0.215677
0.109879
0.132969
0.132969
0.132969
0.132969
0.132969
0.132969
0.132969
0.209132
0.11196
0.11196
0.11196
0.11196
0.11196
0.15673
0.15673
0.15673
0.184458
0.685629
0.434193
0.412831
0.412831
0.458821
0.184332
0.42162
0.409895
0.409895
0.10092
0.10092
0.10092
0.10092
0.10092
0.10092
0.10092
0.147216
0.147216
0.0686968
0.0237176
0.0237176
0.0237176
0.0237176
0.0237176
0.0237176
0.0237176
0.0237176
0.345167
0.345167
0.546199
0.546199
0.546199
0.249997
0.819986
0.819986
0.602895
0.613419
0.615355
0.615355
0.615355
0.567982
0.567982
0.690329
0.690329
0.690329
0.690329
0.726999
0.726999
0.647495
0.647495
0.497505
0.497505
0.497505
0.497505
0.169294
0.169294
0.144184
0.280263
0.384665
0.384665
0.181999
0.181999
0.181999
0.181999
0.0725557
0.0725557
0.16516
0.16516
0.127135
0.127135
0.194181
0.338662
0.302012
0.302012
0.302012
0.269424
0.270645
0.270645
0.354231
0.380739
0.386838
0.197511
0.196498
0.196498
0.196498
0.196498
0.378468
0.33065
0.33065
0.109093
0.109093
0.109093
0.296328
0.0906198
0.0906198
0.0906198
0.160473
0.251899
0.251899
0.354832
0.222607
0.261835
0.261835
0.261835
0.261835
0.261835
0.261835
0.243385
0.442198
0.190028
0.190028
0.190028
0.190028
0.190028
0.105736
0.456321
0.279438
0.669794
0.437811
0.144985
0.371292
0.434381
0.434381
0.434381
0.0810262
0.0810262
0.0810262
0.353047
0.353047
0.202058
0.202778
0.202778
0.202778
0.202778
0.202778
0.101672
0.187852
0.187852
0.187852
0.266761
0.111595
0.111595
0.111595
0.290966
0.320091
0.258029
0.258029
0.362252
0.362252
0.1357
0.31319
0.31319
0.46443
0.527182
0.517059
0.517059
0.517059
0.189177
0.265325
0.265325
0.243674
0.407141
0.772854
0.772854
0.772854
0.857723
0.857723
0.706767
0.706767
0.722455
0.722455
0.463724
0.463724
0.463724
0.463724
0.101111
0.061057
0.061057
0.165875
0.165875
0.165875
0.214673
0.214673
0.0505807
0.376525
0.376525
0.376525
0.588323
0.588323
0.588323
0.588323
0.408367
0.408367
0.408367
0.603394
0.338199
0.624578
0.58197
0.720318
0.533429
0.406789
0.812852
0.812852
0.812852
0.812385
0.812385
1.00803
0.0780404
0.0780404
0.532924
0.644863
0.644863
0.642904
0.0229359
0.924297
0.924297
0.924297
0.741964
0.741964
0.741964
0.379249
0.379249
0.753536
0.488075
0.488075
0.567617
0.567617
0.567617
0.567617
0.237079
0.237079
0.146698
0.146698
0.105382
0.404286
0.404286
0.404286
0.404286
0.239247
0.239247
0.239247
0.239247
0.239247
0.239247
0.0705444
0.0705444
0.0705444
0.377595
0.377595
0.390634
0.390634
0.390634
0.373582
0.310833
0.563923
0.768422
0.768422
0.394801
0.394801
0.32563
0.32563
0.32563
0.32563
0.32563
0.191712
0.351471
0.351471
0.351471
0.351471
0.351471
0.351471
0.147653
0.13932
0.13932
0.13932
0.13932
0.13932
0.562286
1.18099
0.79597
0.521021
0.521021
0.521021
0.521021
0.517759
0.517759
0.517759
0.362428
0.362428
0.362428
0.362428
0.362428
0.362428
0.265387
0.2792
0.351021
0.351021
0.62959
0.62959
0.62959
0.594651
0.233396
0.233396
0.233396
0.147436
0.147436
0.375524
0.375524
0.375524
0.271061
0.743841
0.289456
0.208982
0.280851
0.17129
0.17129
0.264943
0.264943
0.264943
0.474745
0.62163
0.633294
0.632046
0.604523
0.608054
0.608054
0.608054
0.608054
0.11973
0.651325
0.651325
0.482546
0.482546
0.482546
0.482546
0.482546
0.482546
0.482546
0.482546
0.898782
0.708576
0.110168
0.202127
0.113763
0.113763
0.113763
0.102637
0.102637
0.44113
0.216839
0.216839
0.252623
0.252623
0.103589
0.103589
0.103589
0.103589
0.27856
0.27856
0.27856
0.27856
0.27856
0.27856
0.27856
0.27856
0.150706
0.421764
0.374509
0.353684
0.398008
0.398008
0.267539
0.267539
0.019355
0.019355
0.019355
0.019355
0.019355
0.019355
0.019355
0.43414
0.220743
0.220743
0.100079
0.158656
0.158656
0.417913
0.322781
0.301575
0.301575
0.301575
0.301575
0.263093
0.263093
0.263093
0.263093
0.263093
0.263093
0.263093
0.263093
0.263093
0.263093
0.179433
0.179433
0.179433
0.179433
0.179433
0.179433
0.179433
0.179433
0.257783
0.257783
0.257783
0.257783
0.257783
0.257783
0.257783
0.192598
0.0728029
0.0728029
0.0728029
0.0728029
0.0728029
0.0728029
0.0728029
0.0728029
0.0728029
0.118696
0.118696
0.2035
0.2035
0.2035
0.142556
0.113477
0.113477
0.113477
0.113477
0.113477
0.552925
0.552925
0.274272
0.274272
0.274272
0.274272
0.274272
0.274272
0.274272
1.1052
1.1052
1.1052
1.1052
0.990429
0.202558
0.590766
0.590766
0.590766
0.590766
0.676844
0.735615
0.735615
0.268593
0.268593
0.268593
0.492822
0.492822
0.492822
0.256028
0.202987
0.202987
0.202987
0.202987
0.202987
0.28866
0.28866
0.212536
0.212536
0.288215
