157.675 14.9242
158.029 14.9242
157.271 14.9242
155.156 14.9242
159.056 14.9242
159.056 15.1784
159.056 15.1784
156.581 15.4008 1.1262 -6.34945
156.581 16.3313
151.372 16.3313
151.034 16.3313
151.034 26.6655 1.15994 -1.3068
150.023 26.6655
150.023 26.6655
151.6 26.6655
147.401 27.2923
145.954 33.6526
147.711 34.1036
147.711 34.1036
34.1036 149.779
149.339 36.0789
149.339 36.0789
150.874 40.7424
149.659 40.7424
149.659 44.3592 1.35272
148.87 47.9159 2.86884
146.908 47.9159
145.255 49.719
146.574 49.719
150.039 49.719
149.738 49.719
49.719 149.738 -0.00899358
149.438 49.719 -1.04995
149.438 49.719
148.046 52.9261
146.607 52.9261
148.088 61.7608
148.088 70.9155 4.29411 1.13412
148.088 70.9155
148.088 72.8467
148.088 72.8467
148.088 73.8945
148.088 81.6655
146.397 81.7997
146.397 85.6072
147.5 86.5082
147.797 86.5082
147.797 86.5082
150.171
150.171 -1.51718
150.171
150.171
150.171
152.763
153.791
153.791
160.434
159.154
159.154
159.154
157.934
157.934
157.934
157.934
158.833
158.833
158.833
158.833
158.483
158.483 3.62712
161.254 -2.88332
161.254 1.72271
158.217 -2.56421 -1.93911
158.217 -1.01614
158.217
158.217
158.217
158.217 -6.80338
158.217
158.217
158.217
158.217
158.217
158.217
158.217
158.217
158.217
158.217
158.217
159.864
159.864 -1.72502 -0.499872
159.864
159.864
159.864 4.34301
158.952 1.06093
158.952
158.952
158.952
158.952
158.952 -0.606213
160.563
160.563 5.01239 1.69429 -4.61772
160.563
160.563
160.563
160.563
159.468
159.468
160.131 -0.65315
159.836
159.836
159.836
159.318
159.318
160.177 -0.608735
160.177
160.177
160.533
160.533 0.942108
160.533
160.533
160.533
160.533
159.876
160.116
160.116
160.116
160.116
160.116
158.203
158.203 -2.06177 4.96969
158.203
159.933
159.933
159.933
159.933
159.933
159.933
158.265
158.659
158.659
158.659 9.9798
158.659
158.659
158.659
158.659
158.123
158.123
158.123
158.123 -4.98549
158.123
158.123 -0.954304
158.123 0.852362 0.668304
158.123
161.169 8.78071 -2.25296
159.42
159.42 -0.0695828 8.62445 -0.516603
157.861
157.861
157.861
157.861 8.85551
157.861
157.861
157.861 4.64137
159.175
159.175
159.175 4.01402
159.175 0.865176 -2.12696 1.71703
159.175
158.683
158.683
158.683
158.683
158.683
158.683
158.683 2.98028
158.683
158.683 5.66389
158.957 -2.18577
158.957
158.957
158.957
158.957 -2.60352
158.957 -7.62619
158.957 -4.2031
158.957 4.65438
158.957 2.59392
158.957 1.70524
159.929 2.16105
159.497 0.794048
159.746 -2.84039
159.892 -0.809297
159.892 -0.809297
159.892 -0.809297
159.892 1.54639 1.1637
159.892 6.62585
159.892 -0.616872 -1.99113
159.892
159.625 1.95735 1.52329
159.625
160.609 2.42663
160.669
160.669
160.669
160.669
160.669
160.669
160.669 1.96847
160.669
160.595 -2.40586
160.595
160.595 1.87416 -4.43881
160.595
160.595
160.595
160.998 -4.25944
160.998 -0.582994
161.221
161.221
161.564
161.564
161.564 -0.110232
161.564
160.69
160.69
160.69
160.69
158.37
158.267
158.267
158.267 -2.48251
158.267
158.267
158.267
158.267 3.35329 1.73329
158.77 0.843529 0.169633 -1.68504
158.77
158.77
158.77
158.77
158.77
158.77
158.77
158.77
158.77
158.77 0.618444
158.77 -1.74983
159.413
159.413
159.413
159.413
159.413
159.413
159.413
159.413
159.354
159.354
159.354
159.354
159.354
159.354
159.354
159.354
159.354
159.354 -0.461626
159.354
159.354
159.354
159.354
159.354
159.354 4.93873
159.354
159.354
159.354
159.354 -7.8088
158.584 -5.2676
159.002
159.817 -0.184889
159.817 3.47697
159.817
158.95
159.648
160.837
159.315
159.315
159.315
159.315
159.315
159.315
159.315
159.315
159.315
159.315
159.315
159.315
159.512
159.512
159.512 -3.15277
159.512
159.512
159.512
159.512
159.764
159.764
161.742
162.1
162.1
159.755
159.755
160.062
159.325
159.325
159.325
160.853
158.189
158.189
158.189
158.189
158.189
158.189
158.189
158.368
158.368
157.867
157.867
159.885
158.841
158.841
158.841
160.711
157.857
159.435
159.435
159.435
159.435
159.435
159.435
159.435 2.1137
159.435
159.435
159.435 -2.94645 -0.837599 2.89008 -1.14028
159.48
159.48
158.632
158.632
158.632
158.632
158.632
158.632
158.632
158.976
158.976
158.976
158.976
158.976
158.976
160.659
161.806
160.065
160.065
160.065
158.479
158.479 -0.382694 -2.3888 -0.193099
161.034 0.372468
161.034 -5.5882
161.034
161.034
161.034
161.034
161.034
161.034
159.616
158.661
158.661
158.661
161.329
157.899
160.675
160.675
160.675 1.5309
160.675
160.675
160.675
160.675
160.675
160.675
160.675
158.881
158.881
158.881
158.881
158.881
158.881
158.881
158.881
158.881
158.881 1.67771
158.881
158.881
158.881 -1.75687 2.22032
158.881
158.881 2.66787 2.82513
158.881
160.022
160.022
160.666
160.666
159.961 0.389368
157.955
157.955
159.555
159.555
159.555
159.555
159.555
159.555
159.555
159.555
159.555
159.555
159.555
159.555
159.555
159.555 -4.33654
159.005
159.005
159.005 -0.564275
159.005
159.997 1.12413
159.997
159.997
159.997
159.867
159.867
159.867
159.867
160.069 -2.48294 -4.5203
160.739
159.218
159.218
159.621
159.621 3.01163 0.0284051 2.77602
159.621
159.621
159.621
159.621
159.621
159.621
159.07
159.07
159.07
159.07 -4.31254 5.82002
159.591 -1.57135
159.591
159.591
159.591
159.591
159.591
159.591
159.591
159.591
159.591
159.591
159.591
159.591
159.591
159.591
159.591
159.591
159.591
159.591
159.477
160.569
159.625
159.534
159.534
159.534
160.57
160.57
158.461
159.488
159.488
159.488
160.193
160.193
160.193
160.193
160.193
160.214
160.214
160.214
160.214
158.759
158.759
158.759
158.759
158.759 2.67143
158.759
158.759
158.759
158.759
158.828
158.828
158.828 -3.05885
158.828 3.40812
158.828 3.2084
158.828
158.828
159.863
159.863
159.863
158.867
158.867
158.867
159.565
159.565
159.565
159.565
159.565
159.565
159.565 2.25281
159.565
159.565
159.565 1.16948 0.465989
159.565
159.565 1.11954
158.868
158.868
158.868
158.727
158.727
158.727 -1.30989
160.168 1.95466
160.168
160.213
161.529
161.529
158.627
158.627
158.627
158.627
158.627
160.052
160.052
160.052
160.052
160.463
160.463
159.206
159.766
159.766
159.766
159.766
159.766 -2.43614 -3.10012
159.766
159.531
158.099
158.099 -2.31485
158.099
158.025
158.025 -2.7268
158.025 1.33031 -5.60829 -4.00236
158.025
160.068
160.068
161.006 -3.93434 2.52873
161.122 0.428428 -4.66148
161.122
161.122
161.122
161.122
161.122
161.122
161.122 -3.23358
161.122
161.122
157.113
157.113
157.113
157.113 4.46704
156.95 -1.24067
156.95
160.938
160.938 4.44495 -2.55732
160.818
160.818
160.818 3.10953
160.818
160.818
160.818
160.116
160.116
160.116
160.116
160.116
160.116
160.116
160.116
160.116
160.116
160.116
160.116
160.116 6.38449 1.59384
160.116
160.116
160.116 1.82551
160.116
159.476
159.476
159.476
159.476 4.97246
158.501
158.501
158.501
158.501
159.296
159.517
159.517
159.764
160.222
160.222
160.222
160.222
160.222
160.222
160.222
159.209
159.209 -3.80342
159.209 1.70476
159.209
159.209
159.707
160.215
160.215
160.215
160.215
159.848
158.724
160.404
160.404 -6.29349
160.404
160.404 1.05336
159.915 2.38835
159.915 2.38835
159.915 1.77677
159.915 1.21105 0.361094
159.915 3.08306
159.915 1.83925
160.446 -1.12924
160.446 -0.981984
158.491 -0.981984
159.036 2.49403
160.547 2.49403
160.547 4.96267
160.158
160.158
160.158
160.158
159.53
159.53
159.237
159.699
159.699
159.699 -1.97595
159.699
159.699
159.063
159.063 -4.37733
159.063 -2.72446 -1.76886 -2.21022 -6.21614
159.063 2.40782
159.063
159.063
159.063 2.62236 4.14732
159.063
159.887
159.887 -0.841938
159.887 1.06588
159.887 -2.00604 -0.117052
159.887 2.64105 -3.97273
160.7
160.7
159.283
159.283
159.283
159.283
159.283
159.283 -0.349666 2.46268 2.82801 0.35882
159.283 1.79953
159.283 1.9237
159.283
159.283 -3.28019
159.283
159.283 0.99309 -5.018 1.81599
159.283 -2.16951
159.283
159.283
160.313
159.856
159.856
159.856
159.856
159.698
159.698
159.656
159.656
159.656
160.223
160.223 0.873998
159.68
159.68
159.68
158.884
159.924
159.924
159.924
159.924
158.988 -0.492261 5.28968
158.988 1.09908 6.23443
158.988 -1.90194
158.988 -1.90194 8.02224 -2.96642
158.988 -1.90194 -4.02796 -2.83882
158.988 -2.26673
158.988 1.78181
158.988 1.70632 2.97076 -2.76325
158.988 2.05274 0.683292
158.988 2.236
159.692 2.236 -1.45887 -1.55765
159.479 5.01793 -4.34493 -4.13551 1.12973
160.183 1.09884
159.349 0.486584 -0.0982046 -0.951262
159.349 1.92787 -0.142285
158.827 3.23709
158.827 5.90806
158.827 5.90806
158.827 6.25322 -3.22937
158.827 7.44513
159.998 7.44513
159.998 7.44513
159.998 8.54504 -2.59463 0.507882 6.32595
156.069 10.8245
156.069 12.9388 2.01839 4.46165
156.899 12.848
160.25 12.848 -2.47238
160.25 13.6954
155.673 13.6954
154.159 13.6954
154.159 13.6954 0.0668871 3.49037 -4.75118
155.835 13.6954
153.668 19.7231 1.5112
153.668 22.1499 -2.36794
152.942 22.1499
152.942 22.1499
152.329 27.324 2.26757
152.329 27.324
152.329 28.0098
150.121 28.0098
148.664 28.0098
148.664 31.1683
147.892 37.5831
149.394 37.5831 -1.30554
148.038 41.587 -0.623675 3.79987
149.19 41.587 -3.51768
41.587 152.783
150.502 41.8413
150.502 46.2783 3.39034
150.502 46.9408
145.349 47.4759 1.84324
147.837 47.4759
147.837 51.6069
147.837 56.2717
147.837 58.9992
58.9992 146.882 1.01469 -6.92941
148.434 58.9992
148.434 61.2955
148.434 67.0679
148.434 68.1028
148.85 68.3396
148.85 68.3396
148.85 68.3396
149.837 75.9338 -0.783916 0.843413 -3.54268 -3.36164 1.55906
149.837 76.1549 -1.29826
149.837 76.8075 2.12772 5.60552 3.6102 1.869
76.8075 149.837
146.197 76.8075
146.197 76.8075
146.197 78.577
146.197 78.577
144.399 80.6385
145.698 82.8454
144.712 82.8454
148.649 88.2012
148.649 88.2012
148.649 88.1984
148.649 88.1984
88.1984 148.649
146.227 88.1984
146.227 88.1984
148.499 90.7332
148.499 94.3276
148.66 98.2671 -1.00558
148.66 99.7307 1.44209
148.66 100.463 1.68445 -1.43829
147.321 102.232 3.60248 1.25528
102.232 147.321 -0.273515
145.919 102.232
148.661 106.097
106.097 148.661 4.97939 1.41144 -0.0881758
109.399 147.426 5.24412 0.474018
146.68 109.399 9.54997 4.80288
146.68 110.275 11.4501 4.80288
146.68 110.275 0.0579759 12.5925
146.68 112.379 -0.232854 9.66985 0.493938
146.68 112.379 9.66985 -2.20171
146.43 112.379 7.30735 -8.54704
146.43 112.379 9.99594
146.43 114.593 13.4563
146.38 117.007 12.7675
146.38 117.007 12.8099 6.05179 3.64668
146.38 117.305 16.7882 -0.513477 2.57378 -2.12994
146.38 117.305 16.7882
146.38 117.305 24.1231 -0.684403
146.38 117.305 28.8207 2.13227 1.82364 2.97365
146.38 117.305 28.8207 5.3186 -0.866516
146.38 121.952 33.19
145.897 121.952 33.19 1.00656
145.897 121.952 33.7753 1.95096
146.371 123.684 33.7753
146.371 127.826 36.3519
146.371 128.447 37.5977
146.371 132.743 37.5977
146.371 135.462 43.9926
146.371 45.2554 137.017 -0.481994
146.371 48.2997 137.017 -1.29905
148.93 48.2997 137.017 13.7474 1.97968
148.93 48.2997 140.34 1.56586 1.21307
146.56 140.34 50.1523
142.337 143.229 50.1523
142.337 58.7106 143.829
143.189 59.6508 143.829
143.189 59.6508 143.829
143.189 59.6508 143.829
143.189 63.7199 143.829
143.145 143.829 63.7199
147.967 143.145 67.2369 -1.31539 -1.88338
143.145 147.967 67.2369 -0.692297
145.518 150.33 68.6165
145.226 68.6165 150.33
142.934 68.6165 150.969 1.36185
142.934 152.208 69.2386 1.03241 -1.00599
142.934 69.2386 154.301 10.3828
146.277 69.2386 154.301 15.8701
69.2386 141.458 154.301 -4.7814 0.453068 -0.918123
143.216 71.0672 154.301
143.88 0.791307
146.133
146.133
146.133 1.07923
146.133
151.38
151.38
154.25
159.507
159.507 -1.59501 3.70808 3.43347
159.507 0.927633
159.507 3.98523
159.507 3.98523
159.507
159.507
159.507
159.507
159.407
157.845
158.84
159.178
159.178
157.315
157.315
157.315
157.315
157.315
157.433
158.411
158.411
158.87 3.0386
159.019
159.019
159.019
158.725
159.468
159.468
159.468 1.1517
159.468
160.007 -0.53397
160.007
160.007
160.007
158.912
158.912
158.228
159.685
159.685
159.685
159.685
159.685
159.685 -1.11569 -0.538801 -1.52441 0.15881
159.685
159.685
159.685
159.685
159.685
159.413
159.413
159.413
159.413
159.486
159.486
159.486
159.486
159.486 -0.920803
160.024
160.024
160.209
160.209
158.043
158.043
158.043 2.67217
158.043 1.40003
159.143
159.143
159.143
159.143 0.430501
159.143
159.143
159.143
159.143 -2.12134
159.143
158.546
158.546
158.539
158.539
158.631
158.691
159.291
159.55
159.55
159.55
159.55
159.55
159.55
159.55
160.019
160.019
160.019
160.019
159.759
160.99
160.99
160.99
160.99
160.99
160.99
160.99
159.938
159.938
159.938
159.938
159.517
159.517
159.517
159.517
159.517 4.14603
159.517
159.517
159.517
159.517 0.7854
159.517 1.00632
158.029
158.029
158.029 2.31544
158.029
159.799 0.863722
159.799 -3.28334 -2.93779 -1.92553 -1.24997
159.799
159.799 2.1684
159.799
159.799
159.799 -2.31619
159.799 -0.675092
159.799
158.096 -1.97656
158.096
160.201
160.201
160.201
160.02
160.02 -2.85557 5.17825
160.02
158.527
158.527
158.605
