0.42957 0.410148
0.425366 0.314864
0.430476 0.431932
0.428837 0.385888
0.429091 0.385888
0.427556 0.34132
0.425217 0.275517
0.430638 0.405104
0.434167 0.490197
0.435918 0.532116
0.4344 0.490803
0.431373 0.409349
0.432308 0.429429
0.432453 0.429429
0.431852 0.409889
0.433455 0.448454
0.435714 0.50555
0.432982 0.430391
0.431034 0.374728
0.431186 0.374728
0.432 0.392832
0.432131 0.392832
0.430968 0.357476
0.431746 0.37495
0.433125 0.409498
0.435692 0.477821
0.436364 0.494713
0.437612 0.528129
0.439412 0.577715
0.441159 0.626776
0.442286 0.659142
0.440563 0.611092
0.44 0.595238
0.440548 0.610933
0.442703 0.673093
0.4432 0.688482
0.442105 0.658001
0.440519 0.612716
0.436923 0.508041
0.435443 0.463597
0.4355 0.463597
