1910 82 1992
1892 100 1992
1871 121 1992
1854 138 1992
1827 165 1992
1793 199 1992
1764 228 1992
1719 273 0 0 1992
1680 312 1992
1656 336 1992
1616 376 1992
1587 405 0 0 1992
1572 420 1992
1554 438 1992
1535 457 1992
1527 465 1992
1522 470 1992
1511 481 1992
1503 489 1992
492 1500 1992
1500 492 1992
1497 495 1992
1497 495 1992
1497 495 1992
1497 495 0 1992
1497 495 0 1992
1497 495 1992
1497 495 1992
1497 495 1992
1496 496 1992
1496 496 1992
496 1496 0 1992
1497 495 0 1992
1496 496 1992
1496 496 1992
1496 496 1992
1496 496 1992
1496 496 0 0 1992
1496 496 1992
1496 496 1992
1496 496 1992
1496 496 1992
1496 496 1992
1496 496 1992
1496 496 1992
1496 496 1992
1496 496 1992
1992 0 1992
1992 1992
1992 0 1992
1992 1992
1992 1992
1992 1992
1992 1992
1992 1992
1992 1992
1992 1992
1992 1992
1992 1992
1992 1992
1992 1992
1992 1992
1992 1992
1992 1992
1992 1992
1992 1992
1992 1992
1992 1992
1992 1992
1992 0 1992
1990 2 1992
1992 0 1992
1992 0 0 1992
1992 0 1992
1992 1992
1992 1992
1992 1992
1992 0 1992
1992 1992
1992 1992
1992 1992
1992 1992
1992 1992
1992 1992
1992 1992
1992 1992
1992 1992
1992 1992
1992 1992
1992 1992
1992 0 0 1992
1992 1992
1992 1992
1992 0 1992
1992 0 1992
1992 1992
1992 1992
1992 1992
1992 1992
1992 0 1992
1992 1992
1992 0 0 0 1992
1992 1992
1992 1992
1992 1992
1992 1992
1992 1992
1992 1992
1992 0 1992
1992 1992
1992 1992
1992 1992
1992 1992
1992 1992
1992 0 1992
1992 1992
1992 1992
1992 1992
1992 0 1992
1992 1992
1992 1992
1992 1992
1992 1992
1992 1992
1992 1992
1992 1992
1992 1992
1992 1992
1992 1992
1992 1992
1992 0 0 1992
1992 1992
1992 1992
1992 1992
1992 1992
1992 1992
1992 1992
1992 1992
1992 1992
1992 1992
1992 1992
1992 0 1992
1992 1992
1992 1992
1992 1992
1992 1992
1992 1992
1992 1992
1992 1992
1992 0 1992
1992 1992
1992 0 1992
1992 0 0 1992
1992 1992
1992 0 0 1992
1992 1992
1992 0 0 0 1992
1992 1992
1992 1992
1992 1992
1992 0 1992
1992 1992
1992 1992
1992 0 1992
1992 1992
1992 1992
1992 0 1992
1992 0 0 0 1992
1992 1992
1992 1992
1992 1992
1992 1992
1992 1992
1992 1992
1992 1992
1992 0 1992
1992 1992
1992 0 1992
1992 0 1992
1992 1992
1992 1992
1992 1992
1991 1 1992
1991 1 1992
1991 1 1992
1990 2 1992
1989 3 1992
1988 4 1992
1988 4 1992
1988 4 1992
1986 6 1992
1983 9 1992
1977 15 1992
1974 18 1992
1967 25 0 1992
1992 0 1992
1992 0 0 1992
1992 1992
1992 0 0 1992
1992 1992
1992 0 1992
1992 1992
1992 1992
1992 1992
1992 1992
1992 1992
1992 1992
1992 0 1992
1992 1992
1992 0 1992
1992 1992
1992 0 0 1992
1992 1992
1992 1992
1992 1992
1992 0 1992
1992 0 1992
1992 1992
1992 1992
1992 1992
1992 1992
1992 0 1992
1992 1992
1992 1992
1992 1992
1992 1992
1992 1992
1992 1992
1992 1992
1992 1992
1992 0 1992
1992 1992
1992 1992
1992 1992
1992 0 0 1992
1992 0 0 0 1992
1992 1992
1992 1992
1992 1992
1992 1992
1992 1992
1992 1992
1992 1992
1992 1992
1992 1992
1992 0 1992
1992 0 1992
1992 1992
1992 1992
1992 1992
1992 1992
1992 1992
1992 1992
1992 1992
1992 1992
1992 1992
1992 1992
1992 1992
1992 1992
1992 1992
1992 1992
1992 1992
1992 1992
1992 1992
1992 0 1992
1992 1992
1992 1992
1992 1992
1992 1992
1992 1992
1992 0 1992
1992 1992
1992 1992
1992 1992
1992 0 1992
1992 0 1992
1992 1992
1992 0 1992
1992 0 1992
1992 1992
1992 1992
1992 1992
1992 1992
1992 1992
1992 1992
1992 1992
1992 1992
1992 1992
1992 1992
1992 1992
1992 1992
1992 1992
1992 1992
1992 1992
1992 1992
1992 1992
1992 1992
1992 0 1992
1992 1992
1992 1992
1992 1992
1992 1992
1992 1992
1992 1992
1992 1992
1992 1992
1992 1992
1992 1992
1992 1992
1992 1992
1992 1992
1992 1992
1992 1992
1992 1992
1992 1992
1992 1992
1992 1992
1992 1992
1992 1992
1992 1992
1992 1992
1992 1992
1992 1992
1992 1992
1992 1992
1992 1992
1992 1992
1992 1992
1992 1992
1992 1992
1992 1992
1992 1992
1992 1992
1992 1992
1992 1992
1992 1992
1992 1992
1992 0 1992
1992 1992
1992 1992
1992 0 0 0 0 1992
1992 1992
1992 1992
1992 1992
1992 1992
1992 1992
1992 1992
1992 1992
1992 1992
1992 1992
1992 1992
1992 1992
1992 1992
1992 1992
1992 1992
1992 1992
1992 1992
1992 1992
1992 1992
1992 1992
1992 1992
1992 1992
1992 0 0 0 1992
1992 0 1992
1992 0 1992
1992 1992
1992 1992
1992 1992
1992 1992
1992 1992
1992 1992
1992 1992
1992 1992
1992 1992
1992 1992
1992 1992
1992 1992
1992 1992
1992 1992
1992 0 1992
1992 1992
1992 1992
1992 1992
1992 1992
1992 1992
1992 1992
1992 1992
1992 1992
1992 1992
1992 1992
1992 1992
1992 1992
1992 1992
1992 1992
1992 1992
1992 1992
1992 0 1992
1992 1992
1992 1992
1992 0 0 1992
1992 1992
1992 0 0 1992
1992 1992
1992 1992
1992 1992
1992 1992
1992 1992
1992 0 1992
1992 1992
1992 1992
1992 1992
1992 1992
1992 1992
1992 1992
1992 1992
1992 1992
1992 1992
1992 1992
1992 1992
1992 1992
1992 1992
1992 1992
1992 1992
1992 0 1992
1992 1992
1992 1992
1992 0 1992
1992 1992
1992 0 1992
1992 1992
1992 1992
1992 1992
1992 1992
1992 1992
1992 1992
1992 1992
1992 0 0 1992
1992 1992
1992 1992
1992 1992
1992 1992
1992 0 0 0 1992
1992 1992
1992 1992
1992 1992
1992 1992
1992 1992
1992 1992
1992 1992
1992 1992
1992 1992
1992 0 0 1992
1992 0 1992
1992 1992
1992 1992
1992 1992
1992 1992
1992 1992
1992 1992
1992 1992
1992 1992
1992 1992
1992 1992
1992 1992
1992 1992
1992 1992
1992 1992
1992 1992
1992 1992
1992 1992
1992 1992
1992 1992
1992 1992
1992 1992
1992 1992
1992 1992
1992 1992
1992 1992
1992 1992
1992 1992
1992 1992
1992 1992
1992 1992
1992 1992
1992 1992
1992 1992
1992 1992
1992 1992
1992 1992
1992 1992
1992 1992
1992 1992
1992 1992
1992 1992
1992 1992
1992 1992
1992 0 1992
1992 1992
1992 1992
1992 1992
1992 1992
1992 1992
1992 1992
1992 0 1992
1992 0 1992
1992 0 1992
1992 1992
1992 1992
1992 1992
1992 1992
1992 1992
1992 1992
1992 1992
1992 1992
1992 1992
1992 1992
1992 1992
1992 1992
1992 1992
1992 1992
1992 0 1992
1992 1992
1992 1992
1992 0 0 1992
1992 1992
1992 0 1992
1992 1992
1992 1992
1992 1992
1992 1992
1992 1992
1992 0 1992
1992 0 1992
1992 1992
1992 1992
1992 1992
1992 1992
1992 1992
1992 1992
1992 1992
1992 1992
1992 1992
1992 1992
1992 1992
1992 1992
1992 1992
1992 1992
1992 1992
1992 1992
1992 1992
1992 1992
1992 1992
1992 1992
1992 0 0 1992
1992 1992
1992 1992
1992 1992
1992 0 1992
1992 1992
1992 1992
1992 0 1992
1992 0 0 0 1992
1992 1992
1992 1992
1992 1992
1992 0 0 1992
1992 0 0 1992
1992 1992
1992 1992
1992 1992
1992 1992
1992 1992
1992 1992
1992 0 1992
1992 1992
1992 1992
1992 1992
1992 1992
1992 1992
1992 0 1992
1992 0 1992
1992 1992
1992 1992
1992 0 0 1992
1992 1992
1992 1992
1992 0 1992
1992 1992
1992 1992
1992 1992
1992 1992
1992 1992
1992 1992
1992 1992
1992 1992
1992 1992
1992 1992
1992 1992
1992 1992
1992 1992
1992 1992
1992 1992
1992 0 0 1992
1992 1992
1992 1992
1992 0 1992
1992 1992
1992 1992
1992 1992
1992 1992
1992 0 1992
1992 1992
1992 1992
1992 1992
1992 1992
1992 1992
1992 1992
1992 1992
1992 1992
1992 1992
1992 1992
1992 1992
1992 1992
1992 1992
1992 1992
1992 1992
1992 1992
1992 0 1992
1992 0 1992
1992 1992
1992 1992
1992 1992
1992 1992
1992 1992
1992 1992
1992 1992
1992 1992
1992 1992
1992 1992
1992 0 1992
1992 1992
1991 1 1992
1991 1 1992
1991 1 1992
1991 1 1992
1990 2 0 1992
1990 2 1992
1989 3 1992
1988 4 1992
1988 4 1992
1986 6 1992
1986 6 1992
1975 17 1992
1992 0 1992
1992 1992
1992 1992
1992 1992
1992 1992
1992 1992
1992 1992
1992 1992
1992 1992
1992 1992
1992 0 1992
1992 1992
1992 1992
1992 1992
1992 0 1992
1992 0 0 0 0 1992
1992 0 1992
1992 1992
1992 1992
1992 0 0 1992
1992 1992
1992 1992
1992 0 1992
1992 0 1992
1992 0 0 1992
1992 0 0 1992
1992 1992
1992 1992
1992 1992
1992 1992
1992 1992
1992 1992
1992 1992
1992 0 0 0 0 1992
1992 0 1992
1992 0 1992
1992 1992
1992 0 1992
1992 1992
1992 0 0 0 1992
1992 0 1992
1992 1992
1992 1992
1992 1992
1992 1992
1992 1992
1992 1992
1992 1992
1992 1992
1992 1992
1992 1992
1992 1992
1992 1992
1992 1992
1992 0 1992
1992 1992
1992 1992
1992 1992
1992 1992
1992 1992
1992 1992
1992 1992
1992 1992
1991 0 1 1992
1991 1 0 1992
1991 1 1992
1991 1 0 0 1992
1990 2 0 0 1992
1989 3 1992
1989 3 1992
1988 4 0 0 1992
1988 4 0 1992
1988 4 1992
1988 4 0 0 1992
1988 4 0 0 0 1992
1986 6 1992
1985 7 0 0 1992
1985 7 0 1992
1982 10 1992
1982 10 1992
1977 15 1992
1973 19 0 1992
1971 21 1992
1958 34 1992
1954 38 1992
1948 44 0 0 0 1992
1933 59 1992
1923 69 0 0 1992
1910 82 1992
1895 97 0 1992
1878 114 1992
1851 141 1992
1819 173 1992
1793 199 0 0 0 1992
1757 235 1992
1729 263 0 1992
1692 300 0 1992
1658 334 1992
1626 366 1992
1603 389 0 1992
1582 410 1992
1558 434 1992
1545 447 1992
1530 462 1992
1516 476 1992
1510 482 1992
1504 488 0 1992
1502 490 0 0 1992
1498 494 0 1992
496 1496 1992
1498 494 1992
1497 495 0 1992
1497 495 1992
1497 495 0 1992
1497 495 1992
1497 495 1992
1497 495 1992
1497 495 1992
495 1497 0 0 1992
1497 495 1992
1496 496 1992
1496 496 1992
1496 496 1992
1496 496 1992
1496 496 1992
1496 496 1992
1496 496 0 0 0 0 0 1992
1496 496 0 1992
1496 496 0 0 0 0 1992
496 1496 1992
1498 494 1992
1496 496 1992
1496 496 1992
1496 496 1992
1496 496 1992
1496 496 1992
1496 496 1992
1496 496 1992
1496 496 1992
1496 496 1992
1496 496 1992
496 1496 1992
1497 495 1992
1497 495 1992
1497 495 1992
1497 495 1992
1494 495 3 1992
1497 495 0 1992
1497 495 0 0 1992
1497 495 0 0 1992
496 1496 0 1992
1499 493 1992
1499 493 1992
495 1495 1 1 0 1992
495 1494 1 2 1992
1491 494 2 5 1992
1491 494 2 5 1992
1484 495 10 3 1992
1493 495 0 4 0 1992
1493 495 4 0 1992
1493 495 4 0 1992
1491 496 5 1992
1491 496 5 1992
1487 496 9 1992
1487 496 9 0 0 1992
1487 496 9 0 0 0 1992
1483 496 13 1992
1480 496 16 0 1992
1475 496 21 0 0 0 1992
1464 496 32 0 0 1992
1448 496 48 1992
1433 496 63 0 1992
1409 496 87 0 1992
1374 496 122 1992
1346 496 150 1992
1313 496 183 1992
1270 496 226 1992
1221 496 275 1992
1166 330 496 0 1992
1123 373 496 0 1992
1082 414 496 0 0 1992
1044 452 496 0 0 1992
1016 496 480 1992
1005 496 491 1992
1000 496 496 1992
999 497 496 1992
999 497 496 1992
999 497 496 1992
1000 436 556 1992
998 517 477 1992
496 999 497 0 0 1992
997 496 499 0 1992
997 496 499 1992
998 499 495 1992
998 499 495 0 1992
999 496 497 0 0 1992
997 499 496 0 1992
997 499 496 0 1992
499 996 497 0 0 0 1992
1992 0 0 1992
1992 0 1992
1992 1992
1992 1992
1992 0 1992
1992 1992
1992 1992
1992 1992
1992 1992
1992 1992
1992 0 0 0 1992
1992 0 1992
1987 5 1992
1992 0 1992
1992 1992
1992 1992
1992 1992
1992 1992
1992 1992
1992 1992
1992 1992
1992 1992
1992 1992
1992 1992
1992 1992
1992 1992
1992 1992
1992 1992
1992 1992
1992 1992
1992 1992
1992 0 1992
1992 1992
1992 1992
1992 1992
1992 1992
1992 1992
1992 1992
1992 0 1992
1992 1992
1992 0 1992
1992 1992
1992 1992
1992 1992
1992 1992
1992 1992
1992 1992
1992 1992
1992 1992
1992 1992
1992 1992
1992 1992
1992 0 0 0 0 1992
1992 1992
1992 1992
1992 1992
1992 1992
1992 1992
1992 1992
1992 1992
1992 1992
1992 1992
1992 1992
1992 1992
1992 1992
1992 1992
1992 0 1992
1992 1992
1992 1992
1992 1992
1992 1992
1992 1992
1992 1992
1992 0 1992
1992 0 1992
1992 1992
1992 1992
1992 1992
1992 0 1992
1992 1992
1992 1992
1992 1992
1992 0 1992
1992 1992
1992 1992
1992 1992
1992 1992
1992 1992
1992 1992
1992 1992
1992 1992
1992 1992
1992 1992
1992 1992
1992 1992
1992 1992
1992 1992
1992 1992
1992 1992
1992 1992
1992 1992
1992 1992
1992 1992
1992 1992
1992 1992
1992 1992
1992 1992
1992 1992
1992 1992
1992 1992
1992 1992
1992 1992
1992 1992
1992 1992
1992 1992
1992 1992
1992 1992
1992 1992
1992 0 1992
1992 1992
1992 1992
1992 1992
1992 0 1992
1992 0 1992
1992 1992
1992 1992
1992 0 1992
1992 1992
1992 0 1992
1992 0 0 0 0 1992
1992 1992
1992 0 1992
1992 1992
1992 1992
1992 0 1992
1992 0 1992
1992 1992
1992 0 1992
1992 1992
1992 1992
1992 1992
1992 1992
1992 1992
1992 0 0 1992
1992 1992
1992 1992
1992 1992
1992 1992
