0.406011 4.24389
0.406646 4.26313
0.407832 4.29185
0.409053 4.32042
0.409103 4.32042
0.409041 4.31099
0.407075 4.23596
0.406486 4.20796
0.405101 4.15225
0.403733 4.0968
0.404768 4.12439
0.403684 4.07864
0.402876 4.04222
0.400779 3.96066
0.4 3.92459
0.399231 3.88868
0.398981 3.87082
0.398228 3.83525
0.397484 3.79985
0.39625 3.747
0.395031 3.69439
0.39358 3.63329
0.393129 3.60722
0.391951 3.55533
0.391273 3.52089
0.390602 3.4866
0.38994 3.45246
0.388333 3.38449
0.388166 3.36758
0.389085 3.39284
0.388538 3.3593
0.387209 3.30086
0.387283 3.29254
0.388646 3.33393
0.389486 3.35042
0.390139 3.35863
0.391412 3.39949
0.391822 3.39949
0.391955 3.39949
0.393381 3.43178
0.394254 3.46394
0.394332 3.46394
0.395105 3.47192
0.39587 3.49574
0.395721 3.47992
0.396129 3.4878
0.39615 3.47995
0.395319 3.44087
0.394497 3.40195
0.394316 3.38643
0.393089 3.33236
