2379.59
2607.56
3202.57
3373.59
3561.13
4190.07
4296.17
4850.42
5393.22
6470.85
6605.75
6234.53
6731.64
7034.07
7635.95
7195.36
6710.8
6603.31
6916.12
7388.73
6708.62
6731.87
6545.42
6768.79
6271.46
6044.58
6335.25
6520.18
6123.07
6318.4
6137.78
6274.24
6111.03
6108.18
5613.05
6090.4
5103.11
4574.32
4864.65
4693.49
4733.37
4617.74
4073.41
4269.7
3951.53
3993.49
3847.89
3911.98
1481.83
1491.03
1423.48
1480.6
1480.72
1378.11
1463.89
1376.72
1371.43
1458.71
1388.87
1385.19
1527.2
1380.03
1371.55
1454.31
1338.54
1356.83
1316.64
1389.44
1456.85
1413.71
1396.28
1388.62
1420.19
1400.83
1519.1
1358.99
1421.76
1349.17
1360.26
1301.87
1361.99
1328.09
1381.66
1387.87
1419.6
1302.58
1392.54
1400.84
1431.27
1410.01
1398.05
1396.29
1406.77
1388.04
1471.96
1311.55
1352.72
1384.18
1275.22
1453.02
1393.76
1321.97
1339.3
1345.52
1363.16
1353.29
1333.31
1367.47
1377.55
1363.38
1354.68
1434.12
1392.5
1304.67
1371.22
1336.55
1414.44
1366.03
1354.3
1350.19
1332.45
1448.96
1414.55
1453.15
1370.36
1412.38
1359.91
1402.19
1409.18
1386.43
1341.13
1469.09
1316.98
1371.19
1385.69
1420.22
1386.56
1278.04
1400.72
1344.06
1361.86
1316.54
1373.29
1371.17
1373.02
1482.05
1476.25
1390.11
1432.18
1305.06
1387.07
1409.02
1349.37
1362.73
1445.31
1434.14
1364.62
1360.85
1320.18
1422.47
1395.2
1340.52
1405.02
1342.27
1394.9
1409.74
1424.54
1415.64
1349.29
1388.18
1370.36
1400.75
1361.79
1388.04
1374.55
1416.4
1415.17
1415.97
1414.12
1389.86
1296.07
1473.71
1384.7
1312.83
1369.8
1414.69
1341.86
1408.31
1406.3
1467.09
1474.33
1461.84
1412.88
1425.34
1501.6
1597.48
1322.4
1384.26
1392.77
1397.2
1414.93
1429.43
1389.88
1420.7
1443.93
1327.99
1292.05
1438.01
1366.87
1385.35
1365.02
1387.92
1403.4
1394.5
1343.44
1375.96
1385.69
1384.88
1399.49
1399.36
1461.87
1376.22
1351.3
1465.25
1450.16
1364.77
1326.09
1354.77
1382.66
1304.46
1367.4
1333.04
1389.47
1381.29
1394.15
1381.07
1391.37
1361.44
1404.13
1377.33
1364.59
1399.8
1404.39
1372.84
1375.51
1318.07
1420.15
1327.06
1396.21
1403.54
1375.59
1441.22
1432.25
1413.69
1505.26
1380.12
1391.61
1427.36
1411.04
1345.41
1406.71
1440.69
1344.4
1339.72
1361.46
1355.16
1300.85
1380.28
1304.24
1416.08
1376.92
1403.16
1414.18
1418.16
1383.06
1396.72
1341.5
1353.57
1389.36
1366.38
1361.43
1394.74
1316.34
1339.29
1406.88
1289
1333.98
1363.73
1414.29
1422.93
1417.92
1267.62
1413.02
1336.08
1335.13
1401.51
1406.87
1288.54
1375.31
1295.48
1301.75
1423.92
1457.82
1357.46
1347.68
1336.66
1339.68
1360
1293.67
1424.11
1385.46
1414.52
1397.02
1374.19
1414.59
1333.89
1465.11
1406.31
1349.87
1396.56
1414.65
1372.72
1389.69
1345.47
1384
1404.01
1472.92
1404.74
1316.49
1324.73
1382.75
1310.33
1418.19
1292.47
1478.03
1321.47
1330.52
1379.57
1377.1
1339.33
1441.36
1340.06
1423.47
1336.59
1332.02
1368.44
1372.73
1349.4
1330.83
1478.45
1406.08
1410.36
1481.6
1369.1
1329.47
1358.73
1349.76
1306.14
1476.4
1301
1461.41
1365.01
1411.26
1404.18
1362.09
1374.68
1359.04
1324.42
1375.45
1378.28
1402.75
1391.89
1371.62
1418.39
1339.64
1387.87
1337.55
1358.14
1433.95
1422.91
1379.06
1432.94
1354.18
1371.58
1362.27
1395.3
1409.02
1345.51
1342.31
1343.26
1349.22
1417.01
1421.34
1389.74
1440.6
1410.88
1386.51
1321.68
1400.73
1360.06
1400.36
1346.53
1408.17
1424.14
1333.58
1436.41
1390.44
1383.14
1375.21
1363.35
1391.44
1380.33
1346.07
1396.32
1397.9
1335.06
1289.3
1360.63
1345.06
1377.34
1371.01
1365.01
1346.43
1384.53
1321.46
1404.07
1363.16
1332.39
1374.01
1335.22
1393.09
1434.42
1431.8
1359.01
1382.51
1416.84
1387.55
1366.52
1384.99
1352.47
1405.27
1341.97
1336.63
1359.14
1352.36
1385.38
1426.24
1360.82
1449.24
1356.13
1366.89
1382.78
1353.97
1405.72
1335.82
1410
1328.86
1342.7
1409.34
1418.16
1303.84
1421.78
1410.71
1519.27
1428.25
1439.78
1381.76
1407.56
1431.62
1341.86
1377.07
1358.14
1326.24
1378.4
1397.6
1310.18
1356.12
1390.05
1428.87
1381.31
1327.83
1428.72
1424.52
1341.13
1291.02
1330.81
1390.13
1304.11
1395.34
1348.57
1457.59
1333.75
1461.83
1395.49
1366.56
1301.84
1381.83
1337.12
1435.11
1402.74
1405.3
1328.48
1371.84
1353.7
1406.34
1377.76
1355.47
1398.2
1350.06
1369.08
1336.15
1370.4
1364.95
1439.31
1401.37
1331.57
1290.89
1362.26
1408.54
1436.54
1404.45
1418.2
1359.26
1410.94
1329.95
1417.25
1374.23
1421.87
1341.74
1377.52
1409.36
1351.08
1391.06
1359.38
1305.93
1426.99
1378.65
1373.49
1339.35
1416.85
1460.58
1346.9
1384.83
1358.56
1365.68
1346.56
1381.27
1419.5
1334.49
1477.84
1398.69
1312.78
1425.49
1287.32
1317.85
1327.17
1376.77
1325.44
1332.52
1403.56
1471.67
1375.13
1334.99
1330.55
1369.19
1434.58
1338.73
1309.67
1394.11
1333.27
1467.56
1326.14
1359.57
1382.79
1372.8
1383.59
1379.43
1323.57
1339.57
1302.93
1372.94
1309.03
1451.19
1357.8
1364.75
1382.75
1348.2
1374.42
1447.37
1325.13
1436.51
1379.12
1372.11
1406.26
1411.92
1385.44
1382.55
1457.27
1358.77
1405.06
1390.96
1366.19
1374.37
1399.85
1359.27
1353.5
1431.21
1443.07
1419.96
1372.97
1377.11
1323.6
1338.72
1409.07
1409.76
1363.43
1382.82
1341.88
1374.16
1383.42
1391.67
1359.18
1322.22
1309.59
1391.86
1394.18
1482.94
1449.81
1424.89
1336.58
1338.27
1367.71
1453.77
1399.48
1350.67
1399.55
1363.75
1351.87
1357.18
1292.73
1342.45
1352.19
1400.73
1418.1
1399.75
1417.69
1380.45
1488.41
1404.77
1412.83
1531.36
1497.22
1427.49
1574.31
1409.29
1394.12
1394.35
1394.4
1389.87
1380.42
1368.39
1395.18
1337.99
1471.71
1424.52
1332.54
1333.65
1438.17
1378.22
1375.05
1354.01
1418.05
1310.97
1329.49
1397.12
1427.92
1371.76
1402.99
1436.06
1365.4
1329.89
1350.09
1319.41
1382.06
1431.96
1333.11
1393.31
1321.28
1409.41
1411.79
1405.82
1431.69
1340.51
1330.84
1303.11
1362.5
1449.48
1393.83
1369.72
1425.17
1439.3
1360.69
1384.54
1313.36
1309.58
1355.69
1427.98
1384.57
1435.24
1439.53
1394.79
1393.55
1373.9
1294.33
1416.82
1365.56
1367.2
1412.15
1377.26
1390.4
1350.02
1480.59
1475.65
1340.56
1468.06
1397.91
1453.64
1442.29
1533.42
1536.35
1484.21
1479.12
1510.34
1522.07
1674.41
1664.3
1799.24
2017.42
2108.28
2120.81
2462.56
2437.09
2819.43
3020.94
3196.63
3579.85
4075.86
4455.07
4719.41
5171.72
5915.98
6352.11
6129.9
6683.04
6676.38
7517.89
7278.96
7331.47
7055.15
6811.94
6923.56
6718.67
6865.33
6981.14
6876.63
6392.49
6356.54
6203.95
6273.88
5996.62
5399.26
5347.89
5684.93
5744.05
4846.05
4931.44
5014.61
4975.18
5102.09
4446.25
4622.61
4209.88
4550.81
4514.09
4531.43
4530.49
4391.64
4396.62
4093.66
4337.75
3875.14
3641.31
3887.84
3874.18
3782.76
3821.37
3664.08
3518.95
3522.86
3525.1
3184.16
3322.72
3091.67
3079.14
2919.29
2998.02
2885.02
2793.99
2733.64
2785.99
2861.47
2878.53
2681.05
2708.91
2614.39
2585.03
2491.41
2546.92
2652.06
2576.57
2478.83
2543.58
2563.34
2515.36
2770.12
2793.73
2832.29
2979.31
3153.32
3152.47
3090.49
3433.36
3554.2
3957.66
4193.59
4234.69
4172.37
3817.95
3972.26
3741.65
3915.06
3845.69
3337.28
3322.93
3369.29
3512.37
3425.88
3205.84
3241.07
3201.31
3216.66
3170.67
3053.69
1637.82
1543.81
1545.25
1506.75
1571.1
1411.31
1373.08
1378.15
1338.62
1393.22
1382.24
1335.38
1345.17
1346.45
1420.04
1347.24
1346.93
1276.13
1351.58
1351.19
1323.8
1346.81
1389.98
1384.77
1325.82
1294.64
1356.44
1382.3
1365.66
1384.53
1347.29
1354.66
1399.39
1405.12
1403.62
1390.48
1317.34
1339.36
1339.59
1384.41
1381.44
1360.8
1314.87
1351.3
1376.41
1382.97
1400.89
1385.17
1349.74
1353.11
1469.04
1446.79
1341.91
1430.31
1336.2
1463.1
1418.58
1334.02
1345.02
1382.28
1416.78
1398.55
1315.19
1424.05
1404.27
1405.84
1386.21
1414.76
1353.34
1412.64
1379.24
1398.68
1427.63
1378.81
1320.42
1363.58
1414.12
1396.93
1424.28
1378.5
1339.58
1343.12
1425.33
1404.36
1340.41
1395.73
1386.72
1364.94
1428.97
1355.76
1356.71
1373.15
1373.15
1405.04
1325.05
1278.58
1367.33
1329.57
1377.05
1359.25
1345.55
1341.31
1265.7
1326.12
1417.17
1372.95
1374.75
1372.14
1411.02
1435.85
1317.93
1394.31
1316.35
1430.42
1404.3
1321.2
1381.42
1365.67
1368.99
1396.05
1480.89
1380.84
1395.15
1368.62
1360.11
1413.19
1391.01
1341.9
1393.02
1309.85
1429.94
1464.29
1341.86
1380.72
1345.75
1386.71
1342.22
1399.74
1363.55
1336.38
1339.14
1401.66
1370.62
1350.86
1456.05
1348.61
1309.36
