0.967239 0.0327609
0.956493 0.0435066
0.953483 0.0465157
0.942662 0.0572027
0.929214 0.0707587
0.911119 0.0888705
0.900353 0.0995682
0.870747 0.129009 5.11575e-05 0.00015454
0.863009 0.136971
0.861075 0.138871
0.815933 0.183903
0.807321 0.192622 5.01843e-06 5.16817e-05
0.786107 0.213892
0.79152 0.208479
0.775927 0.224054
0.761839 0.238161
0.769021 0.230978
0.765097 0.234903
0.758152 0.241848
0.242017 0.757676
0.756047 0.243696
0.746234 0.253709
0.764202 0.235794
0.756079 0.243916
0.754056 0.245859 7.8489e-05
0.733097 0.265921 0.000942452
0.756977 0.242895
0.750543 0.249342
0.760483 0.239482
0.764496 0.235503
0.760188 0.239782
0.239939 0.759755 0.000300345
0.753393 0.246234 0.000341159
0.759133 0.240853
0.763726 0.236274
0.757113 0.242887
0.736493 0.263506
0.763349 0.236218 5.90067e-05 0.000363063
0.749898 0.2501
0.760408 0.239592
0.752964 0.247035
0.735737 0.264177
0.734402 0.265597
0.755878 0.244122
0.754527 0.245473
0.758991 0.241009
0.741009 0.258991
0.76131 0.23869
0.999984
0.996916 0.00217841
0.999831
0.99999
0.999958
0.99997
0.999998
0.999998
0.999992
0.999997
0.999999
0.999996
0.999976
0.999962
1
0.999971
0.999722
0.999887
0.999977
1
1
0.999811 8.72374e-05
0.999562 0.000430523
0.99953 0.000436164
0.999007 0.000154825 0.000460989
0.998887 0.0010977
0.999887
0.9999
1
0.999837 0.000161219
0.999962
0.999993
0.99998
1
1
1
0.999995
0.999955
1
1
1
1
0.999681 0.000122127 0.000196597
0.999982
1
0.99857 0.00142287
0.999797 0.000201024
0.999797
0.999742
0.999986
0.9998
0.99947 0.000529759
1
0.999899 2.00446e-05 3.46378e-05 4.60378e-05
0.999999
0.999677
0.999959
0.999997
0.999965
0.999961
0.999895 1.62214e-05
0.999999
0.999979
0.999934
0.999752
1
0.999847 0.000151804
0.999991
1
0.999902
0.999517 0.000325069
0.999985
1
1
0.999984
1
1
1
1
1
0.999996
1
0.999641 0.000130805 0.000195093
0.999723
0.999973
0.999936
1
1
1
0.999993
0.999977
0.999998
0.999915
0.999789 0.000210557
1
0.999998
0.999998
0.999974
1
0.999896
1
0.999049 0.000789056
1
0.999978 2.08512e-05
0.997597 0.000812601 0.00157664
0.999545
0.99957 4.52538e-05 0.0003405
1
0.999623 5.90062e-05 0.000156859 0.000159112
0.999991
0.999999
0.999999
0.998942 0.00105807
1
1
0.999884 8.85343e-05
1
1
0.999736 0.000262898
0.999068 0.000177652 0.000574778 0.000175829
0.999976
0.999889
0.999969
0.999945
0.999701
0.999999
0.999986
0.999838 0.000162272
0.999999
0.999813 0.000185471
0.999918 8.21666e-05
1
1
0.999998
0.999861 0.000138941
0.999391 0.000591783
0.999716 0.000261632
0.99981 0.000190479
0.999115 0.000884735
0.999114 0.000863661
0.998191 0.00178544
0.996929 0.00307054
0.998524 0.00146859
0.997114 0.00285283
0.993369 0.00659743
0.988405 0.0115892
0.990043 0.00967033 0.000223393
0.987745 0.012195
0.999846 2.82021e-05 0.000113763
1
0.999617 0.000220339 0.000147742
0.999742
0.99989 9.96671e-05
0.999895
0.999962
0.999998
0.999999
1
0.999948
0.999804 0.000195701
0.999941
0.999851 0.000128301
0.999993
0.999667 0.000126288 0.000202819
1
1
1
0.999852 0.000144786
0.999594 0.000406142
1
1
1
0.999996
0.999756 0.000227682
0.999972
0.999998
0.999999
0.999999
0.999978
0.999515
0.999987
0.999982
0.998405 0.00142445
0.999956
1
1
0.999102 0.000362453 0.000327716
0.999933 3.74297e-05 2.54631e-05 3.65318e-06
0.999901
0.999951
1
1
0.999934
0.999999
0.999999
0.99995
0.999998
0.999761 0.00020276
0.999235 0.000764852
0.99998
0.999998
0.999773
1
0.999679
0.999913
0.999998
1
1
0.999927
1
1
0.999984
0.999998
1
0.999969
0.999995
0.999668 0.000280855
1
0.999993
0.99998
1
0.999951
0.999446 0.000553568
0.99998
0.999956
0.999981
0.99947 0.000528852
0.99964 0.000358558
0.999995
0.998947 0.00105176
0.99896 0.00078165
0.999702
0.99996
0.999996
0.999999
0.999965
0.999896
0.999721
1
0.99977
0.999985
0.999839
0.999999
0.999469
0.99998
0.999925
0.999945
0.999999
0.999923
0.998356 0.00128153
1
0.999993
0.999707
1
0.999933
0.998696
1
0.999962
0.999884
0.999988
0.999596
1
0.999994
0.999998
1
1
0.999977
1
0.999999
1
0.999998
0.999974
0.99982
1
0.999999
1
0.999998
0.999994
0.999996
0.999998
0.999999
1
0.999955
0.999997
0.999953
0.999939
0.999997
0.999998
0.999841
0.999977 2.24133e-05
0.999958
0.999994
0.998821 0.00102175 0.000101655 3.28515e-05 2.24549e-05
0.999964
0.999907
0.999974
0.999996
0.999976
1
0.999989
1
0.999999
1
0.999956
0.999988
0.999999
1
0.999984
0.999965
0.999994
0.999855
0.999646
0.999703
0.999959
0.999936 1.19983e-05 9.45084e-06 4.14112e-05
0.999482 0.000179153
0.999606 0.000152233
0.999833
1
1
1
1
1
1
0.999999
0.999925
1
0.999996
0.999786
1
1
0.999993 6.99267e-06
1
0.999957
0.999897
0.999973
0.999992
0.999887
1
1
1
1
1
1
0.999969
0.999813
0.999402
1
0.99943 0.000501693
0.999936
0.999932
0.999877 2.92363e-05 9.35941e-05
0.999251
0.999907 2.44604e-05 6.72712e-05
1
0.999945
0.999921
0.999962
1
0.999779 0.000221004
0.999978
0.999789
0.999954
1
0.999915
1
0.999999
0.999996
1
1
1
1
1
0.999993
1
0.999652 0.000283997
0.999856
0.999788
0.999562 0.000302422
0.999972
0.999441 0.000550764
1
1
1
1
0.999987
1
0.999961
0.998695 0.000521376 0.000781608
0.999997
1
0.999925
0.999997
0.99986 3.18682e-05 7.67198e-05 3.15503e-05
0.999874
0.999859
0.999997
0.99997
0.999976
0.999998
1
0.999997
0.999995
0.99892 0.000816346 0.000137028
0.998617 0.0013447
0.999993
0.999986
0.999943
0.999665
0.999945
0.99998
1
0.999975
0.999983
1
0.999911
1
1
0.999983
1
0.999999
0.999999
0.999998
1
1
1
1
0.999966
1
0.998971
0.999998
1
0.999877
0.999996
0.999683
0.999971
1
0.999787
0.999958
0.999578
1
1
0.999952
0.999993
0.999976
0.999589
0.999976
0.999981
0.99827 0.00170833
1
0.999939
0.999994
1
1
0.999985
0.999984 1.57904e-05
0.999846 0.0001542
0.999809 0.000190813
0.999994
1
1
0.999998
0.999808
1
1
0.999987
1
0.999998
0.999264
1
0.999999
0.999792
0.999898 0.000101562
1
1
0.999845 4.34643e-05 9.00675e-05
0.999892
0.999855 9.46464e-05
0.99999
0.999329
0.999954
0.999798
0.999929
0.999292 0.000704597
0.999919 8.13081e-05
0.999999
0.999999
1
1
1
1
1
0.999861
0.999989
1
1
1
1
1
1
1
1
0.999998
0.99994
0.999937
0.999607 0.000113165 0.000247952
0.99993
0.999781
0.999609
0.999633 0.000355437
0.999809
0.999647
0.999639 0.00025458
0.998369 0.000440789 2.51036e-05 0.00108472
0.999994
0.99995
0.999864
0.999158 0.000191994 0.000605505
0.999517 6.41781e-05 0.000290096
0.999951
0.999971
0.999766
0.999491
0.999998
0.999898
0.999085 0.000891273
0.999978
0.999801
0.999996
1
1
0.998659 0.00133978
0.999784 0.000214488
0.999939
0.999999
0.999385 0.000401394 0.000213746
1
1
0.999721 0.000249955
1
1
0.999981
1
1
1
1
0.999854
0.999949
0.999978
1
0.999478
0.999995
1
0.999863
0.999803 0.00019357 1.86227e-06
0.999939
0.999991
0.999326 0.000673533
0.999996
0.999925
0.999954
0.99996
0.999911 8.93985e-05
0.999935
0.999898
1
1
0.999906
0.99999
1
1
1
0.999397
0.999969
1
0.999833
1
0.999998
1
0.999894 8.09748e-05
0.999092 0.000901248
0.999964
1
0.999999
0.999902
1
0.999957
0.999877
0.999853
0.999992
0.999944
0.999519 0.000450332
0.999983
0.99951 0.000456859
0.999341 0.000557625
0.999709 0.000285477
0.999496 0.000479172
0.998566 0.00128837 0.000140266
0.999398 0.000602168
0.998361 0.00153243
0.997609 0.00239097
0.998208 0.00179245
0.998853 0.00114164
0.996884 0.00311526
0.995419 0.00451748
0.991294 0.008706
1
0.999998
1
1
0.999988
0.999749
0.999989
0.999999
0.999887
0.999353 0.000642455
1
1
0.9999
0.998594 0.00138086
0.999634 3.08697e-05 3.25837e-05 0.000241605 5.63896e-05
0.999924 6.33253e-05
0.999961
0.999783
0.999219 8.01597e-05 0.000701057
0.99957
0.999226
0.999865 0.000134549
0.999785 8.4892e-05
0.999244 0.000606284 0.000117185
0.99969 3.17266e-05 0.000235548
0.999997
0.99994
0.999999
0.999993
0.999877
1
0.999935
0.998949 0.000679573 0.000176671 3.89909e-05 0.00015046
0.999548 0.000225005
0.999647 0.000195413
0.999477
0.999798 0.000189057
0.999974
0.998044 0.000143699 0.000927743 0.000419424
0.999615 0.000283622
0.999908
0.999999
0.999968
1
0.999927
1
1
0.999992
0.999998
1
0.999847
1
1
0.999732 0.000258057
1
0.999997
0.999812
0.999987
0.999968
0.999242
0.999979
0.999811
0.999978 5.39272e-06 1.16456e-05
0.999811 0.000184848 1.41746e-06
0.99896 0.000847374
0.998356 0.000481552 0.000532165 0.000357987
0.998995 0.000783244 2.94053e-05 0.000123176
0.99859 0.00138847
0.997498 0.00250178
0.998144 0.00180059 3.60892e-06 5.14041e-05
0.997936 0.00117156 0.000152626
0.999095 0.00087226
0.998058 0.00125809 0.000328543 0.000195063
0.996755 0.00200339 0.00088308 0.000124887 0.00012056
0.99443 0.00543505
0.996518 0.0019155 0.000952267 0.000536129
0.99679 0.00279034 0.000419224
0.996465 0.00353486
0.996861 0.00313493
0.995613 0.00429421
0.99266 0.00718122 5.08452e-05
0.991725 0.00817204
0.986777 0.0130997
0.986563 0.0134266
0.979133 0.0193259 0.00103062 0.000115689 0.000382448
0.978486 0.0214327
0.9693 0.0286383 0.000412561 0.00128524
0.968832 0.0310561
0.95933 0.040078 0.000437072
0.956034 0.0438324
0.940959 0.05894
0.92392 0.0759921
0.917675 0.0805692 0.000122821 8.21147e-05 0.00151791
0.902594 0.0973239
0.883324 0.116146 0.000447752
0.862708 0.137156 0.000107333
0.83953 0.160467
0.82828 0.171525
0.82655 0.173339 0.000110471
0.793957 0.20604
0.795188 0.204812
0.770126 0.229874
0.774762 0.22502
0.764104 0.235896
0.77918 0.220816
0.756487 0.24338 0.00011426
0.763758 0.236209 3.12548e-05 1.83137e-06
0.744331 0.255463 0.000164795
0.247636 0.752363
0.745525 0.254475
0.763624 0.236209 0.000143925
0.762486 0.237512
0.741983 0.257784 0.000199375
0.738013 0.261987
0.759183 0.240812
0.748514 0.251486
0.747348 0.252651
0.250311 0.749176 0.00043383 7.98623e-05
0.756177 0.243811
0.765794 0.234202
0.748688 0.251292
0.757642 0.242345
0.732851 0.267146
0.740601 0.2592
0.75549 0.244066
0.763652 0.234522 0.000224897 0.000879097 0.000151131 0.00014749 0.000339107
0.746061 0.253691 0.000169974
0.755716 0.24423 1.36388e-05 8.06341e-06 8.71152e-06 1.58584e-05
0.242151 0.757773
0.751976 0.247919
0.746053 0.253932
0.75833 0.241666
0.764052 0.235902
0.757131 0.242719
0.761949 0.238051
0.727815 0.272038
0.752998 0.246974
0.745763 0.254186
0.745405 0.25459
0.760546 0.239454
0.24721 0.752761
0.758335 0.241663
0.740516 0.259484
0.761501 0.238499
0.761611 0.238389
0.751163 0.24817 0.000604703
0.751548 0.247691 0.00075995
0.756916 0.24192 0.000582299 0.00045008
0.755956 0.243102 3.01486e-05 0.000391193
0.257704 0.741889 0.000172569
0.741687 0.258313
0.753632 0.246293
0.248627 0.751029 0.000118622 5.74325e-05 9.87309e-05
0.256108 0.74249 9.42469e-05 0.0013029
0.742051 0.254845 0.000615133 0.00238238
0.753681 0.242195 0.00102508 0.00309669
0.761964 0.234798 0.00213286 0.00104606
0.756471 0.232589 0.00724843 0.00313227 0.000490941
0.759914 0.238631 0.0014478 1.40713e-06
0.758447 0.238678 0.00275736 0.000118058
0.754407 0.244676 0.000916251
0.748574 0.249417 0.00189498
0.747915 0.248433 0.00346536
0.756106 0.241417 0.00244437 3.11225e-05 1.07767e-06
0.75803 0.238123 0.00379924 3.064e-05 7.22758e-06 9.06188e-06
0.767291 0.225784 0.00692336
0.743104 0.249483 0.006492 0.00084865
0.743123 0.249223 0.00690764 0.000232204 1.14014e-05 0.000354828
0.733281 0.253188 0.012594 0.000695721 0.000236633
0.727103 0.253298 0.019588
0.722613 0.250989 0.0262447 0.000154107
0.70463 0.260166 0.0350113 0.000192335
0.704373 0.245176 0.0504516
0.689328 0.252386 0.0582654
0.688092 0.243256 0.0686471
0.656173 0.245029 0.0987889
0.638693 0.244561 0.116733
0.618749 0.140767 0.240142 0.000292105
0.596417 0.162653 0.240725 0.000200884
0.573711 0.182829 0.243391 2.73531e-05 1.5053e-05
0.544054 0.219272 0.23623 0.000303965 0.00013978
0.53323 0.242831 0.223939
0.526392 0.253342 0.220266
0.4926 0.246977 0.260387
0.504481 0.246679 0.24884
0.50559 0.258771 0.23564
0.506957 0.231565 0.261478
0.493729 0.234994 0.271276
0.517884 0.285748 0.196357
0.259932 0.529537 0.209953 0.000137155 0.000358495
0.510215 0.231187 0.257664 0.00090863
0.47399 0.252125 0.273821
0.512134 0.239096 0.248643
0.52174 0.242306 0.235717 9.59599e-05
0.509591 0.252073 0.237889 0.00024429 0.000126143
0.505895 0.243241 0.250208 0.000584158
0.503298 0.245068 0.251541 6.12469e-05
0.258838 0.494638 0.24472 0.00149698 0.00030282 4.23693e-06
0.471103 0.26204 0.266852
0.999898 9.64113e-05
0.999988
0.999927
0.999727 0.000165576
1
0.999784
0.999846
1
0.999633
0.999465 0.000161211 0.000102193 0.000248725
0.998994 0.00088401
0.998798 0.00119718
0.998521 0.00147059
0.999999
1
0.999948
1
1
0.999983
0.999857
1
0.999674
0.999954
0.999999
1
1
1
0.999805
0.999997
0.99947
0.999478 0.000522172
0.999892
0.999981
0.99993
0.999922
0.99934
0.999652
0.999634 0.000364676
0.999998
0.999698 0.000270313
0.999994
0.99972
0.9999
0.999996
1
1
1
1
1
1
0.999997
0.999504 0.000281025 8.88103e-05 2.85417e-05 9.75937e-05
0.999843
0.999996
1
1
0.999364
0.999751
0.999994
0.999764
0.999988
0.999999
0.999757
0.999999
0.999999
0.999719 0.00027021
0.999907
0.999965
1
0.999988
1
1
0.999433 0.000565742
0.99974 0.000259698
1
0.999945
0.999899
0.99979 0.000209613
1
0.999996
1
0.999937 6.23368e-05
1
1
0.999995
0.999994
0.999981
0.999998
1
0.999991
1
1
0.999999
1
1
1
1
1
0.999872
0.999994
0.999981
0.999998
0.999974
1
0.999983
0.999997
0.999999
1
0.999977
0.999793
0.999973
0.998778
0.999918
0.999998
1
0.999991
0.999998
0.999508 0.000176326
0.999467
0.999904
0.999997
0.99978 0.000197962
0.999251 0.000706261
0.999566
0.999986
0.999643 0.000284774
0.999992
0.999123 0.000778081
0.999812 1.82687e-05 9.09931e-05 1.19254e-05 3.78585e-05
0.999963
0.999366 0.000581459
0.999999
1
0.998869 0.00104964
0.99953 0.000469293
0.999988
0.999722 0.000276556
1
0.999908
1
0.999893
1
0.999372 0.000300689 0.000231817
0.999597
0.999764
0.999645
1
