TIMESTAMP        work-RQ          work-RD          work-WR          
1518789499 4095660 19131867535 11502560757
1518789509 4095744 19133680253 11505527775
1518789519 4095794 19134772691 11505535411
1518789530 4095840 19134783391 11505543038
1518789540 4095888 19134794091 11505550664
1518789552 4095936 19134804791 11505558291
1518789562 4095984 19134815491 11505565918
1518789572 4096032 19134826193 11505573546
1518789582 4096080 19134836895 11505581174
1518789592 4096128 19134847597 11505588802
1518789602 4096176 19134858299 11505596430
1518789612 4096224 19134869001 11505604058
1518789623 4096272 19134879703 11505611686
1518789633 4096322 19134890405 11505619314
1518789643 4096370 19134901107 11505626942
1518789653 4096418 19134911809 11505634570
1518789664 4096466 19134922511 11505642198
1518789674 4096512 19134933213 11505649826
1518789684 4096560 19134943915 11505657465
1518789694 4096608 19134954617 11505665093
1518789704 4096656 19134965319 11505672721
1518789715 4096704 19134976023 11505680350
1518789725 4096752 19134986727 11505687979
1518789735 4096800 19134997431 11505695608
1518789745 4096848 19135008135 11505703237
1518789755 4096896 19135018839 11505710866
1518789766 4096944 19135029543 11505718495
1518789776 4096992 19135040247 11505726124
1518789786 4097040 19135050951 11505733753
1518789796 4097088 19135061655 11505741382
1518789806 4097136 19135072359 11505749011
1518789816 4097184 19135083063 11505756640
1518789826 4097232 19135093767 11505764269
1518789837 4097280 19135104471 11505771898
1518789847 4097366 19135115175 11515669745
1518789857 4097414 19135125879 11539941562
1518789867 4097460 19135136583 11565443622
1518789877 4097506 19135147287 11591205893
1518789887 4097552 19135157991 11615696523
1518789897 4097600 19135168695 11641347766
1518789908 4097648 19135179399 11666474445
1518789918 4097697 19135190103 11691275790
1518789928 4097745 19135200807 11716759991
1518789938 4097793 19135211511 11742869381
1518789948 4097841 19135222215 11768836988
1518789958 4097889 19135232919 11795663771
1518789968 4097937 19135243623 11822920696
1518789979 4097985 19135254327 11849247592
1518789989 4098035 19135265031 11874560875
1518789999 4098083 19135275735 11900671423
1518790009 4098131 19135286439 11927502859
1518790019 4098183 19135297143 11953779763
1518790029 4098229 19135307847 11980097105
1518790039 4098275 19135318551 12006194527
1518790050 4098321 19135329255 12031802150
1518790060 4098369 19135339959 12057649507
1518790070 4098417 19135350663 12083832330
1518790080 4098471 19135361367 12109122110
1518790090 4098517 19135372071 12135598554
1518790100 4098563 19135382775 12159005307
1518790110 4098609 19135393479 12182341989
1518790121 4098663 19135404183 12206098350
1518790131 4098709 19135414887 12229172114
1518790141 4098755 19135425591 12253108828
1518790151 4098801 19135436295 12275752428
1518790161 4098855 19135446999 12299184224
1518790171 4098901 19135457703 12322082476
1518790181 4098970 19137729123 12329462535
1518790192 4099022 19141040800 12329470164
1518790202 4099070 19144336095 12329477793
1518790212 4099118 19147639581 12329485422
1518790222 4099166 19150934876 12329493051
1518790232 4099214 19154230171 12329500680
1518790242 4099262 19157533657 12329508309
1518790253 4099308 19160812570 12329515938
1518790263 4099354 19164083294 12329523568
1518790273 4099400 19167321254 12329531198
1518790283 4099448 19170641124 12329538828
1518790293 4099496 19173838129 12329546458
1518790303 4099544 19177198954 12329554088
1518790313 4099592 19180518824 12329561718
1518790324 4099640 19183838694 12329569348
1518790334 4099688 19187183137 12329576978
1518790344 4099736 19190478434 12329584608
1518790354 4099784 19193773731 12329592238
1518790364 4099832 19197069028 12329599868
1518790374 4099880 19200356134 12329607498
1518790385 4099928 19203618667 12329615128
1518790395 4099976 19206905773 12329622758
1518790405 4100024 19209873430 12329630388
1518790415 4100072 19212898424 12329638018
1518790425 4100120 19215574502 12329645711
1518790435 4100168 19215585208 12329653341
1518790445 4100216 19215595914 12329660971
1518790456 4100264 19215606620 12329668601
1518790466 4100312 19215617326 12329676231
1518790476 4100360 19215628032 12329683861
1518790486 4100408 19215638738 12329691491
1518790496 4100456 19215649444 12329699121
1518790506 4100504 19215660150 12329706751
1518790516 4100552 19215670856 12329714381
1518790527 4100600 19215681562 12329722011
1518790537 4100648 19215692268 12329729641
1518790547 4100696 19215702974 12329737271
1518790557 4100744 19215713680 12329744901
1518790567 4100794 19215724386 12329752531
1518790578 4100842 19215735092 12329760161
1518790588 4100890 19215745798 12329767791
1518790598 4100938 19215756504 12329775421
1518790608 4100984 19215767210 12329783051
1518790618 4101032 19215777916 12329790681
1518790628 4101080 19215788622 12329798311
1518790638 4101128 19215799328 12329805941
1518790649 4101176 19215810034 12329813571
1518790659 4101224 19215820740 12329821201
1518790669 4101272 19215831446 12329828831
1518790679 4101320 19215842152 12329836461
1518790689 4101374 19215852858 12329844091
1518790699 4101422 19215863564 12329851721
1518790709 4101471 19215874270 12329859351
1518790720 4101519 19215884976 12329866981
1518790730 4101567 19215895682 12329874611
1518790740 4101615 19215906388 12329882241
1518790750 4101663 19215917094 12329889871
1518790760 4101711 19215927800 12329897501
1518790770 4101759 19215938506 12329905131
1518790780 4101807 19215949212 12329912761
1518790791 4101855 19215959918 12329920391
1518790801 4101903 19215970624 12329928021
1518790811 4101951 19215981330 12329935651
1518790821 4101999 19215992036 12329943281
1518790831 4102047 19216002742 12329950911
1518790841 4102095 19216013448 12329958541
1518790851 4102143 19216024154 12329966171
1518790862 4102191 19216034860 12329973801
1518790872 4102239 19216045566 12329981431
1518790882 4102287 19216056272 12329989061
1518790892 4102335 19216066978 12329996691
1518790902 4102383 19216077684 12330004321
1518790912 4102431 19216088390 12330011951
1518790922 4102479 19216099096 12330019581
1518790933 4102527 19216109802 12330027211
1518790943 4102575 19216120508 12330034841
1518790953 4102623 19216131214 12330042471
1518790963 4102672 19216141920 12330050101
1518790973 4102721 19216152626 12330057764
1518790983 4102783 19216349084 12330065446
1518790994 4102831 19216359790 12330073077
1518791004 4102879 19216370496 12330080708
1518791014 4102927 19216381202 12330088339
1518791024 4102975 19216391908 12330095970
1518791034 4103023 19216402614 12330103601
1518791044 4103071 19216413320 12330111250
1518791054 4103117 19216424026 12330118881
1518791065 4103163 19216434732 12330126512
1518791075 4103209 19216445438 12330134143
1518791085 4103257 19216456144 12330141774
1518791095 4103305 19216466850 12330149405
1518791105 4103353 19216477556 12330157036
1518791115 4103401 19216488262 12330164667
1518791125 4103449 19216498968 12330172298
1518791136 4103503 19216509674 12330179947
1518791146 4103551 19216520380 12330187578
1518791156 4103599 19216531086 12330195209
1518791166 4103647 19216541792 12330202840
1518791176 4103695 19216552498 12330210471
1518791186 4103743 19216563204 12330218102
1518791196 4103791 19216573910 12330225733
1518791207 4103839 19216584616 12330233364
1518791217 4103885 19216595322 12330240995
1518791227 4103931 19216606028 12330248626
1518791237 4103979 19216616734 12330256257
1518791247 4104025 19216627440 12330263888
1518791257 4104073 19216638146 12330271537
1518791268 4104121 19216648852 12330279168
1518791278 4104169 19216659558 12330286799
1518791288 4104217 19216670264 12330294430
1518791298 4104271 19216680970 12330302061
1518791308 4104319 19216691676 12330309692
1518791318 4104367 19216702382 12330317323
1518791328 4104415 19216713088 12330324954
1518791339 4104463 19216723794 12330332585
1518791349 4104511 19216734500 12330340216
1518791359 4104557 19216745206 12330347847
1518791369 4104603 19216755912 12330355478
1518791379 4104651 19216766618 12330363109
1518791389 4104697 19216777324 12330370740
1518791400 4104745 19216788030 12330378371
1518791410 4104793 19216798736 12330386020
1518791420 4104841 19216809442 12330393651
1518791430 4104889 19216820148 12330401282
1518791440 4104937 19216830854 12330408913
1518791450 4104985 19216841560 12330416544
1518791460 4105033 19216852266 12330424175
1518791471 4105081 19216862972 12330431806
1518791481 4105129 19216873678 12330439437
1518791491 4105177 19216884384 12330447068
1518791501 4105225 19216895090 12330454699
1518791511 4105273 19216905796 12330462330
1518791521 4105321 19216916502 12330469961
1518791531 4105369 19216927208 12330477592
1518791542 4105417 19216937914 12330485223
1518791552 4105465 19216948620 12330492854
1518791562 4105513 19216959326 12330500485
1518791572 4105567 19216970032 12330508116
1518791582 4105615 19216980738 12330515747
1518791592 4105663 19216991444 12330523378
1518791602 4105711 19217002150 12330531009
1518791613 4105759 19217012856 12330538658
1518791623 4105807 19217023562 12330546289
1518791633 4105855 19217034268 12330553920
1518791643 4105903 19217044974 12330561551
1518791653 4105951 19217055680 12330569182
1518791663 4105999 19217066386 12330576813
1518791674 4106047 19217077092 12330584444
1518791684 4106095 19217087798 12330592075
1518791694 4106143 19217098504 12330599706
1518791704 4106191 19217109210 12330607337
1518791714 4106239 19217119916 12330614968
1518791724 4106287 19217130622 12330622599
1518791734 4106335 19217141328 12330630230
1518791745 4106383 19217152034 12330637861
1518791755 4106431 19217162740 12330645492
1518791765 4106479 19217173446 12330653123
1518791775 4106527 19217184152 12330660754
1518791785 4106575 19217194858 12330668385
1518791796 4106623 19217205564 12330676016
1518791806 4106671 19217216270 12330683647
1518791816 4106719 19217226976 12330691278
1518791826 4106767 19217237682 12330698908
1518791836 4106813 19217248388 12330706539
1518791846 4106859 19217259094 12330714170
1518791856 4106907 19217269800 12330721819
1518791867 4106953 19217280506 12330729450
1518791877 4107001 19217291212 12330737081
1518791887 4107049 19217301918 12330744712
1518791897 4107097 19217312624 12330752343
1518791907 4107151 19217323330 12330759974
1518791917 4107199 19217334036 12330767605
1518791928 4107247 19217344742 12330775236
1518791938 4107295 19217355448 12330782867
1518791948 4107343 19217366154 12330790498
1518791958 4107391 19217376860 12330798129
1518791968 4107439 19217387566 12330805760
1518791978 4107487 19217398272 12330813391
1518791988 4107535 19217408978 12330821022
1518791999 4107583 19217419684 12330828653
1518792009 4107631 19217430390 12330836284
1518792019 4107679 19217441096 12330843915
1518792029 4107727 19217451802 12330851546
1518792039 4107775 19217462508 12330859177
1518792049 4107823 19217473214 12330866808
1518792059 4107871 19217483920 12330874439
1518792070 4107917 19217494626 12330882070
1518792080 4107963 19217505332 12330889701
1518792090 4108011 19217516038 12330897332
1518792100 4108057 19217526744 12330904962
1518792110 4108105 19217537450 12330912593
1518792120 4108153 19217548156 12330920224
1518792130 4108207 19217558862 12330927855
1518792141 4108255 19217569568 12330935486
1518792151 4108303 19217580274 12330943117
1518792161 4108351 19217590980 12330950748
1518792171 4108399 19217601686 12330958379
1518792181 4108447 19217612392 12330966010
1518792191 4108495 19217623098 12330973641
1518792202 4108543 19217633804 12330981272
1518792212 4108591 19217644510 12330988903
1518792222 4108639 19217655216 12330996552
1518792232 4108685 19217665922 12331004183
1518792242 4108731 19217676628 12331011814
1518792252 4108780 19217687334 12331019445
1518792262 4108826 19217698040 12331027076
1518792273 4108874 19217708746 12331034707
1518792283 4108922 19217719454 12331042339
1518792293 4108970 19217730162 12331049971
1518792303 4109018 19217740870 12331057603
1518792313 4109066 19217751578 12331065235
1518792323 4109114 19217762286 12331072867
1518792334 4109162 19217772994 12331080499
1518792344 4109210 19217783702 12331088131
1518792354 4109258 19217794410 12331095763
1518792364 4109306 19217805118 12331103395
1518792374 4109354 19217815826 12331111027
1518792384 4109402 19217826534 12331118659
1518792394 4109450 19217837242 12331126291
1518792405 4109498 19217847950 12331133923
1518792415 4109546 19217858658 12331141555
1518792425 4109594 19217869366 12331149187
1518792435 4109642 19217880074 12331156819
1518792445 4109690 19217890782 12331164451
1518792455 4109738 19217901490 12331172083
1518792465 4109792 19217912198 12331179715
1518792476 4109840 19217922906 12331187347
1518792486 4109888 19217933614 12331194979
1518792496 4109936 19217944322 12331202611
1518792506 4109984 19217955030 12331210243
1518792516 4110032 19217965738 12331217875
1518792526 4110080 19217976446 12331225507
1518792536 4110128 19217987154 12331233139
1518792547 4110176 19217997862 12331240771
1518792557 4110224 19218008570 12331248403
1518792567 4110272 19218019278 12331256035
1518792577 4110320 19218029986 12331263667
1518792587 4110368 19218040694 12331271299
1518792597 4110414 19218051402 12331278931
1518792607 4110460 19218062110 12331286563
1518792618 4110508 19218072818 12331294214
1518792628 4110555 19218083526 12331301846
1518792638 4110603 19218094234 12331309478
1518792648 4110651 19218104942 12331317110
1518792658 4110699 19218115650 12331324742
1518792668 4110747 19218126358 12331332374
1518792679 4110795 19218137066 12331340006
1518792689 4110843 19218147774 12331347638
1518792699 4110891 19218158482 12331355270
1518792709 4110939 19218169190 12331362902
1518792719 4110987 19218179898 12331370534
1518792729 4111035 19218190606 12331378166
1518792739 4111083 19218201314 12331385798
1518792750 4111131 19218212022 12331393430
1518792760 4111179 19218222730 12331401062
1518792770 4111227 19218233438 12331408694
1518792780 4111275 19218244146 12331416326
1518792790 4111323 19218254854 12331423958
1518792800 4111371 19218265562 12331431590
1518792810 4111419 19218276270 12331439222
1518792821 4111467 19218286978 12331446854
1518792831 4111515 19218297686 12331454486
1518792841 4111563 19218308394 12331462118
1518792851 4111611 19218319102 12331469750
1518792861 4111659 19218329810 12331477382
1518792871 4111707 19218340518 12331485014
1518792882 4111755 19218351226 12331492646
1518792892 4111803 19218361934 12331500278
1518792902 4111851 19218372642 12331507910
1518792912 4111899 19218383350 12331515542
1518792922 4111947 19218394058 12331523174
1518792932 4111995 19218404766 12331530806
1518792942 4112043 19218415474 12331538438
1518792953 4112091 19218426182 12331546070
1518792963 4112139 19218436890 12331553701
1518792973 4112189 19218447598 12331561333
1518792983 4112237 19218458306 12331568965
1518792993 4112285 19218469014 12331576597
1518793003 4112332 19218479722 12331584248
1518793014 4112380 19218490430 12331591880
1518793024 4112428 19218501138 12331599512
1518793034 4112476 19218511846 12331607144
1518793044 4112524 19218522554 12331614776
1518793054 4112572 19218533262 12331622408
1518793064 4112620 19218543970 12331630040
1518793074 4112668 19218554678 12331637672
1518793085 4112716 19218565386 12331645304
1518793095 4112764 19218576094 12331652936
1518793105 4112812 19218586802 12331660568
1518793115 4112860 19218597510 12331668200
1518793125 4112908 19218608218 12331675832
1518793135 4112956 19218618926 12331683464
1518793145 4113004 19218629634 12331691096
1518793156 4113052 19218640342 12331698728
1518793166 4113100 19218651050 12331706360
1518793176 4113148 19218661758 12331713992
1518793186 4113196 19218672466 12331721624
1518793196 4113244 19218683174 12331729256
1518793206 4113292 19218693882 12331736888
1518793217 4113340 19218704590 12331744520
1518793227 4113389 19218715298 12331752152
1518793237 4113437 19218726006 12331759784
1518793247 4113485 19218736714 12331767416
1518793257 4113533 19218747422 12331775048
1518793268 4113581 19218758130 12331782680
1518793278 4113629 19218768838 12331790312
1518793288 4113677 19218779546 12331797944
1518793298 4113725 19218790254 12331805576
1518793308 4113773 19218800962 12331813208
1518793318 4113821 19218811670 12331820840
1518793328 4113871 19218822378 12331828472
1518793339 4113919 19218833086 12331836104
1518793349 4113967 19218843794 12331843736
1518793359 4114015 19218854502 12331851368
1518793369 4114062 19218865210 12331859000
1518793379 4114110 19218875918 12331866632
1518793389 4114158 19218886626 12331874264
1518793400 4114208 19218897334 12331881896
1518793410 4114263 19218908042 12331889547
1518793420 4114311 19218918750 12331897179
1518793430 4114359 19218929458 12331904811
1518793440 4114407 19218940166 12331912443
1518793450 4114455 19218950874 12331920075
1518793460 4114503 19218961582 12331927707
1518793471 4114551 19218972290 12331935339
1518793481 4114599 19218982998 12331942971
1518793491 4114647 19218993706 12331950603
1518793501 4114695 19219004414 12331958235
1518793511 4114743 19219015122 12331965867
1518793521 4114791 19219025830 12331973499
1518793531 4114839 19219036538 12331981131
1518793542 4114887 19219047246 12331988763
1518793552 4114935 19219057954 12331996394
1518793562 4114983 19219068662 12332004026
1518793572 4115031 19219079370 12332011658
1518793582 4115079 19219090078 12332019290
1518793592 4115127 19219100786 12332026922
1518793602 4115175 19219111494 12332034554
1518793613 4115223 19219122202 12332042186
1518793623 4115271 19219132910 12332049818
1518793633 4115319 19219143618 12332057450
1518793643 4115367 19219154326 12332065082
1518793653 4115415 19219165034 12332072714
1518793663 4115463 19219175742 12332080346
1518793673 4115511 19219186450 12332087977
1518793684 4115559 19219197158 12332095609
1518793694 4115607 19219207866 12332103241
1518793704 4115655 19219218574 12332110873
1518793714 4115703 19219229282 12332118505
1518793724 4115751 19219239990 12332126137
1518793734 4115801 19219250698 12332133769
1518793745 4115849 19219261406 12332141401
1518793755 4115897 19219272114 12332149033
1518793765 4115945 19219282822 12332156665
1518793775 4115991 19219293530 12332164297
1518793786 4116039 19219304238 12332171929
1518793796 4116087 19219314946 12332179561
1518793806 4116135 19219325654 12332187193
1518793816 4116183 19219336362 12332194825
1518793826 4116231 19219347070 12332202457
1518793836 4116279 19219357778 12332210108
1518793846 4116327 19219368486 12332217740
1518793857 4116375 19219379194 12332225372
1518793867 4116423 19219389902 12332233004
1518793877 4116471 19219400610 12332240636
1518793887 4116519 19219411318 12332248268
1518793897 4116567 19219422026 12332255900
1518793907 4116615 19219432734 12332263532
1518793917 4116663 19219443442 12332271164
1518793928 4116711 19219454150 12332278796
1518793938 4116759 19219464858 12332286428
1518793948 4116807 19219475566 12332294060
1518793958 4116856 19219486274 12332301692
1518793968 4116905 19219496982 12332309324
1518793978 4116954 19219507690 12332316956
1518793989 4117002 19219518398 12332324588
1518793999 4117050 19219529106 12332332220
1518794009 4117098 19219539814 12332339852
1518794019 4117147 19219550522 12332347484
1518794029 4117195 19219561230 12332355116
1518794039 4117243 19219571938 12332362748
1518794049 4117291 19219582646 12332370380
1518794060 4117340 19219593354 12332378012
1518794070 4117390 19219604062 12332385644
1518794080 4117438 19219614770 12332393276
1518794090 4117487 19219625478 12332400908
1518794100 4117535 19219636186 12332408540
1518794111 4117581 19219646894 12332416172
1518794121 4117630 19219657602 12332423804
1518794131 4117678 19219668310 12332431436
1518794141 4117726 19219679018 12332439068
1518794151 4117774 19219689726 12332446700
1518794161 4117822 19219700434 12332454332
1518794172 4117870 19219711142 12332461964
1518794182 4117918 19219721850 12332469596
1518794192 4117966 19219732558 12332477228
1518794202 4118014 19219743266 12332484860
1518794212 4118062 19219753974 12332492491
1518794222 4118110 19219764682 12332500123
1518794232 4118158 19219775390 12332507755
1518794243 4118206 19219786098 12332515387
1518794253 4118254 19219796806 12332523019
1518794263 4118302 19219807514 12332530651
1518794273 4118350 19219818222 12332538283
1518794283 4118398 19219828930 12332545915
1518794293 4118446 19219839638 12332553547
1518794303 4118494 19219850346 12332561179
1518794314 4118542 19219861054 12332568830
1518794324 4118590 19219871762 12332576462
1518794334 4118638 19219882470 12332584094
1518794344 4118686 19219893178 12332591726
1518794354 4118734 19219903886 12332599358
1518794364 4118782 19219914594 12332606990
1518794375 4118830 19219925302 12332614622
1518794385 4118878 19219936010 12332622254
1518794395 4118926 19219946718 12332629886
1518794405 4118974 19219957426 12332637518
1518794415 4119022 19219968134 12332645150
1518794425 4119070 19219978842 12332652782
1518794435 4119118 19219989550 12332660414
1518794446 4119167 19220000258 12332668046
1518794456 4119218 19220010966 12332675678
1518794466 4119267 19220021674 12332683310
1518794477 4119316 19220032382 12332690942
1518794487 4119363 19220043090 12332698574
1518794497 4119411 19220053798 12332706206
1518794507 4119459 19220064506 12332713838
1518794517 4119508 19220075214 12332721470
1518794527 4119557 19220085922 12332729102
1518794538 4119606 19220096630 12332736734
1518794548 4119655 19220107338 12332744366
1518794558 4119704 19220118046 12332751998
1518794568 4119753 19220128754 12332759630
1518794578 4119802 19220139462 12332767262
1518794588 4119851 19220150170 12332774894
1518794598 4119900 19220160878 12332782526
1518794609 4119949 19220171586 12332790158
1518794619 4119998 19220182294 12332797790
1518794629 4120046 19220193002 12332805422
1518794639 4120094 19220203710 12332813054
1518794649 4120142 19220214418 12332820686
1518794659 4120190 19220225126 12332828318
1518794669 4120238 19220235834 12332835950
1518794680 4120286 19220246542 12332843582
1518794690 4120334 19220257250 12332851214
1518794700 4120382 19220267958 12332858846
1518794710 4120430 19220278666 12332866478
1518794720 4120478 19220289374 12332874110
1518794730 4120526 19220300082 12332881742
1518794741 4120574 19220310790 12332889374
1518794751 4120622 19220321498 12332897006
1518794761 4120670 19220332206 12332904638
1518794771 4120718 19220342914 12332912270
1518794781 4120766 19220353622 12332919902
1518794791 4120816 19220364330 12332927534
1518794801 4120864 19220375038 12332935166
1518794812 4120912 19220385746 12332942798
1518794822 4120960 19220396454 12332950449
1518794832 4121006 19220407162 12332958081
1518794842 4121054 19220417870 12332965713
1518794852 4121102 19220428578 12332973345
1518794862 4121150 19220439286 12332980977
1518794873 4121198 19220449994 12332988609
1518794883 4121247 19220460702 12332996241
1518794893 4121295 19220471410 12333003873
1518794903 4121343 19220482118 12333011505
1518794913 4121391 19220492826 12333019137
1518794923 4121439 19220503534 12333026769
1518794933 4121487 19220514242 12333034401
1518794944 4121535 19220524950 12333042033
1518794954 4121583 19220535658 12333049665
1518794964 4121631 19220546366 12333057297
1518794974 4121679 19220557074 12333064929
1518794984 4121727 19220567782 12333072561
1518794995 4121775 19220578490 12333080193
1518795005 4121823 19220589198 12333087825
1518795015 4121871 19220599906 12333095457
1518795025 4121919 19220610614 12333103089
1518795035 4121967 19220621322 12333110721
1518795046 4122015 19220632030 12333118353
1518795056 4122063 19220642738 12333125985
1518795066 4122112 19220653446 12333133617
1518795076 4122161 19220664154 12333141248
1518795086 4122210 19220674862 12333148880
1518795096 4122259 19220685570 12333156512
1518795107 4122308 19220696278 12333164143
1518795117 4122356 19220706986 12333171775
1518795127 4122404 19220717694 12333179407
1518795137 4122452 19220728402 12333187039
1518795147 4122502 19220739110 12333194671
1518795157 4122551 19220749818 12333202303
1518795167 4122600 19220760526 12333209935
1518795178 4122649 19220771234 12333217567
1518795188 4122696 19220781942 12333225199
1518795198 4122744 19220792650 12333232831
1518795208 4122793 19220803358 12333240463
1518795218 4122842 19220814066 12333248095
1518795228 4122891 19220824774 12333255727
1518795238 4122940 19220835482 12333263359
1518795249 4122989 19220846190 12333270991
1518795259 4123037 19220856898 12333278623
1518795269 4123085 19220867606 12333286255
1518795279 4123133 19220878314 12333293887
1518795289 4123181 19220889022 12333301519
1518795299 4123230 19220899730 12333309151
1518795310 4123279 19220910438 12333316783
1518795320 4123328 19220921146 12333324415
1518795330 4123377 19220931854 12333332047
1518795340 4123426 19220942562 12333339679
1518795350 4123475 19220953270 12333347311
1518795360 4123524 19220963978 12333354962
1518795370 4123573 19220974686 12333362594
1518795381 4123622 19220985394 12333370226
1518795391 4123671 19220996102 12333377858
1518795401 4123720 19221006810 12333385490
1518795411 4123769 19221017518 12333393122
1518795421 4123818 19221028226 12333400754
1518795431 4123867 19221038934 12333408386
1518795442 4123916 19221049642 12333416018
1518795452 4123965 19221060350 12333423650
1518795462 4124014 19221071058 12333431282
1518795472 4124063 19221081766 12333438914
1518795482 4124111 19221092474 12333446546
1518795492 4124159 19221103182 12333454178
1518795502 4124207 19221113890 12333461810
1518795513 4124255 19221124598 12333469442
1518795523 4124305 19221135306 12333477074
1518795533 4124353 19221146014 12333484706
1518795543 4124401 19221156722 12333492338
1518795553 4124450 19221167430 12333499970
1518795563 4124496 19221178138 12333507602
1518795574 4124544 19221188846 12333515234
1518795584 4124592 19221199554 12333522865
1518795594 4124640 19221210262 12333530497
1518795604 4124688 19221220970 12333538129
1518795614 4124736 19221231678 12333545761
1518795624 4124784 19221242386 12333553393
1518795634 4124832 19221253094 12333561025
1518795645 4124880 19221263802 12333568657
1518795655 4124928 19221274510 12333576289
1518795665 4124976 19221285218 12333583921
1518795675 4125024 19221295926 12333591553
1518795685 4125072 19221306634 12333599185
1518795695 4125120 19221317342 12333606817
1518795706 4125168 19221328050 12333614449
1518795716 4125216 19221338758 12333622081
1518795726 4125265 19221349466 12333629713
1518795736 4125313 19221360174 12333637345
1518795746 4125361 19221370882 12333644977
1518795756 4125409 19221381590 12333652609
1518795766 4125457 19221392298 12333660241
1518795777 4125506 19221403006 12333667873
1518795787 4125555 19221413714 12333675505
1518795797 4125604 19221424422 12333683137
1518795807 4125653 19221435130 12333690769
1518795817 4125702 19221445838 12333698401
1518795828 4125751 19221456546 12333706033
1518795838 4125800 19221467254 12333713665
1518795848 4125849 19221477962 12333721297
1518795858 4125898 19221488670 12333728929
1518795868 4125947 19221499378 12333736561
1518795878 4125996 19221510086 12333744193
1518795888 4126047 19221520794 12333751825
1518795899 4126096 19221531502 12333759457
1518795909 4126145 19221542210 12333767089
1518795919 4126194 19221552918 12333774740
1518795929 4126241 19221563626 12333782372
1518795939 4126290 19221574334 12333790004
1518795949 4126339 19221585042 12333797636
1518795960 4126388 19221595750 12333805268
1518795970 4126436 19221606458 12333812900
1518795980 4126484 19221617166 12333820532
1518795990 4126532 19221627874 12333828164
1518796000 4126580 19221638582 12333835796
1518796010 4126629 19221649290 12333843428
1518796020 4126678 19221659998 12333851060
1518796031 4126727 19221670706 12333858692
1518796041 4126775 19221681414 12333866324
1518796051 4126823 19221692122 12333873956
1518796061 4126871 19221702830 12333881588
1518796071 4126919 19221713538 12333889220
1518796081 4126967 19221724246 12333896852
1518796092 4127015 19221734954 12333904484
1518796102 4127063 19221745662 12333912116
1518796112 4127111 19221756370 12333919748
1518796122 4127159 19221767078 12333927380
1518796132 4127207 19221777786 12333935012
1518796142 4127255 19221788494 12333942644
1518796152 4127303 19221799202 12333950276
1518796163 4127351 19221809910 12333957908
1518796173 4127399 19221820618 12333965540
1518796183 4127447 19221831326 12333973172
1518796193 4127495 19221842034 12333980804
1518796203 4127543 19221852742 12333988436
1518796213 4127591 19221863450 12333996068
1518796224 4127639 19221874158 12334003700
1518796234 4127687 19221884866 12334011332
1518796244 4127735 19221895574 12334018964
1518796254 4127783 19221906282 12334026596
1518796264 4127833 19221916990 12334034228
1518796274 4127881 19221927698 12334041860
1518796285 4127929 19221938406 12334049492
1518796295 4127977 19221949114 12334057124
1518796305 4128023 19221959822 12334064756
1518796315 4128071 19221970530 12334072388
1518796325 4128119 19221981238 12334080020
1518796336 4128167 19221991946 12334087652
1518796346 4128215 19222002654 12334095284
1518796356 4128263 19222013362 12334102916
1518796366 4128311 19222024070 12334110548
1518796376 4128360 19222034778 12334118180
1518796386 4128409 19222045486 12334125812
1518796397 4128458 19222056194 12334133444
1518796407 4128507 19222066902 12334141076
1518796417 4128556 19222077610 12334148708
1518796427 4128605 19222088318 12334156340
1518796437 4128654 19222099026 12334163972
1518796447 4128703 19222109734 12334171604
1518796458 4128752 19222120442 12334179236
1518796468 4128801 19222131150 12334186868
1518796478 4128850 19222141858 12334194500
1518796488 4128899 19222152566 12334202151
1518796498 4128947 19222163274 12334209783
1518796508 4128995 19222173982 12334217415
1518796519 4129043 19222184690 12334225047
1518796529 4129091 19222195398 12334232679
1518796539 4129140 19222206106 12334240311
1518796549 4129189 19222216814 12334247943
1518796559 4129238 19222227522 12334255575
1518796569 4129287 19222238230 12334263207
1518796580 4129336 19222248938 12334270838
1518796590 4129385 19222259646 12334278470
1518796600 4129436 19222270354 12334286102
1518796610 4129485 19222281062 12334293734
1518796620 4129534 19222291770 12334301366
1518796630 4129583 19222302478 12334308998
1518796640 4129630 19222313186 12334316630
1518796651 4129679 19222323894 12334324262
1518796661 4129728 19222334602 12334331894
1518796671 4129777 19222345310 12334339526
1518796681 4129826 19222356018 12334347158
1518796691 4129875 19222366726 12334354790
1518796701 4129924 19222377434 12334362422
1518796712 4129973 19222388142 12334370054
1518796722 4130022 19222398850 12334377686
1518796732 4130071 19222409558 12334385318
1518796742 4130120 19222420266 12334392950
1518796752 4130169 19222430974 12334400582
1518796762 4130218 19222441682 12334408214
1518796772 4130267 19222452390 12334415846
1518796783 4130316 19222463098 12334423478
1518796793 4130365 19222473806 12334431110
1518796803 4130413 19222484514 12334438742
1518796813 4130461 19222495222 12334446374
1518796823 4130509 19222505930 12334454006
1518796833 4130557 19222516638 12334461638
1518796844 4130605 19222527346 12334469270
1518796854 4130653 19222538054 12334476902
1518796864 4130701 19222548762 12334484534
1518796874 4130749 19222559470 12334492166
1518796884 4130797 19222570178 12334499798
1518796894 4130845 19222580886 12334507430
1518796904 4130893 19222591594 12334515062
1518796915 4130941 19222602302 12334522694
1518796925 4130989 19222613010 12334530326
1518796935 4131037 19222623718 12334537958
1518796945 4131085 19222634426 12334545590
1518796955 4131135 19222645134 12334553222
1518796966 4131183 19222655842 12334560854
1518796976 4131231 19222666550 12334568486
1518796986 4131278 19222677258 12334576118
1518796996 4131326 19222687966 12334583750
1518797006 4131374 19222698674 12334591382
1518797016 4131422 19222709382 12334599014
1518797027 4131470 19222720090 12334606646
1518797037 4131518 19222730798 12334614278
1518797047 4131566 19222741506 12334621910
1518797057 4131614 19222752214 12334629542
1518797067 4131662 19222762922 12334637174
1518797077 4131710 19222773630 12334644806
1518797087 4131758 19222784338 12334652438
1518797098 4131806 19222795046 12334660070
1518797108 4131854 19222805754 12334667721
1518797118 4131902 19222816462 12334675353
1518797128 4131950 19222827170 12334682985
1518797138 4131998 19222837878 12334690617
1518797148 4132046 19222848586 12334698249
1518797159 4132094 19222859294 12334705881
1518797169 4132142 19222870002 12334713513
1518797179 4132190 19222880710 12334721145
1518797189 4132238 19222891418 12334728777
1518797199 4132286 19222902126 12334736409
1518797209 4132334 19222912836 12334744041
1518797219 4132382 19222923546 12334751674
1518797230 4132430 19222934256 12334759307
1518797240 4132478 19222944966 12334766940
1518797250 4132526 19222955676 12334774573
1518797260 4132574 19222966386 12334782206
1518797270 4132622 19222977096 12334789839
1518797280 4132671 19222987806 12334797472
1518797291 4132720 19222998516 12334805105
1518797301 4132771 19223009226 12334812738
1518797311 4132827 19223019936 12334820371
1518797321 4132876 19223030646 12334828004
1518797331 4132927 19223041356 12334835637
1518797341 4132976 19223052066 12334843270
1518797351 4133025 19223062776 12334850903
1518797362 4133074 19223073486 12334858536
1518797372 4133121 19223084196 12334866169
1518797382 4133170 19223094906 12334873802
1518797392 4133219 19223105616 12334881435
1518797402 4133268 19223116326 12334889068
1518797412 4133317 19223127036 12334896701
1518797423 4133366 19223137746 12334904334
1518797433 4133415 19223148456 12334911967
1518797443 4133464 19223159166 12334919600
1518797453 4133513 19223169876 12334927233
1518797463 4133562 19223180586 12334934866
1518797473 4133611 19223191296 12334942499
1518797484 4133660 19223202006 12334950132
1518797494 4133709 19223212716 12334957765
1518797504 4133758 19223223426 12334965398
1518797514 4133807 19223234136 12334973031
1518797524 4133856 19223244846 12334980664
1518797534 4133904 19223255556 12334988297
1518797544 4133952 19223266266 12334995930
1518797555 4134000 19223276976 12335003563
1518797565 4134048 19223287686 12335011196
1518797575 4134097 19223298396 12335018829
1518797585 4134146 19223309106 12335026462
1518797595 4134195 19223319816 12335034095
1518797605 4134243 19223330526 12335041728
1518797616 4134291 19223341236 12335049361
1518797626 4134339 19223351946 12335056994
1518797636 4134387 19223362656 12335064627
1518797646 4134436 19223373366 12335072260
1518797656 4134485 19223384076 12335079893
1518797666 4134534 19223394786 12335087526
1518797676 4134582 19223405496 12335095159
1518797687 4134631 19223416206 12335102792
1518797697 4134680 19223426916 12335110425
1518797707 4134731 19223437626 12335118058
1518797717 4134780 19223448336 12335125691
1518797727 4134829 19223459046 12335133324
1518797737 4134878 19223469756 12335140957
1518797748 4134927 19223480466 12335148608
1518797758 4134975 19223491176 12335156241
1518797768 4135023 19223501886 12335163874
1518797778 4135071 19223512596 12335171507
1518797788 4135119 19223523306 12335179140
1518797798 4135167 19223534016 12335186773
1518797809 4135215 19223544726 12335194406
1518797819 4135263 19223555436 12335202039
1518797829 4135311 19223566146 12335209672
1518797839 4135359 19223576856 12335217305
1518797849 4135407 19223587566 12335224938
1518797859 4135455 19223598276 12335232571
1518797870 4135503 19223608986 12335240204
1518797880 4135551 19223619696 12335247837
1518797890 4135599 19223630406 12335255470
1518797901 4135647 19223641116 12335263103
1518797911 4135695 19223651826 12335270738
1518797921 4135743 19223662536 12335278371
1518797931 4135791 19223673246 12335286004
1518797942 4135839 19223683956 12335293637
1518797952 4135887 19223694666 12335301270
1518797962 4135935 19223705376 12335308903
1518797972 4135983 19223716086 12335316536
1518797982 4136031 19223726796 12335324169
1518797992 4136079 19223737506 12335331802
1518798002 4136129 19223748216 12335339435
1518798013 4136177 19223758926 12335347068
1518798023 4136225 19223769636 12335354701
1518798033 4136273 19223780346 12335362334
1518798043 4136319 19223791056 12335369967
1518798053 4136367 19223801766 12335377600
1518798063 4136415 19223812476 12335385233
1518798074 4136463 19223823186 12335392866
1518798084 4136511 19223833896 12335400499
1518798094 4136559 19223844606 12335408132
1518798104 4136607 19223855316 12335415765
1518798114 4136655 19223866026 12335423398
1518798124 4136703 19223876736 12335431031
1518798135 4136751 19223887446 12335438664
1518798145 4136799 19223898156 12335446297
1518798155 4136847 19223908866 12335453930
1518798165 4136895 19223919576 12335461563
1518798175 4136943 19223930286 12335469196
1518798185 4136991 19223940996 12335476829
1518798196 4137039 19223951706 12335484462
1518798206 4137087 19223962416 12335492095
1518798216 4137135 19223973126 12335499728
1518798226 4137183 19223983836 12335507361
1518798237 4137231 19223994546 12335514994
1518798247 4137279 19224005256 12335522627
1518798257 4137327 19224015966 12335530260
1518798267 4137375 19224026676 12335537893
1518798277 4137423 19224037386 12335545526
1518798287 4137471 19224048096 12335553159
1518798298 4137519 19224058806 12335560792
1518798308 4137567 19224069516 12335568425
1518798318 4137615 19224080226 12335576058
1518798328 4137666 19224090936 12335583691
1518798338 4137714 19224101646 12335591324
1518798348 4137762 19224112356 12335598957
1518798359 4137808 19224123066 12335606590
1518798369 4137856 19224133776 12335614223
1518798379 4137904 19224144486 12335621856
1518798389 4137952 19224155196 12335629489
1518798399 4138000 19224165906 12335637122
1518798409 4138048 19224176616 12335644755
1518798420 4138096 19224187326 12335652388
1518798430 4138144 19224198036 12335660021
1518798440 4138192 19224208746 12335667654
1518798450 4138240 19224219456 12335675287
1518798460 4138288 19224230166 12335682920
1518798470 4138336 19224240876 12335690553
1518798480 4138384 19224251586 12335698186
1518798491 4138432 19224262296 12335705819
1518798501 4138480 19224273006 12335713452
1518798511 4138528 19224283716 12335721103
1518798521 4138576 19224294426 12335728736
1518798531 4138624 19224305136 12335736369
1518798541 4138672 19224315846 12335744002
1518798552 4138720 19224326556 12335751635
1518798562 4138768 19224337266 12335759268
1518798572 4138816 19224347976 12335766901
1518798582 4138864 19224358686 12335774534
1518798592 4138912 19224369396 12335782167
1518798602 4138960 19224380106 12335789800
1518798613 4139008 19224390816 12335797433
1518798623 4139056 19224401526 12335805066
1518798633 4139104 19224412236 12335812699
1518798643 4139152 19224422946 12335820332
1518798653 4139200 19224433656 12335827965
1518798663 4139248 19224444366 12335835598
1518798673 4139296 19224455076 12335843231
1518798684 4139344 19224465786 12335850864
1518798694 4139394 19224476496 12335858497
1518798704 4139442 19224487206 12335866130
1518798714 4139490 19224497916 12335873763
1518798724 4139538 19224508626 12335881396
1518798734 4139584 19224519336 12335889029
1518798745 4139632 19224530046 12335896662
1518798755 4139680 19224540756 12335904295
1518798765 4139728 19224551466 12335911928
1518798775 4139776 19224562176 12335919561
1518798785 4139824 19224572886 12335927194
1518798795 4139872 19224583596 12335934827
1518798805 4139920 19224594306 12335942460
1518798816 4139968 19224605016 12335950093
1518798826 4140016 19224615726 12335957726
1518798836 4140064 19224626436 12335965359
1518798846 4140112 19224637146 12335972992
1518798856 4140160 19224647856 12335980625
1518798866 4140208 19224658566 12335988258
1518798877 4140256 19224669276 12335995891
1518798887 4140304 19224679986 12336003524
1518798897 4140352 19224690696 12336011157
1518798907 4140400 19224701406 12336018790
1518798917 4140448 19224712116 12336026423
1518798927 4140496 19224722826 12336034056
1518798938 4140544 19224733536 12336041689
1518798948 4140592 19224744246 12336049322
1518798958 4140640 19224754956 12336056955
1518798968 4140688 19224765666 12336064588
1518798978 4140736 19224776376 12336072221
1518798988 4140784 19224787086 12336079854
1518798998 4140832 19224797796 12336087487
1518799009 4140880 19224808506 12336095120
1518799019 4140928 19224819216 12336102753
1518799029 4140976 19224829926 12336110386
1518799039 4141024 19224840636 12336118019
1518799049 4141072 19224851346 12336125652
1518799059 4141122 19224862056 12336133285
1518799070 4141170 19224872766 12336140918
1518799080 4141218 19224883476 12336148551
1518799090 4141266 19224894186 12336156184
1518799100 4141313 19224904896 12336163817
1518799110 4141361 19224915606 12336171450
1518799120 4141409 19224926316 12336179083
1518799131 4141457 19224937026 12336186716
1518799141 4141505 19224947736 12336194349
1518799151 4141553 19224958446 12336201982
1518799161 4141601 19224969156 12336209615
1518799171 4141649 19224979866 12336217248
1518799182 4141697 19224990576 12336224881
1518799192 4141745 19225001286 12336232514
1518799202 4141793 19225011996 12336240147
1518799212 4141841 19225022706 12336247780
1518799223 4141889 19225033416 12336255413
1518799233 4141937 19225044126 12336263046
1518799243 4141985 19225054836 12336270679
1518799253 4142033 19225065546 12336278312
1518799263 4142081 19225076256 12336285945
1518799273 4142129 19225086966 12336293578
1518799283 4142177 19225097676 12336301211
1518799294 4142225 19225108386 12336308844
1518799304 4142273 19225119096 12336316477
1518799314 4142321 19225129806 12336324110
1518799324 4142369 19225140516 12336331743
1518799334 4142417 19225151226 12336339376
1518799344 4142465 19225161936 12336347009
1518799355 4142513 19225172646 12336354642
1518799365 4142561 19225183356 12336362275
1518799375 4142609 19225194066 12336369908
1518799385 4142659 19225204776 12336377541
1518799395 4142707 19225215486 12336385174
1518799405 4142755 19225226196 12336392807
1518799415 4142803 19225236906 12336400440
1518799426 4142849 19225247616 12336408073
1518799436 4142897 19225258326 12336415706
1518799446 4142945 19225269036 12336423339
1518799456 4142994 19225279746 12336430991
1518799466 4143042 19225290456 12336438624
1518799476 4143090 19225301166 12336446257
1518799487 4143138 19225311876 12336453890
1518799497 4143186 19225322586 12336461523
1518799507 4143234 19225333296 12336469156
1518799517 4143282 19225344006 12336476789
1518799527 4143330 19225354716 12336484422
1518799537 4143378 19225365426 12336492055
1518799547 4143426 19225376136 12336499688
1518799558 4143474 19225386846 12336507321
1518799568 4143522 19225397556 12336514954
1518799578 4143570 19225408266 12336522587
1518799588 4143618 19225418976 12336530220
1518799598 4143666 19225429686 12336537853
1518799608 4143714 19225440396 12336545486
1518799619 4143762 19225451106 12336553119
1518799629 4143810 19225461816 12336560752
1518799639 4143858 19225472526 12336568385
1518799649 4143906 19225483236 12336576018
1518799659 4143954 19225493946 12336583651
1518799669 4144002 19225504656 12336591284
1518799679 4144050 19225515366 12336598917
1518799690 4144098 19225526076 12336606550
1518799700 4144146 19225536786 12336614183
1518799710 4144194 19225547496 12336621816
1518799720 4144242 19225558206 12336629449
1518799730 4144290 19225568916 12336637082
1518799740 4144338 19225579626 12336644715
1518799751 4144386 19225590336 12336652348
1518799761 4144436 19225601046 12336659981
1518799771 4144484 19225611756 12336667614
1518799781 4144532 19225622466 12336675247
1518799791 4144580 19225633176 12336682880
1518799801 4144626 19225643886 12336690513
1518799812 4144674 19225654596 12336698146
1518799822 4144722 19225665306 12336705779
1518799832 4144770 19225676016 12336713412
1518799842 4144819 19225686726 12336721045
1518799852 4144868 19225697436 12336728678
1518799862 4144917 19225708146 12336736311
1518799872 4144966 19225718856 12336743944
1518799883 4145015 19225729566 12336751577
1518799893 4145064 19225740276 12336759210
1518799903 4145113 19225750986 12336766843
1518799913 4145162 19225761696 12336774476
1518799923 4145211 19225772406 12336782108
1518799933 4145260 19225783116 12336789741
1518799943 4145309 19225793826 12336797374
1518799954 4145358 19225804536 12336805007
1518799964 4145407 19225815246 12336812640
1518799974 4145455 19225825956 12336820273
1518799984 4145503 19225836666 12336827906
1518799994 4145551 19225847376 12336835539
1518800004 4145605 19225858086 12336843172
1518800015 4145653 19225868796 12336850805
1518800025 4145701 19225879506 12336858438
1518800035 4145749 19225890216 12336866071
1518800045 4145797 19225900926 12336873704
1518800055 4145845 19225911636 12336881337
1518800065 4145893 19225922346 12336888970
1518800075 4145941 19225933056 12336896603
1518800086 4145989 19225943766 12336904236
1518800096 4146037 19225954476 12336911869
1518800106 4146085 19225965186 12336919502
1518800116 4146134 19225975896 12336927135
1518800126 4146183 19225986606 12336934768
1518800136 4146232 19225997316 12336942401
1518800147 4146281 19226008026 12336950034
1518800157 4146330 19226018736 12336957667
1518800167 4146379 19226029446 12336965300
1518800177 4146428 19226040156 12336972933
1518800187 4146477 19226050866 12336980566
1518800197 4146526 19226061576 12336988199
1518800207 4146574 19226072286 12336995832
1518800218 4146622 19226082996 12337003465
1518800228 4146670 19226093706 12337011098
1518800238 4146718 19226104416 12337018731
1518800248 4146766 19226115126 12337026364
1518800258 4146814 19226125836 12337033997
1518800268 4146862 19226136546 12337041630
1518800278 4146910 19226147256 12337049263
1518800289 4146958 19226157966 12337056896
1518800299 4147006 19226168676 12337064529
1518800309 4147054 19226179386 12337072162
1518800319 4147102 19226190096 12337079795
1518800329 4147150 19226200806 12337087428
1518800340 4147198 19226211516 12337095061
1518800350 4147246 19226222226 12337102694
1518800360 4147294 19226232936 12337110327
1518800370 4147342 19226243646 12337117960
1518800380 4147390 19226254356 12337125593
1518800390 4147438 19226265066 12337133226
1518800400 4147486 19226275776 12337140859
1518800411 4147534 19226286486 12337148492
1518800421 4147582 19226297196 12337156125
1518800431 4147630 19226307906 12337163758
1518800441 4147678 19226318616 12337171391
1518800451 4147726 19226329326 12337179043
1518800461 4147774 19226340036 12337186676
1518800472 4147822 19226350746 12337194309
1518800482 4147870 19226361456 12337201942
1518800492 4147918 19226372166 12337209575
1518800502 4147966 19226382876 12337217208
1518800512 4148014 19226393586 12337224841
1518800522 4148062 19226404296 12337232474
1518800532 4148110 19226415006 12337240107
1518800543 4148158 19226425716 12337247740
1518800553 4148207 19226436426 12337255373
1518800563 4148256 19226447136 12337263006
1518800573 4148305 19226457846 12337270639
1518800583 4148354 19226468556 12337278272
1518800593 4148403 19226479266 12337285905
1518800603 4148452 19226489976 12337293538
1518800614 4148501 19226500686 12337301171
1518800624 4148550 19226511396 12337308804
1518800634 4148597 19226522106 12337316437
1518800644 4148644 19226532816 12337324070
1518800654 4148693 19226543526 12337331703
1518800664 4148740 19226554236 12337339336
1518800675 4148788 19226564946 12337346969
1518800685 4148836 19226575656 12337354602
1518800695 4148884 19226586366 12337362235
1518800705 4148932 19226597076 12337369868
1518800715 4148980 19226607786 12337377501
1518800725 4149034 19226618496 12337385134
1518800736 4149082 19226629206 12337392767
1518800746 4149130 19226639916 12337400400
1518800756 4149178 19226650626 12337408033
1518800766 4149226 19226661336 12337415666
1518800776 4149274 19226672046 12337423299
1518800786 4149322 19226682756 12337430932
1518800796 4149370 19226693466 12337438565
1518800807 4149418 19226704176 12337446198
1518800817 4149466 19226714886 12337453831
1518800827 4149514 19226725596 12337461464
1518800837 4149562 19226736306 12337469097
1518800847 4149610 19226747016 12337476730
1518800858 4149658 19226757726 12337484363
1518800868 4149706 19226768436 12337491996
1518800878 4149754 19226779146 12337499629
1518800888 4149802 19226789856 12337507262
1518800898 4149850 19226800566 12337514895
1518800908 4149898 19226811276 12337522528
1518800919 4149946 19226821986 12337530161
1518800929 4149994 19226832696 12337537794
1518800939 4150042 19226843406 12337545427
1518800949 4150090 19226854116 12337553060
1518800959 4150138 19226864826 12337560693
1518800969 4150186 19226875536 12337568326
1518800980 4150234 19226886246 12337575959
1518800990 4150282 19226896956 12337583592
1518801000 4150330 19226907666 12337591225
1518801010 4150378 19226918376 12337598858
1518801020 4150426 19226929086 12337606491
1518801030 4150475 19226939796 12337614124
1518801040 4150524 19226950506 12337621757
1518801051 4150573 19226961216 12337629390
1518801061 4150622 19226971926 12337637023
1518801071 4150670 19226982636 12337644656
1518801081 4150718 19226993346 12337652289
1518801091 4150764 19227004056 12337659922
1518801101 4150810 19227014766 12337667555
1518801112 4150858 19227025476 12337675188
1518801122 4150904 19227036186 12337682821
1518801132 4150952 19227046896 12337690454
1518801142 4151000 19227057606 12337698087
1518801152 4151048 19227068316 12337705720
1518801162 4151096 19227079026 12337713353
1518801172 4151150 19227089736 12337720986
1518801183 4151196 19227100446 12337728619
1518801193 4151242 19227111156 12337736252
1518801203 4151292 19227121866 12337743885
1518801213 4151345 19227132576 12337751518
1518801223 4151393 19227143286 12337759151
1518801233 4151441 19227153996 12337766784
1518801244 4151489 19227164706 12337774417
1518801254 4151537 19227175416 12337782050
1518801264 4151585 19227186126 12337789683
1518801274 4151633 19227196836 12337797316
1518801284 4151681 19227207546 12337804949
1518801294 4151729 19227218256 12337812582
1518801304 4151777 19227228966 12337820215
1518801315 4151825 19227239676 12337827848
1518801325 4151873 19227250386 12337835481
1518801335 4151921 19227261096 12337843114
1518801345 4151969 19227271806 12337850747
1518801355 4152017 19227282516 12337858380
1518801365 4152065 19227293226 12337866013
1518801376 4152113 19227303936 12337873646
1518801386 4152161 19227314646 12337881279
1518801396 4152209 19227325356 12337888912
1518801406 4152257 19227336066 12337896545
1518801416 4152305 19227346776 12337904178
1518801426 4152353 19227357486 12337911811
1518801436 4152401 19227368196 12337919444
1518801447 4152449 19227378906 12337927077
1518801457 4152497 19227389616 12337934710
1518801467 4152545 19227400326 12337942343
1518801477 4152600 19227411036 12337949976
1518801487 4152648 19227421746 12337957609
1518801497 4152696 19227432456 12337965242
1518801508 4152744 19227443166 12337972893
1518801518 4152792 19227453876 12337980526
1518801528 4152840 19227464586 12337988159
1518801538 4152888 19227475296 12337995792
1518801548 4152936 19227486006 12338003425
1518801558 4152984 19227496716 12338011058
1518801568 4153032 19227507426 12338018691
1518801579 4153080 19227518136 12338026324
1518801589 4153128 19227528846 12338033957
1518801599 4153176 19227539556 12338041590
1518801609 4153224 19227550266 12338049222
1518801619 4153272 19227560976 12338056855
1518801629 4153320 19227571686 12338064488
1518801640 4153368 19227582396 12338072121
1518801650 4153416 19227593106 12338079754
1518801660 4153464 19227603816 12338087387
1518801670 4153512 19227614526 12338095020
1518801680 4153560 19227625236 12338102653
1518801690 4153609 19227635946 12338110286
1518801701 4153656 19227646656 12338117919
1518801711 4153703 19227657366 12338125552
1518801721 4153752 19227668076 12338133185
1518801731 4153799 19227678786 12338140818
1518801741 4153848 19227689496 12338148451
1518801751 4153897 19227700206 12338156084
1518801761 4153946 19227710916 12338163717
1518801772 4153995 19227721626 12338171350
1518801782 4154050 19227732336 12338178983
1518801792 4154099 19227743046 12338186616
1518801802 4154148 19227753756 12338194249
1518801812 4154197 19227764466 12338201882
1518801822 4154246 19227775176 12338209515
1518801833 4154294 19227785886 12338217148
1518801843 4154342 19227796596 12338224781
1518801853 4154390 19227807306 12338232414
1518801863 4154438 19227818016 12338240047
1518801873 4154486 19227828726 12338247680
1518801883 4154534 19227839436 12338255313
1518801894 4154582 19227850146 12338262946
1518801904 4154630 19227860856 12338270579
1518801914 4154678 19227871566 12338278212
1518801924 4154726 19227882276 12338285845
1518801934 4154774 19227892986 12338293478
1518801944 4154820 19227903696 12338301111
1518801954 4154866 19227914406 12338308744
1518801965 4154914 19227925116 12338316377
1518801975 4154960 19227935826 12338324010
1518801985 4155008 19227946536 12338331643
1518801995 4155056 19227957246 12338339276
1518802005 4155104 19227967956 12338346909
1518802015 4155152 19227978666 12338354542
1518802026 4155200 19227989376 12338362175
1518802036 4155248 19228000086 12338369808
1518802046 4155296 19228010796 12338377441
1518802056 4155344 19228021506 12338385074
1518802066 4155392 19228032216 12338392707
1518802076 4155440 19228042926 12338400340
1518802087 4155488 19228053636 12338407973
1518802097 4155536 19228064346 12338415606
1518802107 4155584 19228075056 12338423239
1518802117 4155632 19228085766 12338430874
1518802127 4155680 19228096476 12338438507
1518802137 4155728 19228107186 12338446140
1518802147 4155776 19228117896 12338453773
1518802158 4155824 19228128606 12338461406
1518802168 4155872 19228139316 12338469039
1518802178 4155920 19228150026 12338476672
1518802188 4155968 19228160736 12338484305
1518802198 4156016 19228171446 12338491938
1518802208 4156064 19228182156 12338499571
1518802219 4156112 19228192866 12338507204
1518802229 4156160 19228203576 12338514837
1518802239 4156208 19228214286 12338522470
1518802249 4156256 19228224996 12338530103
1518802259 4156304 19228235706 12338537736
1518802269 4156353 19228246416 12338545369
1518802279 4156408 19228257126 12338553002
1518802290 4156456 19228267836 12338560635
1518802300 4156503 19228278546 12338568268
1518802310 4156550 19228289256 12338575901
1518802320 4156599 19228299966 12338583534
1518802330 4156646 19228310676 12338591167
1518802340 4156694 19228321386 12338598800
1518802351 4156742 19228332096 12338606433
1518802361 4156796 19228342806 12338614066
1518802371 4156845 19228353516 12338621699
1518802381 4156894 19228364226 12338629332
1518802391 4156943 19228374936 12338636965
1518802401 4156992 19228385646 12338644598
1518802412 4157041 19228396356 12338652231
1518802422 4157090 19228407066 12338659864
1518802433 4157139 19228417776 12338667497
1518802443 4157188 19228428486 12338675130
1518802453 4157237 19228439196 12338682763
1518802463 4157286 19228449906 12338690396
1518802473 4157335 19228460616 12338698029
1518802483 4157384 19228471326 12338705662
1518802493 4157433 19228482036 12338713295
1518802504 4157482 19228492746 12338720928
1518802514 4157530 19228503456 12338728561
1518802524 4157578 19228514166 12338736194
1518802534 4157626 19228524876 12338743827
1518802544 4157674 19228535586 12338751460
1518802554 4157722 19228546296 12338759093
1518802565 4157770 19228557006 12338766726
1518802575 4157818 19228567716 12338774359
1518802585 4157866 19228578426 12338781992
1518802595 4157914 19228589136 12338789625
1518802605 4157962 19228599846 12338797258
1518802615 4158010 19228610556 12338804891
1518802626 4158058 19228621266 12338812524
1518802636 4158108 19228631976 12338820176
1518802646 4158156 19228642686 12338827809
1518802656 4158204 19228653396 12338835442
1518802666 4158252 19228664106 12338843075
1518802676 4158300 19228674816 12338850708
1518802686 4158348 19228685526 12338858341
1518802697 4158396 19228696236 12338865974
1518802707 4158444 19228706946 12338873607
1518802717 4158491 19228717656 12338881240
1518802727 4158538 19228728366 12338888873
1518802737 4158587 19228739076 12338896506
1518802748 4158634 19228749786 12338904139
1518802758 4158682 19228760496 12338911772
1518802768 4158730 19228771206 12338919405
1518802778 4158778 19228781916 12338927038
1518802788 4158826 19228792626 12338934671
1518802799 4158874 19228803336 12338942304
1518802809 4158922 19228814046 12338949937
1518802819 4158970 19228824756 12338957570
1518802829 4159018 19228835466 12338965203
1518802839 4159066 19228846176 12338972836
1518802849 4159114 19228856886 12338980469
1518802860 4159162 19228867596 12338988102
1518802870 4159210 19228878306 12338995735
1518802880 4159258 19228889016 12339003368
1518802890 4159306 19228899726 12339011001
1518802900 4159354 19228910436 12339018634
1518802910 4159402 19228921146 12339026267
1518802920 4159450 19228931856 12339033900
1518802931 4159498 19228942566 12339041533
1518802941 4159546 19228953276 12339049166
1518802951 4159594 19228963986 12339056799
1518802961 4159642 19228974696 12339064432
1518802971 4159690 19228985406 12339072065
1518802981 4159738 19228996116 12339079698
1518802992 4159786 19229006826 12339087331
1518803002 4159834 19229017536 12339094964
1518803012 4159883 19229028246 12339102597
1518803022 4159932 19229038956 12339110230
1518803032 4159981 19229049666 12339117863
1518803042 4160032 19229060376 12339125496
1518803052 4160081 19229071086 12339133129
1518803063 4160130 19229081796 12339140762
1518803073 4160179 19229092506 12339148395
1518803083 4160226 19229103216 12339156028
1518803093 4160275 19229113926 12339163661
1518803103 4160324 19229124636 12339171294
1518803113 4160373 19229135346 12339178927
1518803124 4160422 19229146056 12339186560
1518803134 4160471 19229156766 12339194193
1518803144 4160520 19229167476 12339201826
1518803154 4160569 19229178186 12339209459
1518803164 4160618 19229188896 12339217092
1518803174 4160667 19229199606 12339224725
1518803185 4160716 19229210316 12339232358
1518803195 4160765 19229221026 12339239991
1518803205 4160813 19229231736 12339247624
1518803215 4160861 19229242446 12339255257
1518803225 4160910 19229253156 12339262890
1518803235 4160959 19229263866 12339270523
1518803246 4161008 19229274576 12339278156
1518803256 4161057 19229285286 12339285789
1518803266 4161106 19229295996 12339293422
1518803276 4161155 19229306706 12339301055
1518803286 4161203 19229317416 12339308688
1518803296 4161252 19229328126 12339316321
1518803306 4161301 19229338836 12339323954
1518803317 4161350 19229349546 12339331587
1518803327 4161398 19229360256 12339339220
1518803337 4161447 19229370966 12339346853
1518803347 4161496 19229381676 12339354486
1518803357 4161545 19229392386 12339362119
1518803367 4161594 19229403096 12339369752
1518803378 4161643 19229413806 12339377385
1518803388 4161692 19229424516 12339385018
1518803398 4161741 19229435226 12339392651
1518803408 4161790 19229445936 12339400284
1518803418 4161841 19229456646 12339407917
1518803428 4161890 19229467356 12339415550
1518803438 4161939 19229478066 12339423183
1518803449 4161988 19229488776 12339430816
1518803459 4162035 19229499486 12339438449
1518803469 4162083 19229510196 12339446082
1518803479 4162131 19229520906 12339453715
1518803489 4162179 19229531616 12339461348
1518803500 4162227 19229542326 12339468981
1518803510 4162275 19229553036 12339476614
1518803520 4162323 19229563746 12339484247
1518803530 4162371 19229574456 12339491880
1518803540 4162419 19229585166 12339499513
1518803550 4162467 19229595876 12339507146
1518803560 4162515 19229606586 12339514779
1518803571 4162563 19229617296 12339522412
1518803581 4162611 19229628006 12339530045
1518803591 4162659 19229638716 12339537678
1518803601 4162707 19229649426 12339545311
1518803611 4162755 19229660136 12339552944
1518803621 4162803 19229670846 12339560577
1518803632 4162851 19229681556 12339568210
1518803642 4162899 19229692266 12339575843
1518803652 4162947 19229702976 12339583476
1518803662 4162995 19229713686 12339591109
1518803672 4163043 19229724396 12339598742
1518803682 4163091 19229735106 12339606375
1518803693 4163139 19229745816 12339614008
1518803703 4163187 19229756526 12339621641
1518803713 4163235 19229767236 12339629274
1518803723 4163283 19229777946 12339636907
1518803733 4163331 19229788656 12339644540
1518803743 4163379 19229799366 12339652173
1518803754 4163427 19229810076 12339659806
1518803764 4163475 19229820786 12339667439
1518803774 4163523 19229831496 12339675072
1518803784 4163573 19229842206 12339682705
1518803794 4163621 19229852916 12339690338
1518803804 4163670 19229863626 12339697971
1518803814 4163718 19229874336 12339705604
1518803825 4163764 19229885046 12339713237
1518803835 4163812 19229895756 12339720870
1518803845 4163860 19229906466 12339728503
1518803855 4163908 19229917176 12339736136
1518803865 4163956 19229927886 12339743769
1518803875 4164004 19229938596 12339751402
1518803886 4164052 19229949306 12339759035
1518803896 4164100 19229960016 12339766668
1518803906 4164148 19229970726 12339774301
1518803916 4164196 19229981436 12339781934
1518803926 4164245 19229992146 12339789567
1518803936 4164294 19230002856 12339797200
1518803947 4164343 19230013566 12339804833
1518803957 4164392 19230024276 12339812466
1518803967 4164441 19230034986 12339820118
1518803977 4164490 19230045696 12339827751
1518803987 4164539 19230056406 12339835384
1518803997 4164588 19230067116 12339843017
1518804008 4164637 19230077826 12339850650
1518804018 4164686 19230088536 12339858283
1518804028 4164735 19230099246 12339865916
1518804038 4164784 19230109956 12339873549
1518804048 4164833 19230120666 12339881182
1518804058 4164882 19230131376 12339888815
1518804068 4164931 19230142086 12339896448
1518804079 4164980 19230152796 12339904081
1518804089 4165029 19230163506 12339911714
1518804099 4165078 19230174216 12339919347
1518804109 4165127 19230184926 12339926980
1518804119 4165176 19230195636 12339934613
1518804129 4165225 19230206346 12339942246
1518804140 4165276 19230217056 12339949879
1518804150 4165325 19230227766 12339957512
1518804160 4165374 19230238476 12339965145
1518804170 4165423 19230249186 12339972778
1518804180 4165470 19230259896 12339980411
1518804190 4165518 19230270606 12339988044
1518804201 4165566 19230281316 12339995677
1518804211 4165614 19230292026 12340003310
1518804221 4165662 19230302736 12340010943
1518804231 4165710 19230313446 12340018576
1518804241 4165758 19230324156 12340026209
1518804251 4165806 19230334866 12340033842
1518804262 4165854 19230345576 12340041475
1518804272 4165903 19230356286 12340049108
1518804282 4165952 19230366996 12340056741
1518804292 4166001 19230377706 12340064374
1518804302 4166049 19230388416 12340072007
1518804312 4166097 19230399126 12340079640
1518804323 4166145 19230409836 12340087273
1518804333 4166193 19230420546 12340094906
1518804343 4166241 19230431256 12340102539
1518804353 4166289 19230441966 12340110172
1518804364 4166337 19230452676 12340117805
1518804374 4166385 19230463386 12340125438
1518804384 4166433 19230474096 12340133071
1518804394 4166481 19230484806 12340140704
1518804404 4166530 19230495516 12340148337
1518804414 4166578 19230506226 12340155970
1518804425 4166626 19230516936 12340163603
1518804435 4166674 19230527646 12340171236
1518804445 4166722 19230538356 12340178869
1518804455 4166772 19230549066 12340186502
1518804465 4166820 19230559776 12340194135
1518804475 4166868 19230570486 12340201768
1518804486 4166916 19230581196 12340209401
1518804496 4166962 19230591906 12340217034
1518804506 4167010 19230602616 12340224667
1518804516 4167058 19230613326 12340232300
1518804526 4167106 19230624036 12340239933
1518804536 4167154 19230634746 12340247566
1518804547 4167202 19230645456 12340255199
1518804557 4167251 19230656166 12340262832
1518804567 4167299 19230666876 12340270465
1518804577 4167347 19230677586 12340278098
1518804587 4167395 19230688296 12340285731
1518804597 4167443 19230699006 12340293364
1518804607 4167491 19230709716 12340300997
1518804618 4167539 19230720426 12340308630
1518804628 4167587 19230731136 12340316263
1518804638 4167635 19230741846 12340323896
1518804648 4167684 19230752556 12340331529
1518804658 4167733 19230763266 12340339162
1518804668 4167782 19230773976 12340346795
1518804679 4167831 19230784686 12340354428
1518804689 4167880 19230795396 12340362061
1518804699 4167929 19230806106 12340369694
1518804709 4167978 19230816816 12340377327
1518804719 4168027 19230827526 12340384960
1518804729 4168076 19230838236 12340392593
1518804739 4168125 19230848946 12340400226
1518804750 4168174 19230859656 12340407859
1518804760 4168223 19230870366 12340415492
1518804770 4168272 19230881076 12340423125
1518804780 4168321 19230891786 12340430758
1518804790 4168370 19230902496 12340438391
1518804800 4168419 19230913206 12340446024
1518804811 4168468 19230923916 12340453657
1518804821 4168519 19230934626 12340461291
1518804831 4168568 19230945336 12340468924
1518804841 4168617 19230956046 12340476557
1518804851 4168666 19230966756 12340484190
1518804861 4168713 19230977466 12340491823
1518804872 4168762 19230988176 12340499456
1518804882 4168811 19230998886 12340507089
1518804892 4168860 19231009596 12340514722
1518804902 4168909 19231020306 12340522355
1518804912 4168958 19231031016 12340529988
1518804922 4169007 19231041726 12340537621
1518804932 4169056 19231052436 12340545254
1518804943 4169104 19231063146 12340552887
1518804953 4169152 19231073856 12340560520
1518804963 4169200 19231084566 12340568153
1518804973 4169248 19231095276 12340575786
1518804983 4169296 19231105986 12340583419
1518804993 4169344 19231116696 12340591052
1518805004 4169392 19231127406 12340598685
1518805014 4169440 19231138116 12340606318
1518805024 4169488 19231148826 12340613951
1518805034 4169536 19231159536 12340621584
1518805044 4169584 19231170246 12340629217
1518805054 4169632 19231180956 12340636850
1518805065 4169680 19231191666 12340644483
1518805075 4169728 19231202376 12340652116
1518805085 4169776 19231213086 12340659749
1518805095 4169824 19231223796 12340667382
1518805106 4169874 19231234506 12340675015
1518805116 4169929 19231245216 12340682648
1518805126 4169977 19231255926 12340690281
1518805136 4170025 19231266636 12340697914
1518805146 4170073 19231277346 12340705547
1518805156 4170125 19231288056 12340713180
1518805167 4170174 19231298766 12340720813
1518805177 4170223 19231309476 12340728446
1518805187 4170270 19231320186 12340736079
1518805197 4170318 19231330896 12340743712
1518805207 4170366 19231341606 12340751345
1518805217 4170414 19231352316 12340758978
1518805228 4170462 19231363026 12340766611
1518805238 4170510 19231373736 12340774244
1518805248 4170558 19231384446 12340781877
1518805258 4170606 19231395156 12340789510
1518805268 4170654 19231405866 12340797143
1518805278 4170702 19231416576 12340804776
1518805289 4170750 19231427286 12340812409
1518805299 4170798 19231437996 12340820042
1518805309 4170846 19231448706 12340827675
1518805319 4170894 19231459416 12340835308
1518805329 4170942 19231470126 12340842941
1518805339 4170990 19231480836 12340850574
1518805349 4171038 19231491546 12340858207
1518805360 4171086 19231502256 12340865859
1518805370 4171134 19231512966 12340873492
1518805380 4171182 19231523676 12340881125
1518805390 4171231 19231534386 12340888758
1518805400 4171280 19231545096 12340896391
1518805410 4171329 19231555806 12340904024
1518805421 4171378 19231566516 12340911657
1518805431 4171427 19231577226 12340919290
1518805441 4171476 19231587936 12340926923
1518805451 4171525 19231598646 12340934556
1518805461 4171574 19231609356 12340942189
1518805471 4171623 19231620066 12340949822
1518805482 4171672 19231630776 12340957455
1518805492 4171721 19231641486 12340965088
1518805502 4171770 19231652196 12340972721
1518805512 4171821 19231662906 12340980354
1518805522 4171870 19231673616 12340987987
1518805532 4171919 19231684326 12340995620
1518805542 4171968 19231695036 12341003253
1518805553 4172015 19231705746 12341010886
1518805563 4172064 19231716456 12341018519
1518805573 4172113 19231727166 12341026152
1518805583 4172162 19231737876 12341033785
1518805593 4172211 19231748586 12341041418
1518805603 4172259 19231759296 12341049051
1518805614 4172307 19231770006 12341056684
1518805624 4172355 19231780716 12341064317
1518805634 4172403 19231791426 12341071950
1518805644 4172451 19231802136 12341079583
1518805654 4172499 19231812846 12341087216
1518805664 4172547 19231823556 12341094849
1518805675 4172595 19231834266 12341102482
1518805685 4172643 19231844976 12341110115
1518805695 4172691 19231855686 12341117748
1518805705 4172739 19231866396 12341125381
1518805715 4172787 19231877106 12341133014
1518805725 4172835 19231887816 12341140647
1518805735 4172883 19231898526 12341148280
1518805746 4172931 19231909236 12341155913
1518805756 4172980 19231919946 12341163546
1518805766 4173028 19231930656 12341171179
1518805776 4173076 19231941366 12341178812
1518805786 4173124 19231952076 12341186445
1518805796 4173173 19231962786 12341194078
1518805807 4173222 19231973496 12341201711
1518805817 4173271 19231984206 12341209344
1518805827 4173320 19231994916 12341216977
1518805837 4173369 19232005626 12341224610
1518805847 4173417 19232016336 12341232243
1518805857 4173465 19232027046 12341239876
1518805867 4173514 19232037756 12341247509
1518805878 4173564 19232048466 12341255142
1518805888 4173613 19232059176 12341262775
1518805898 4173662 19232069886 12341270408
1518805908 4173711 19232080596 12341278041
1518805918 4173758 19232091306 12341285674
1518805928 4173806 19232102016 12341293307
1518805939 4173854 19232112726 12341300940
1518805949 4173902 19232123436 12341308573
1518805959 4173950 19232134146 12341316206
1518805969 4173998 19232144856 12341323839
1518805979 4174046 19232155566 12341331472
1518805989 4174094 19232166276 12341339105
1518806000 4174142 19232176986 12341346738
1518806010 4174190 19232187696 12341354371
1518806020 4174238 19232198406 12341362004
1518806030 4174286 19232209116 12341369637
1518806040 4174334 19232219826 12341377270
1518806051 4174382 19232230536 12341384903
1518806061 4174430 19232241246 12341392536
1518806071 4174478 19232251956 12341400169
1518806081 4174526 19232262666 12341407802
1518806092 4174574 19232273376 12341415435
1518806102 4174622 19232284086 12341423068
1518806112 4174670 19232294796 12341430701
1518806122 4174718 19232305506 12341438334
1518806132 4174767 19232316216 12341445967
1518806142 4174815 19232326926 12341453600
1518806153 4174863 19232337636 12341461233
1518806163 4174911 19232348346 12341468866
1518806173 4174959 19232359056 12341476499
1518806183 4175007 19232369766 12341484132
1518806193 4175058 19232380476 12341491765
1518806203 4175106 19232391186 12341499398
1518806213 4175154 19232401896 12341507031
1518806224 4175202 19232412606 12341514664
1518806234 4175248 19232423316 12341522297
1518806244 4175297 19232434026 12341529930
1518806254 4175346 19232444736 12341537563
1518806264 4175395 19232455446 12341545196
1518806274 4175443 19232466156 12341552829
1518806285 4175491 19232476866 12341560462
1518806295 4175539 19232487576 12341568095
1518806305 4175587 19232498286 12341575728
1518806315 4175635 19232508996 12341583361
1518806325 4175683 19232519706 12341590994
1518806335 4175731 19232530416 12341598627
1518806346 4175779 19232541126 12341606260
1518806356 4175827 19232551836 12341613893
1518806366 4175875 19232562546 12341621526
1518806376 4175923 19232573256 12341629159
1518806386 4175971 19232583966 12341636792
1518806396 4176019 19232594676 12341644425
1518806407 4176067 19232605386 12341652058
1518806417 4176115 19232616096 12341659691
1518806427 4176164 19232626806 12341667324
1518806437 4176213 19232637516 12341674957
1518806447 4176262 19232648226 12341682590
1518806457 4176311 19232658936 12341690223
1518806467 4176360 19232669646 12341697856
1518806478 4176409 19232680356 12341705489
1518806488 4176458 19232691066 12341713122
1518806498 4176507 19232701776 12341720755
1518806537 4176565 19232712486 12341728388
1518806547 4176612 19232723196 12341736021
1518806557 4176659 19232733906 12341743654
1518806567 4176708 19232744616 12341751287
1518806578 4176755 19232755326 12341758920
1518806588 4176803 19232766036 12341766553
1518806598 4176851 19232776746 12341774186
1518806608 4176899 19232787456 12341781819
1518806618 4176947 19232798166 12341789452
1518806628 4176995 19232808876 12341797085
1518806639 4177043 19232819586 12341804718
1518806649 4177091 19232830296 12341812351
1518806659 4177139 19232841006 12341819984
1518806669 4177187 19232851716 12341827617
1518806679 4177235 19232862426 12341835250
1518806689 4177283 19232873136 12341842883
1518806699 4177331 19232883846 12341850516
1518806710 4177379 19232894556 12341858149
1518806720 4177427 19232905266 12341865782
1518806730 4177475 19232915976 12341873415
1518806740 4177523 19232926686 12341881048
1518806750 4177571 19232937396 12341888681
1518806760 4177619 19232948106 12341896314
1518806771 4177667 19232958816 12341903947
1518806781 4177715 19232969526 12341911580
1518806791 4177763 19232980236 12341919213
1518806801 4177811 19232990946 12341926846
1518806811 4177859 19233001656 12341934479
1518806821 4177907 19233012366 12341942112
1518806832 4177955 19233023076 12341949745
1518806842 4178003 19233033786 12341957378
1518806852 4178051 19233044496 12341965011
1518806862 4178099 19233055206 12341972644
1518806872 4178147 19233065916 12341980277
1518806882 4178195 19233076626 12341987910
1518806892 4178245 19233087336 12341995543
1518806903 4178293 19233098046 12342003176
1518806913 4178341 19233108756 12342010809
1518806923 4178389 19233119466 12342018442
1518806933 4178435 19233130176 12342026075
1518806944 4178483 19233140886 12342033708
1518806954 4178531 19233151596 12342041341
1518806964 4178579 19233162306 12342048974
1518806974 4178659 19237873034 12342056635
1518806984 4178707 19250171744 12342064268
1518806994 4178755 19262880054 12342071900
1518807005 4178803 19275596556 12342079533
1518807015 4178851 19288116450 12342087166
1518807025 4178899 19300447928 12342094799
1518807035 4178947 19314180238 12342102432
1518807045 4178995 19325938276 12342110065
1518807055 4179043 19337253946 12342117698
1518807066 4179091 19348782608 12342125331
1518807076 4179139 19360835558 12342132964
1518807086 4179187 19373593020 12342140597
1518807096 4179235 19385285522 12342148230
1518807106 4179283 19397125480 12342155863
1518807116 4179331 19408777022 12342163496
1518807127 4179379 19420870932 12342171129
1518807137 4179427 19432530666 12342178762
1518807147 4179475 19444714688 12342186395
1518807157 4179523 19455743638 12342194028
1518807167 4179571 19467141228 12342201661
1518807177 4179619 19479194178 12342209294
1518807188 4179667 19489657880 12342216927
1518807198 4179715 19501678062 12342224560
1518807208 4179763 19513468868 12342232193
1518807218 4179813 19525816730 12342239826
1518807229 4179861 19535977328 12342247459
1518807239 4179909 19549062470 12342255092
1518807249 4179955 19560337180 12342262725
1518807259 4180003 19571415282 12342270358
1518807269 4180051 19582083784 12342277991
1518807279 4180099 19592490142 12342285624
1518807290 4180147 19603273332 12342293257
1518807300 4180195 19613753418 12342300890
1518807310 4180243 19624430112 12342308523
1518807320 4180291 19635893238 12342316156
1518807330 4180339 19647643084 12342323789
1518807340 4180387 19659925410 12342331422
1518807350 4180435 19670593912 12342339055
1518807361 4180483 19681647438 12342346687
1518807371 4180531 19693012260 12342354320
1518807381 4180579 19704565498 12342361953
1518807391 4180627 19715684560 12342369586
1518807401 4180675 19726082726 12342377219
1518807411 4180723 19737668732 12342384852
1518807422 4180771 19747911250 12342392485
1518807432 4180819 19758833704 12342400117
1518807442 4180867 19769330174 12342407750
1518807452 4180915 19779900372 12342415382
1518807462 4180963 19791650218 12342423015
1518807472 4181011 19802318720 12342430648
1518807483 4181059 19813503318 12342438281
1518807493 4181107 19824360236 12342445914
1518807503 4181155 19834160386 12342453547
1518807513 4181203 19844763352 12342461180
1518807523 4181251 19855964334 12342468813
1518807533 4181299 19865821828 12342476446
1518807543 4181347 19875572826 12342484079
1518807554 4181395 19886003760 12342491712
1518807564 4181445 19896483846 12342499345
1518807574 4181493 19907660252 12342506978
1518807584 4181541 19918394290 12342514611
1518807594 4181589 19928718728 12342522244
1518807604 4181635 19938961246 12342529877
1518807615 4181683 19950121268 12342537510
1518807625 4181731 19960789770 12342545142
1518807635 4181779 19972138208 12342552775
1518807645 4181827 19983036086 12342560408
1518807655 4181875 19993548940 12342568041
1518807665 4181923 20003512930 12342575673
1518807676 4181971 20013911096 12342583305
1518807686 4182019 20025095694 12342590938
1518807696 4182068 20035231716 12342598571
1518807707 4182117 20046367162 12342606203
1518807717 4182166 20056363317 12342613868
1518807727 4182221 20056537235 12342621501
1518807737 4182273 20056547945 12342822369
1518807747 4182322 20056558655 12342830002
1518807757 4182390 20056567485 12343024726
