TIMESTAMP        scratch-RQ       scratch-RD       scratch-WR       
1518789499 2148326 1486457839403 161722036678
1518789509 2148326 1486457839403 161722036678
1518789519 2148327 1486457839403 161722036678
1518789530 2148327 1486457839403 161722036678
1518789540 2148327 1486457839403 161722036678
1518789552 2148328 1486457839403 161722036678
1518789562 2148328 1486457839403 161722036678
1518789572 2148328 1486457839403 161722036678
1518789582 2148328 1486457839403 161722036678
1518789592 2148328 1486457839403 161722036678
1518789602 2148328 1486457839403 161722036678
1518789612 2148328 1486457839403 161722036678
1518789623 2148328 1486457839403 161722036678
1518789633 2148332 1486457839403 161722036678
1518789643 2148332 1486457839403 161722036678
1518789653 2148332 1486457839403 161722036678
1518789664 2148332 1486457839403 161722036678
1518789674 2148332 1486457839403 161722036678
1518789684 2148332 1486457839403 161722036678
1518789694 2148332 1486457839403 161722036678
1518789704 2148336 1486457839403 161722036678
1518789715 2148336 1486457839403 161722036678
1518789725 2148336 1486457839403 161722036678
1518789735 2148336 1486457839403 161722036678
1518789745 2148336 1486457839403 161722036678
1518789755 2148336 1486457839403 161722036678
1518789766 2148336 1486457839403 161722036678
1518789776 2148340 1486457839403 161722036678
1518789786 2148340 1486457839403 161722036678
1518789796 2148340 1486457839403 161722036678
1518789806 2148340 1486457839403 161722036678
1518789816 2148340 1486457839403 161722036678
1518789826 2148340 1486457839403 161722036678
1518789837 2148340 1486457839403 161722036678
1518789847 2148340 1486457839403 161722036678
1518789857 2148344 1486457839403 161722036678
1518789867 2148344 1486457839403 161722036678
1518789877 2148344 1486457839403 161722036678
1518789887 2148344 1486457839403 161722036678
1518789897 2148344 1486457839403 161722036678
1518789908 2148344 1486457839403 161722036678
1518789918 2148344 1486457839403 161722036678
1518789928 2148348 1486457839403 161722036678
1518789938 2148348 1486457839403 161722036678
1518789948 2148348 1486457839403 161722036678
1518789958 2148348 1486457839403 161722036678
1518789968 2148348 1486457839403 161722036678
1518789979 2148348 1486457839403 161722036678
1518789989 2148348 1486457839403 161722036678
1518789999 2148348 1486457839403 161722036678
1518790009 2148352 1486457839403 161722036678
1518790019 2148352 1486457839403 161722036678
1518790029 2148352 1486457839403 161722036678
1518790039 2148352 1486457839403 161722036678
1518790050 2148352 1486457839403 161722036678
1518790060 2148352 1486457839403 161722036678
1518790070 2148352 1486457839403 161722036678
1518790080 2148356 1486457839403 161722036678
1518790090 2148356 1486457839403 161722036678
1518790100 2148356 1486457839403 161722036678
1518790110 2148356 1486457839403 161722036678
1518790121 2148356 1486457839403 161722036678
1518790131 2148356 1486457839403 161722036678
1518790141 2148356 1486457839403 161722036678
1518790151 2148360 1486457839403 161722036678
1518790161 2148360 1486457839403 161722036678
1518790171 2148360 1486457839403 161722036678
1518790181 2148360 1486457839403 161722036678
1518790192 2148360 1486457839403 161722036678
1518790202 2148360 1486457839403 161722036678
1518790212 2148360 1486457839403 161722036678
1518790222 2148360 1486457839403 161722036678
1518790232 2148364 1486457839403 161722036678
1518790242 2148364 1486457839403 161722036678
1518790253 2148364 1486457839403 161722036678
1518790263 2148364 1486457839403 161722036678
1518790273 2148364 1486457839403 161722036678
1518790283 2148364 1486457839403 161722036678
1518790293 2148364 1486457839403 161722036678
1518790303 2148368 1486457839403 161722036678
1518790313 2148368 1486457839403 161722036678
1518790324 2148368 1486457839403 161722036678
1518790334 2148368 1486457839403 161722036678
1518790344 2148368 1486457839403 161722036678
1518790354 2148368 1486457839403 161722036678
1518790364 2148368 1486457839403 161722036678
1518790374 2148368 1486457839403 161722036678
1518790385 2148372 1486457839403 161722036678
1518790395 2148372 1486457839403 161722036678
1518790405 2148372 1486457839403 161722036678
1518790415 2148372 1486457839403 161722036678
1518790425 2148372 1486457839403 161722036678
1518790435 2148372 1486457839403 161722036678
1518790445 2148372 1486457839403 161722036678
1518790456 2148376 1486457839403 161722036678
1518790466 2148376 1486457839403 161722036678
1518790476 2148376 1486457839403 161722036678
1518790486 2148376 1486457839403 161722036678
1518790496 2148376 1486457839403 161722036678
1518790506 2148376 1486457839403 161722036678
1518790516 2148376 1486457839403 161722036678
1518790527 2148380 1486457839403 161722036678
1518790537 2148380 1486457839403 161722036678
1518790547 2148380 1486457839403 161722036678
1518790557 2148380 1486457839403 161722036678
1518790567 2148380 1486457839403 161722036678
1518790578 2148380 1486457839403 161722036678
1518790588 2148380 1486457839403 161722036678
1518790598 2148380 1486457839403 161722036678
1518790608 2148384 1486457839403 161722036678
1518790618 2148384 1486457839403 161722036678
1518790628 2148384 1486457839403 161722036678
1518790638 2148384 1486457839403 161722036678
1518790649 2148384 1486457839403 161722036678
1518790659 2148384 1486457839403 161722036678
1518790669 2148384 1486457839403 161722036678
1518790679 2148388 1486457839403 161722036678
1518790689 2148388 1486457839403 161722036678
1518790699 2148388 1486457839403 161722036678
1518790709 2148388 1486457839403 161722036678
1518790720 2148388 1486457839403 161722036678
1518790730 2148388 1486457839403 161722036678
1518790740 2148388 1486457839403 161722036678
1518790750 2148388 1486457839403 161722036678
1518790760 2148392 1486457839403 161722036678
1518790770 2148392 1486457839403 161722036678
1518790780 2148392 1486457839403 161722036678
1518790791 2148392 1486457839403 161722036678
1518790801 2148392 1486457839403 161722036678
1518790811 2148392 1486457839403 161722036678
1518790821 2148392 1486457839403 161722036678
1518790831 2148396 1486457839403 161722036678
1518790841 2148396 1486457839403 161722036678
1518790851 2148396 1486457839403 161722036678
1518790862 2148396 1486457839403 161722036678
1518790872 2148396 1486457839403 161722036678
1518790882 2148396 1486457839403 161722036678
1518790892 2148396 1486457839403 161722036678
1518790902 2148400 1486457839403 161722036678
1518790912 2148400 1486457839403 161722036678
1518790922 2148400 1486457839403 161722036678
1518790933 2148400 1486457839403 161722036678
1518790943 2148400 1486457839403 161722036678
1518790953 2148400 1486457839403 161722036678
1518790963 2148400 1486457839403 161722036678
1518790973 2148400 1486457839403 161722036678
1518790983 2148404 1486457839403 161722036678
1518790994 2148404 1486457839403 161722036678
1518791004 2148404 1486457839403 161722036678
1518791014 2148404 1486457839403 161722036678
1518791024 2148404 1486457839403 161722036678
1518791034 2148404 1486457839403 161722036678
1518791044 2148404 1486457839403 161722036678
1518791054 2148408 1486457839403 161722036678
1518791065 2148408 1486457839403 161722036678
1518791075 2148408 1486457839403 161722036678
1518791085 2148408 1486457839403 161722036678
1518791095 2148408 1486457839403 161722036678
1518791105 2148408 1486457839403 161722036678
1518791115 2148408 1486457839403 161722036678
1518791125 2148408 1486457839403 161722036678
1518791136 2148412 1486457839403 161722036678
1518791146 2148412 1486457839403 161722036678
1518791156 2148412 1486457839403 161722036678
1518791166 2148412 1486457839403 161722036678
1518791176 2148412 1486457839403 161722036678
1518791186 2148412 1486457839403 161722036678
1518791196 2148412 1486457839403 161722036678
1518791207 2148416 1486457839403 161722036678
1518791217 2148416 1486457839403 161722036678
1518791227 2148416 1486457839403 161722036678
1518791237 2148416 1486457839403 161722036678
1518791247 2148416 1486457839403 161722036678
1518791257 2148416 1486457839403 161722036678
1518791268 2148416 1486457839403 161722036678
1518791278 2148420 1486457839403 161722036678
1518791288 2148420 1486457839403 161722036678
1518791298 2148420 1486457839403 161722036678
1518791308 2148420 1486457839403 161722036678
1518791318 2148420 1486457839403 161722036678
1518791328 2148420 1486457839403 161722036678
1518791339 2148420 1486457839403 161722036678
1518791349 2148420 1486457839403 161722036678
1518791359 2148424 1486457839403 161722036678
1518791369 2148424 1486457839403 161722036678
1518791379 2148424 1486457839403 161722036678
1518791389 2148424 1486457839403 161722036678
1518791400 2148424 1486457839403 161722036678
1518791410 2148424 1486457839403 161722036678
1518791420 2148424 1486457839403 161722036678
1518791430 2148428 1486457839403 161722036678
1518791440 2148428 1486457839403 161722036678
1518791450 2148428 1486457839403 161722036678
1518791460 2148428 1486457839403 161722036678
1518791471 2148428 1486457839403 161722036678
1518791481 2148428 1486457839403 161722036678
1518791491 2148428 1486457839403 161722036678
1518791501 2148432 1486457839403 161722036678
1518791511 2148432 1486457839403 161722036678
1518791521 2148432 1486457839403 161722036678
1518791531 2148432 1486457839403 161722036678
1518791542 2148432 1486457839403 161722036678
1518791552 2148432 1486457839403 161722036678
1518791562 2148432 1486457839403 161722036678
1518791572 2148432 1486457839403 161722036678
1518791582 2148436 1486457839403 161722036678
1518791592 2148436 1486457839403 161722036678
1518791602 2148436 1486457839403 161722036678
1518791613 2148436 1486457839403 161722036678
1518791623 2148436 1486457839403 161722036678
1518791633 2148436 1486457839403 161722036678
1518791643 2148436 1486457839403 161722036678
1518791653 2148440 1486457839403 161722036678
1518791663 2148440 1486457839403 161722036678
1518791674 2148440 1486457839403 161722036678
1518791684 2148440 1486457839403 161722036678
1518791694 2148440 1486457839403 161722036678
1518791704 2148440 1486457839403 161722036678
1518791714 2148440 1486457839403 161722036678
1518791724 2148440 1486457839403 161722036678
1518791734 2148444 1486457839403 161722036678
1518791745 2148444 1486457839403 161722036678
1518791755 2148444 1486457839403 161722036678
1518791765 2148444 1486457839403 161722036678
1518791775 2148444 1486457839403 161722036678
1518791785 2148444 1486457839403 161722036678
1518791796 2148444 1486457839403 161722036678
1518791806 2148448 1486457839403 161722036678
1518791816 2148448 1486457839403 161722036678
1518791826 2148448 1486457839403 161722036678
1518791836 2148448 1486457839403 161722036678
1518791846 2148448 1486457839403 161722036678
1518791856 2148448 1486457839403 161722036678
1518791867 2148448 1486457839403 161722036678
1518791877 2148452 1486457839403 161722036678
1518791887 2148452 1486457839403 161722036678
1518791897 2148452 1486457839403 161722036678
1518791907 2148452 1486457839403 161722036678
1518791917 2148452 1486457839403 161722036678
1518791928 2148452 1486457839403 161722036678
1518791938 2148452 1486457839403 161722036678
1518791948 2148452 1486457839403 161722036678
1518791958 2148456 1486457839403 161722036678
1518791968 2148456 1486457839403 161722036678
1518791978 2148456 1486457839403 161722036678
1518791988 2148456 1486457839403 161722036678
1518791999 2148456 1486457839403 161722036678
1518792009 2148456 1486457839403 161722036678
1518792019 2148456 1486457839403 161722036678
1518792029 2148460 1486457839403 161722036678
1518792039 2148460 1486457839403 161722036678
1518792049 2148460 1486457839403 161722036678
1518792059 2148460 1486457839403 161722036678
1518792070 2148460 1486457839403 161722036678
1518792080 2148460 1486457839403 161722036678
1518792090 2148460 1486457839403 161722036678
1518792100 2148460 1486457839403 161722036678
1518792110 2148464 1486457839403 161722036678
1518792120 2148464 1486457839403 161722036678
1518792130 2148464 1486457839403 161722036678
1518792141 2148464 1486457839403 161722036678
1518792151 2148464 1486457839403 161722036678
1518792161 2148464 1486457839403 161722036678
1518792171 2148464 1486457839403 161722036678
1518792181 2148468 1486457839403 161722036678
1518792191 2148468 1486457839403 161722036678
1518792202 2148468 1486457839403 161722036678
1518792212 2148468 1486457839403 161722036678
1518792222 2148468 1486457839403 161722036678
1518792232 2148468 1486457839403 161722036678
1518792242 2148468 1486457839403 161722036678
1518792252 2148472 1486457839403 161722036678
1518792262 2148472 1486457839403 161722036678
1518792273 2148472 1486457839403 161722036678
1518792283 2148472 1486457839403 161722036678
1518792293 2148472 1486457839403 161722036678
1518792303 2148472 1486457839403 161722036678
1518792313 2148472 1486457839403 161722036678
1518792323 2148472 1486457839403 161722036678
1518792334 2148476 1486457839403 161722036678
1518792344 2148476 1486457839403 161722036678
1518792354 2148476 1486457839403 161722036678
1518792364 2148476 1486457839403 161722036678
1518792374 2148476 1486457839403 161722036678
1518792384 2148476 1486457839403 161722036678
1518792394 2148476 1486457839403 161722036678
1518792405 2148480 1486457839403 161722036678
1518792415 2148480 1486457839403 161722036678
1518792425 2148480 1486457839403 161722036678
1518792435 2148480 1486457839403 161722036678
1518792445 2148480 1486457839403 161722036678
1518792455 2148480 1486457839403 161722036678
1518792465 2148480 1486457839403 161722036678
1518792476 2148480 1486457839403 161722036678
1518792486 2148484 1486457839403 161722036678
1518792496 2148484 1486457839403 161722036678
1518792506 2148484 1486457839403 161722036678
1518792516 2148484 1486457839403 161722036678
1518792526 2148484 1486457839403 161722036678
1518792536 2148484 1486457839403 161722036678
1518792547 2148484 1486457839403 161722036678
1518792557 2148488 1486457839403 161722036678
1518792567 2148488 1486457839403 161722036678
1518792577 2148488 1486457839403 161722036678
1518792587 2148488 1486457839403 161722036678
1518792597 2148488 1486457839403 161722036678
1518792607 2148488 1486457839403 161722036678
1518792618 2148488 1486457839403 161722036678
1518792628 2148492 1486457839403 161722036678
1518792638 2148492 1486457839403 161722036678
1518792648 2148492 1486457839403 161722036678
1518792658 2148492 1486457839403 161722036678
1518792668 2148492 1486457839403 161722036678
1518792679 2148492 1486457839403 161722036678
1518792689 2148492 1486457839403 161722036678
1518792699 2148492 1486457839403 161722036678
1518792709 2148496 1486457839403 161722036678
1518792719 2148496 1486457839403 161722036678
1518792729 2148496 1486457839403 161722036678
1518792739 2148496 1486457839403 161722036678
1518792750 2148496 1486457839403 161722036678
1518792760 2148496 1486457839403 161722036678
1518792770 2148496 1486457839403 161722036678
1518792780 2148500 1486457839403 161722036678
1518792790 2148500 1486457839403 161722036678
1518792800 2148500 1486457839403 161722036678
1518792810 2148500 1486457839403 161722036678
1518792821 2148500 1486457839403 161722036678
1518792831 2148500 1486457839403 161722036678
1518792841 2148500 1486457839403 161722036678
1518792851 2148504 1486457839403 161722036678
1518792861 2148504 1486457839403 161722036678
1518792871 2148504 1486457839403 161722036678
1518792882 2148504 1486457839403 161722036678
1518792892 2148504 1486457839403 161722036678
1518792902 2148504 1486457839403 161722036678
1518792912 2148504 1486457839403 161722036678
1518792922 2148504 1486457839403 161722036678
1518792932 2148508 1486457839403 161722036678
1518792942 2148508 1486457839403 161722036678
1518792953 2148508 1486457839403 161722036678
1518792963 2148508 1486457839403 161722036678
1518792973 2148508 1486457839403 161722036678
1518792983 2148508 1486457839403 161722036678
1518792993 2148508 1486457839403 161722036678
1518793003 2148512 1486457839403 161722036678
1518793014 2148512 1486457839403 161722036678
1518793024 2148512 1486457839403 161722036678
1518793034 2148512 1486457839403 161722036678
1518793044 2148512 1486457839403 161722036678
1518793054 2148512 1486457839403 161722036678
1518793064 2148512 1486457839403 161722036678
1518793074 2148512 1486457839403 161722036678
1518793085 2148516 1486457839403 161722036678
1518793095 2148516 1486457839403 161722036678
1518793105 2148516 1486457839403 161722036678
1518793115 2148516 1486457839403 161722036678
1518793125 2148516 1486457839403 161722036678
1518793135 2148516 1486457839403 161722036678
1518793145 2148516 1486457839403 161722036678
1518793156 2148520 1486457839403 161722036678
1518793166 2148520 1486457839403 161722036678
1518793176 2148520 1486457839403 161722036678
1518793186 2148520 1486457839403 161722036678
1518793196 2148520 1486457839403 161722036678
1518793206 2148520 1486457839403 161722036678
1518793217 2148520 1486457839403 161722036678
1518793227 2148524 1486457839403 161722036678
1518793237 2148524 1486457839403 161722036678
1518793247 2148524 1486457839403 161722036678
1518793257 2148524 1486457839403 161722036678
1518793268 2148524 1486457839403 161722036678
1518793278 2148524 1486457839403 161722036678
1518793288 2148524 1486457839403 161722036678
1518793298 2148524 1486457839403 161722036678
1518793308 2148528 1486457839403 161722036678
1518793318 2148528 1486457839403 161722036678
1518793328 2148528 1486457839403 161722036678
1518793339 2148528 1486457839403 161722036678
1518793349 2148528 1486457839403 161722036678
1518793359 2148528 1486457839403 161722036678
1518793369 2148528 1486457839403 161722036678
1518793379 2148532 1486457839403 161722036678
1518793389 2148532 1486457839403 161722036678
1518793400 2148532 1486457839403 161722036678
1518793410 2148533 1486457839403 161722036678
1518793420 2148533 1486457839403 161722036678
1518793430 2148533 1486457839403 161722036678
1518793440 2148533 1486457839403 161722036678
1518793450 2148533 1486457839403 161722036678
1518793460 2148536 1486457839403 161722036678
1518793471 2148536 1486457839403 161722036678
1518793481 2148536 1486457839403 161722036678
1518793491 2148536 1486457839403 161722036678
1518793501 2148536 1486457839403 161722036678
1518793511 2148536 1486457839403 161722036678
1518793521 2148536 1486457839403 161722036678
1518793531 2148540 1486457839403 161722036678
1518793542 2148540 1486457839403 161722036678
1518793552 2148540 1486457839403 161722036678
1518793562 2148540 1486457839403 161722036678
1518793572 2148540 1486457839403 161722036678
1518793582 2148540 1486457839403 161722036678
1518793592 2148540 1486457839403 161722036678
1518793602 2148544 1486457839403 161722036678
1518793613 2148544 1486457839403 161722036678
1518793623 2148544 1486457839403 161722036678
1518793633 2148544 1486457839403 161722036678
1518793643 2148544 1486457839403 161722036678
1518793653 2148544 1486457839403 161722036678
1518793663 2148544 1486457839403 161722036678
1518793673 2148544 1486457839403 161722036678
1518793684 2148544 1486457839403 161722036678
1518793694 2148544 1486457839403 161722036678
1518793704 2148544 1486457839403 161722036678
1518793714 2148544 1486457839403 161722036678
1518793724 2148544 1486457839403 161722036678
1518793734 2148544 1486457839403 161722036678
1518793745 2148544 1486457839403 161722036678
1518793755 2148548 1486457839403 161722036678
1518793765 2148548 1486457839403 161722036678
1518793775 2148548 1486457839403 161722036678
1518793786 2148548 1486457839403 161722036678
1518793796 2148548 1486457839403 161722036678
1518793806 2148548 1486457839403 161722036678
1518793816 2148548 1486457839403 161722036678
1518793826 2148552 1486457839403 161722036678
1518793836 2148552 1486457839403 161722036678
1518793846 2148552 1486457839403 161722036678
1518793857 2148552 1486457839403 161722036678
1518793867 2148552 1486457839403 161722036678
1518793877 2148552 1486457839403 161722036678
1518793887 2148552 1486457839403 161722036678
1518793897 2148552 1486457839403 161722036678
1518793907 2148556 1486457839403 161722036678
1518793917 2148556 1486457839403 161722036678
1518793928 2148556 1486457839403 161722036678
1518793938 2148556 1486457839403 161722036678
1518793948 2148556 1486457839403 161722036678
1518793958 2148556 1486457839403 161722036678
1518793968 2148556 1486457839403 161722036678
1518793978 2148560 1486457839403 161722036678
1518793989 2148560 1486457839403 161722036678
1518793999 2148560 1486457839403 161722036678
1518794009 2148560 1486457839403 161722036678
1518794019 2148560 1486457839403 161722036678
1518794029 2148560 1486457839403 161722036678
1518794039 2148560 1486457839403 161722036678
1518794049 2148560 1486457839403 161722036678
1518794060 2148564 1486457839403 161722036678
1518794070 2148564 1486457839403 161722036678
1518794080 2148564 1486457839403 161722036678
1518794090 2148564 1486457839403 161722036678
1518794100 2148564 1486457839403 161722036678
1518794111 2148564 1486457839403 161722036678
1518794121 2148564 1486457839403 161722036678
1518794131 2148568 1486457839403 161722036678
1518794141 2148568 1486457839403 161722036678
1518794151 2148568 1486457839403 161722036678
1518794161 2148568 1486457839403 161722036678
1518794172 2148568 1486457839403 161722036678
1518794182 2148568 1486457839403 161722036678
1518794192 2148568 1486457839403 161722036678
1518794202 2148572 1486457839403 161722036678
1518794212 2148572 1486457839403 161722036678
1518794222 2148572 1486457839403 161722036678
1518794232 2148572 1486457839403 161722036678
1518794243 2148572 1486457839403 161722036678
1518794253 2148572 1486457839403 161722036678
1518794263 2148572 1486457839403 161722036678
1518794273 2148572 1486457839403 161722036678
1518794283 2148576 1486457839403 161722036678
1518794293 2148576 1486457839403 161722036678
1518794303 2148576 1486457839403 161722036678
1518794314 2148576 1486457839403 161722036678
1518794324 2148576 1486457839403 161722036678
1518794334 2148576 1486457839403 161722036678
1518794344 2148576 1486457839403 161722036678
1518794354 2148580 1486457839403 161722036678
1518794364 2148580 1486457839403 161722036678
1518794375 2148580 1486457839403 161722036678
1518794385 2148580 1486457839403 161722036678
1518794395 2148580 1486457839403 161722036678
1518794405 2148580 1486457839403 161722036678
1518794415 2148580 1486457839403 161722036678
1518794425 2148580 1486457839403 161722036678
1518794435 2148584 1486457839403 161722036678
1518794446 2148584 1486457839403 161722036678
1518794456 2148584 1486457839403 161722036678
1518794466 2148584 1486457839403 161722036678
1518794477 2148584 1486457839403 161722036678
1518794487 2148584 1486457839403 161722036678
1518794497 2148584 1486457839403 161722036678
1518794507 2148588 1486457839403 161722036678
1518794517 2148588 1486457839403 161722036678
1518794527 2148588 1486457839403 161722036678
1518794538 2148588 1486457839403 161722036678
1518794548 2148588 1486457839403 161722036678
1518794558 2148588 1486457839403 161722036678
1518794568 2148588 1486457839403 161722036678
1518794578 2148592 1486457839403 161722036678
1518794588 2148592 1486457839403 161722036678
1518794598 2148592 1486457839403 161722036678
1518794609 2148592 1486457839403 161722036678
1518794619 2148592 1486457839403 161722036678
1518794629 2148592 1486457839403 161722036678
1518794639 2148592 1486457839403 161722036678
1518794649 2148592 1486457839403 161722036678
1518794659 2148596 1486457839403 161722036678
1518794669 2148596 1486457839403 161722036678
1518794680 2148596 1486457839403 161722036678
1518794690 2148596 1486457839403 161722036678
1518794700 2148596 1486457839403 161722036678
1518794710 2148596 1486457839403 161722036678
1518794720 2148596 1486457839403 161722036678
1518794730 2148600 1486457839403 161722036678
1518794741 2148600 1486457839403 161722036678
1518794751 2148600 1486457839403 161722036678
1518794761 2148600 1486457839403 161722036678
1518794771 2148600 1486457839403 161722036678
1518794781 2148600 1486457839403 161722036678
1518794791 2148600 1486457839403 161722036678
1518794801 2148604 1486457839403 161722036678
1518794812 2148604 1486457839403 161722036678
1518794822 2148604 1486457839403 161722036678
1518794832 2148604 1486457839403 161722036678
1518794842 2148604 1486457839403 161722036678
1518794852 2148604 1486457839403 161722036678
1518794862 2148604 1486457839403 161722036678
1518794873 2148604 1486457839403 161722036678
1518794883 2148608 1486457839403 161722036678
1518794893 2148608 1486457839403 161722036678
1518794903 2148608 1486457839403 161722036678
1518794913 2148608 1486457839403 161722036678
1518794923 2148608 1486457839403 161722036678
1518794933 2148608 1486457839403 161722036678
1518794944 2148608 1486457839403 161722036678
1518794954 2148612 1486457839403 161722036678
1518794964 2148612 1486457839403 161722036678
1518794974 2148612 1486457839403 161722036678
1518794984 2148612 1486457839403 161722036678
1518794995 2148612 1486457839403 161722036678
1518795005 2148612 1486457839403 161722036678
1518795015 2148612 1486457839403 161722036678
1518795025 2148612 1486457839403 161722036678
1518795035 2148616 1486457839403 161722036678
1518795046 2148616 1486457839403 161722036678
1518795056 2148616 1486457839403 161722036678
1518795066 2148616 1486457839403 161722036678
1518795076 2148616 1486457839403 161722036678
1518795086 2148616 1486457839403 161722036678
1518795096 2148616 1486457839403 161722036678
1518795107 2148620 1486457839403 161722036678
1518795117 2148620 1486457839403 161722036678
1518795127 2148620 1486457839403 161722036678
1518795137 2148620 1486457839403 161722036678
1518795147 2148620 1486457839403 161722036678
1518795157 2148620 1486457839403 161722036678
1518795167 2148620 1486457839403 161722036678
1518795178 2148624 1486457839403 161722036678
1518795188 2148624 1486457839403 161722036678
1518795198 2148624 1486457839403 161722036678
1518795208 2148624 1486457839403 161722036678
1518795218 2148624 1486457839403 161722036678
1518795228 2148624 1486457839403 161722036678
1518795238 2148624 1486457839403 161722036678
1518795249 2148624 1486457839403 161722036678
1518795259 2148628 1486457839403 161722036678
1518795269 2148628 1486457839403 161722036678
1518795279 2148628 1486457839403 161722036678
1518795289 2148628 1486457839403 161722036678
1518795299 2148628 1486457839403 161722036678
1518795310 2148628 1486457839403 161722036678
1518795320 2148628 1486457839403 161722036678
1518795330 2148632 1486457839403 161722036678
1518795340 2148632 1486457839403 161722036678
1518795350 2148632 1486457839403 161722036678
1518795360 2148632 1486457839403 161722036678
1518795370 2148632 1486457839403 161722036678
1518795381 2148632 1486457839403 161722036678
1518795391 2148632 1486457839403 161722036678
1518795401 2148636 1486457839403 161722036678
1518795411 2148636 1486457839403 161722036678
1518795421 2148636 1486457839403 161722036678
1518795431 2148636 1486457839403 161722036678
1518795442 2148636 1486457839403 161722036678
1518795452 2148636 1486457839403 161722036678
1518795462 2148636 1486457839403 161722036678
1518795472 2148636 1486457839403 161722036678
1518795482 2148640 1486457839403 161722036678
1518795492 2148640 1486457839403 161722036678
1518795502 2148640 1486457839403 161722036678
1518795513 2148640 1486457839403 161722036678
1518795523 2148640 1486457839403 161722036678
1518795533 2148640 1486457839403 161722036678
1518795543 2148640 1486457839403 161722036678
1518795553 2148644 1486457839403 161722036678
1518795563 2148644 1486457839403 161722036678
1518795574 2148644 1486457839403 161722036678
1518795584 2148644 1486457839403 161722036678
1518795594 2148644 1486457839403 161722036678
1518795604 2148644 1486457839403 161722036678
1518795614 2148644 1486457839403 161722036678
1518795624 2148644 1486457839403 161722036678
1518795634 2148648 1486457839403 161722036678
1518795645 2148648 1486457839403 161722036678
1518795655 2148648 1486457839403 161722036678
1518795665 2148648 1486457839403 161722036678
1518795675 2148648 1486457839403 161722036678
1518795685 2148648 1486457839403 161722036678
1518795695 2148648 1486457839403 161722036678
1518795706 2148652 1486457839403 161722036678
1518795716 2148652 1486457839403 161722036678
1518795726 2148652 1486457839403 161722036678
1518795736 2148652 1486457839403 161722036678
1518795746 2148652 1486457839403 161722036678
1518795756 2148652 1486457839403 161722036678
1518795766 2148652 1486457839403 161722036678
1518795777 2148656 1486457839403 161722036678
1518795787 2148656 1486457839403 161722036678
1518795797 2148656 1486457839403 161722036678
1518795807 2148656 1486457839403 161722036678
1518795817 2148656 1486457839403 161722036678
1518795828 2148656 1486457839403 161722036678
1518795838 2148656 1486457839403 161722036678
1518795848 2148656 1486457839403 161722036678
1518795858 2148660 1486457839403 161722036678
1518795868 2148660 1486457839403 161722036678
1518795878 2148660 1486457839403 161722036678
1518795888 2148660 1486457839403 161722036678
1518795899 2148660 1486457839403 161722036678
1518795909 2148660 1486457839403 161722036678
1518795919 2148660 1486457839403 161722036678
1518795929 2148664 1486457839403 161722036678
1518795939 2148664 1486457839403 161722036678
1518795949 2148664 1486457839403 161722036678
1518795960 2148664 1486457839403 161722036678
1518795970 2148664 1486457839403 161722036678
1518795980 2148664 1486457839403 161722036678
1518795990 2148664 1486457839403 161722036678
1518796000 2148664 1486457839403 161722036678
1518796010 2148668 1486457839403 161722036678
1518796020 2148668 1486457839403 161722036678
1518796031 2148668 1486457839403 161722036678
1518796041 2148668 1486457839403 161722036678
1518796051 2148668 1486457839403 161722036678
1518796061 2148668 1486457839403 161722036678
1518796071 2148668 1486457839403 161722036678
1518796081 2148672 1486457839403 161722036678
1518796092 2148672 1486457839403 161722036678
1518796102 2148672 1486457839403 161722036678
1518796112 2148672 1486457839403 161722036678
1518796122 2148672 1486457839403 161722036678
1518796132 2148672 1486457839403 161722036678
1518796142 2148672 1486457839403 161722036678
1518796152 2148676 1486457839403 161722036678
1518796163 2148676 1486457839403 161722036678
1518796173 2148676 1486457839403 161722036678
1518796183 2148676 1486457839403 161722036678
1518796193 2148676 1486457839403 161722036678
1518796203 2148676 1486457839403 161722036678
1518796213 2148676 1486457839403 161722036678
1518796224 2148676 1486457839403 161722036678
1518796234 2148680 1486457839403 161722036678
1518796244 2148680 1486457839403 161722036678
1518796254 2148680 1486457839403 161722036678
1518796264 2148680 1486457839403 161722036678
1518796274 2148680 1486457839403 161722036678
1518796285 2148680 1486457839403 161722036678
1518796295 2148680 1486457839403 161722036678
1518796305 2148684 1486457839403 161722036678
1518796315 2148684 1486457839403 161722036678
1518796325 2148684 1486457839403 161722036678
1518796336 2148684 1486457839403 161722036678
1518796346 2148684 1486457839403 161722036678
1518796356 2148684 1486457839403 161722036678
1518796366 2148684 1486457839403 161722036678
1518796376 2148688 1486457839403 161722036678
1518796386 2148688 1486457839403 161722036678
1518796397 2148688 1486457839403 161722036678
1518796407 2148688 1486457839403 161722036678
1518796417 2148688 1486457839403 161722036678
1518796427 2148688 1486457839403 161722036678
1518796437 2148688 1486457839403 161722036678
1518796447 2148688 1486457839403 161722036678
1518796458 2148692 1486457839403 161722036678
1518796468 2148692 1486457839403 161722036678
1518796478 2148692 1486457839403 161722036678
1518796488 2148692 1486457839403 161722036678
1518796498 2148692 1486457839403 161722036678
1518796508 2148692 1486457839403 161722036678
1518796519 2148692 1486457839403 161722036678
1518796529 2148696 1486457839403 161722036678
1518796539 2148696 1486457839403 161722036678
1518796549 2148696 1486457839403 161722036678
1518796559 2148696 1486457839403 161722036678
1518796569 2148696 1486457839403 161722036678
1518796580 2148696 1486457839403 161722036678
1518796590 2148696 1486457839403 161722036678
1518796600 2148696 1486457839403 161722036678
1518796610 2148700 1486457839403 161722036678
1518796620 2148700 1486457839403 161722036678
1518796630 2148700 1486457839403 161722036678
1518796640 2148700 1486457839403 161722036678
1518796651 2148700 1486457839403 161722036678
1518796661 2148700 1486457839403 161722036678
1518796671 2148700 1486457839403 161722036678
1518796681 2148704 1486457839403 161722036678
1518796691 2148704 1486457839403 161722036678
1518796701 2148704 1486457839403 161722036678
1518796712 2148704 1486457839403 161722036678
1518796722 2148704 1486457839403 161722036678
1518796732 2148704 1486457839403 161722036678
1518796742 2148704 1486457839403 161722036678
1518796752 2148708 1486457839403 161722036678
1518796762 2148708 1486457839403 161722036678
1518796772 2148708 1486457839403 161722036678
1518796783 2148708 1486457839403 161722036678
1518796793 2148708 1486457839403 161722036678
1518796803 2148708 1486457839403 161722036678
1518796813 2148708 1486457839403 161722036678
1518796823 2148708 1486457839403 161722036678
1518796833 2148712 1486457839403 161722036678
1518796844 2148712 1486457839403 161722036678
1518796854 2148712 1486457839403 161722036678
1518796864 2148712 1486457839403 161722036678
1518796874 2148712 1486457839403 161722036678
1518796884 2148712 1486457839403 161722036678
1518796894 2148712 1486457839403 161722036678
1518796904 2148716 1486457839403 161722036678
1518796915 2148716 1486457839403 161722036678
1518796925 2148716 1486457839403 161722036678
1518796935 2148716 1486457839403 161722036678
1518796945 2148716 1486457839403 161722036678
1518796955 2148716 1486457839403 161722036678
1518796966 2148716 1486457839403 161722036678
1518796976 2148720 1486457839403 161722036678
1518796986 2148720 1486457839403 161722036678
1518796996 2148720 1486457839403 161722036678
1518797006 2148720 1486457839403 161722036678
1518797016 2148720 1486457839403 161722036678
1518797027 2148720 1486457839403 161722036678
1518797037 2148720 1486457839403 161722036678
1518797047 2148720 1486457839403 161722036678
1518797057 2148724 1486457839403 161722036678
1518797067 2148724 1486457839403 161722036678
1518797077 2148724 1486457839403 161722036678
1518797087 2148724 1486457839403 161722036678
1518797098 2148724 1486457839403 161722036678
1518797108 2148724 1486457839403 161722036678
1518797118 2148724 1486457839403 161722036678
1518797128 2148728 1486457839403 161722036678
1518797138 2148728 1486457839403 161722036678
1518797148 2148728 1486457839403 161722036678
1518797159 2148728 1486457839403 161722036678
1518797169 2148728 1486457839403 161722036678
1518797179 2148728 1486457839403 161722036678
1518797189 2148728 1486457839403 161722036678
1518797199 2148728 1486457839403 161722036678
1518797209 2148732 1486457839403 161722036678
1518797219 2148732 1486457839403 161722036678
1518797230 2148732 1486457839403 161722036678
1518797240 2148732 1486457839403 161722036678
1518797250 2148732 1486457839403 161722036678
1518797260 2148732 1486457839403 161722036678
1518797270 2148732 1486457839403 161722036678
1518797280 2148736 1486457839403 161722036678
1518797291 2148736 1486457839403 161722036678
1518797301 2148736 1486457839403 161722036678
1518797311 2148736 1486457839403 161722036678
1518797321 2148736 1486457839403 161722036678
1518797331 2148736 1486457839403 161722036678
1518797341 2148736 1486457839403 161722036678
1518797351 2148740 1486457839403 161722036678
1518797362 2148740 1486457839403 161722036678
1518797372 2148740 1486457839403 161722036678
1518797382 2148740 1486457839403 161722036678
1518797392 2148740 1486457839403 161722036678
1518797402 2148740 1486457839403 161722036678
1518797412 2148740 1486457839403 161722036678
1518797423 2148740 1486457839403 161722036678
1518797433 2148744 1486457839403 161722036678
1518797443 2148744 1486457839403 161722036678
1518797453 2148744 1486457839403 161722036678
1518797463 2148744 1486457839403 161722036678
1518797473 2148744 1486457839403 161722036678
1518797484 2148744 1486457839403 161722036678
1518797494 2148744 1486457839403 161722036678
1518797504 2148748 1486457839403 161722036678
1518797514 2148748 1486457839403 161722036678
1518797524 2148748 1486457839403 161722036678
1518797534 2148748 1486457839403 161722036678
1518797544 2148748 1486457839403 161722036678
1518797555 2148748 1486457839403 161722036678
1518797565 2148748 1486457839403 161722036678
1518797575 2148748 1486457839403 161722036678
1518797585 2148752 1486457839403 161722036678
1518797595 2148752 1486457839403 161722036678
1518797605 2148752 1486457839403 161722036678
1518797616 2148752 1486457839403 161722036678
1518797626 2148752 1486457839403 161722036678
1518797636 2148752 1486457839403 161722036678
1518797646 2148752 1486457839403 161722036678
1518797656 2148756 1486457839403 161722036678
1518797666 2148756 1486457839403 161722036678
1518797676 2148756 1486457839403 161722036678
1518797687 2148756 1486457839403 161722036678
1518797697 2148756 1486457839403 161722036678
1518797707 2148756 1486457839403 161722036678
1518797717 2148756 1486457839403 161722036678
1518797727 2148760 1486457839403 161722036678
1518797737 2148760 1486457839403 161722036678
1518797748 2148760 1486457839403 161722036678
1518797758 2148760 1486457839403 161722036678
1518797768 2148760 1486457839403 161722036678
1518797778 2148760 1486457839403 161722036678
1518797788 2148760 1486457839403 161722036678
1518797798 2148760 1486457839403 161722036678
1518797809 2148764 1486457839403 161722036678
1518797819 2148764 1486457839403 161722036678
1518797829 2148764 1486457839403 161722036678
1518797839 2148764 1486457839403 161722036678
1518797849 2148764 1486457839403 161722036678
1518797859 2148764 1486457839403 161722036678
1518797870 2148764 1486457839403 161722036678
1518797880 2148768 1486457839403 161722036678
1518797890 2148768 1486457839403 161722036678
1518797901 2148768 1486457839403 161722036678
1518797911 2148768 1486457839403 161722036678
1518797921 2148768 1486457839403 161722036678
1518797931 2148768 1486457839403 161722036678
1518797942 2148768 1486457839403 161722036678
1518797952 2148772 1486457839403 161722036678
1518797962 2148772 1486457839403 161722036678
1518797972 2148772 1486457839403 161722036678
1518797982 2148772 1486457839403 161722036678
1518797992 2148772 1486457839403 161722036678
1518798002 2148772 1486457839403 161722036678
1518798013 2148772 1486457839403 161722036678
1518798023 2148772 1486457839403 161722036678
1518798033 2148776 1486457839403 161722036678
1518798043 2148776 1486457839403 161722036678
1518798053 2148776 1486457839403 161722036678
1518798063 2148776 1486457839403 161722036678
1518798074 2148776 1486457839403 161722036678
1518798084 2148776 1486457839403 161722036678
1518798094 2148776 1486457839403 161722036678
1518798104 2148780 1486457839403 161722036678
1518798114 2148780 1486457839403 161722036678
1518798124 2148780 1486457839403 161722036678
1518798135 2148780 1486457839403 161722036678
1518798145 2148780 1486457839403 161722036678
1518798155 2148780 1486457839403 161722036678
1518798165 2148780 1486457839403 161722036678
1518798175 2148780 1486457839403 161722036678
1518798185 2148784 1486457839403 161722036678
1518798196 2148784 1486457839403 161722036678
1518798206 2148784 1486457839403 161722036678
1518798216 2148784 1486457839403 161722036678
1518798226 2148784 1486457839403 161722036678
1518798237 2148784 1486457839403 161722036678
1518798247 2148784 1486457839403 161722036678
1518798257 2148788 1486457839403 161722036678
1518798267 2148788 1486457839403 161722036678
1518798277 2148788 1486457839403 161722036678
1518798287 2148788 1486457839403 161722036678
1518798298 2148788 1486457839403 161722036678
1518798308 2148788 1486457839403 161722036678
1518798318 2148788 1486457839403 161722036678
1518798328 2148792 1486457839403 161722036678
1518798338 2148792 1486457839403 161722036678
1518798348 2148792 1486457839403 161722036678
1518798359 2148792 1486457839403 161722036678
1518798369 2148792 1486457839403 161722036678
1518798379 2148792 1486457839403 161722036678
1518798389 2148792 1486457839403 161722036678
1518798399 2148792 1486457839403 161722036678
1518798409 2148796 1486457839403 161722036678
1518798420 2148796 1486457839403 161722036678
1518798430 2148796 1486457839403 161722036678
1518798440 2148796 1486457839403 161722036678
1518798450 2148796 1486457839403 161722036678
1518798460 2148796 1486457839403 161722036678
1518798470 2148796 1486457839403 161722036678
1518798480 2148800 1486457839403 161722036678
1518798491 2148800 1486457839403 161722036678
1518798501 2148800 1486457839403 161722036678
1518798511 2148800 1486457839403 161722036678
1518798521 2148800 1486457839403 161722036678
1518798531 2148800 1486457839403 161722036678
1518798541 2148800 1486457839403 161722036678
1518798552 2148804 1486457839403 161722036678
1518798562 2148804 1486457839403 161722036678
1518798572 2148804 1486457839403 161722036678
1518798582 2148804 1486457839403 161722036678
1518798592 2148804 1486457839403 161722036678
1518798602 2148804 1486457839403 161722036678
1518798613 2148804 1486457839403 161722036678
1518798623 2148804 1486457839403 161722036678
1518798633 2148808 1486457839403 161722036678
1518798643 2148808 1486457839403 161722036678
1518798653 2148808 1486457839403 161722036678
1518798663 2148808 1486457839403 161722036678
1518798673 2148808 1486457839403 161722036678
1518798684 2148808 1486457839403 161722036678
1518798694 2148808 1486457839403 161722036678
1518798704 2148812 1486457839403 161722036678
1518798714 2148812 1486457839403 161722036678
1518798724 2148812 1486457839403 161722036678
1518798734 2148812 1486457839403 161722036678
1518798745 2148812 1486457839403 161722036678
1518798755 2148812 1486457839403 161722036678
1518798765 2148812 1486457839403 161722036678
1518798775 2148812 1486457839403 161722036678
1518798785 2148816 1486457839403 161722036678
1518798795 2148816 1486457839403 161722036678
1518798805 2148816 1486457839403 161722036678
1518798816 2148816 1486457839403 161722036678
1518798826 2148816 1486457839403 161722036678
1518798836 2148816 1486457839403 161722036678
1518798846 2148816 1486457839403 161722036678
1518798856 2148820 1486457839403 161722036678
1518798866 2148820 1486457839403 161722036678
1518798877 2148820 1486457839403 161722036678
1518798887 2148820 1486457839403 161722036678
1518798897 2148820 1486457839403 161722036678
1518798907 2148820 1486457839403 161722036678
1518798917 2148820 1486457839403 161722036678
1518798927 2148824 1486457839403 161722036678
1518798938 2148824 1486457839403 161722036678
1518798948 2148824 1486457839403 161722036678
1518798958 2148824 1486457839403 161722036678
1518798968 2148824 1486457839403 161722036678
1518798978 2148824 1486457839403 161722036678
1518798988 2148824 1486457839403 161722036678
1518798998 2148824 1486457839403 161722036678
1518799009 2148828 1486457839403 161722036678
1518799019 2148828 1486457839403 161722036678
1518799029 2148828 1486457839403 161722036678
1518799039 2148828 1486457839403 161722036678
1518799049 2148828 1486457839403 161722036678
1518799059 2148828 1486457839403 161722036678
1518799070 2148828 1486457839403 161722036678
1518799080 2148832 1486457839403 161722036678
1518799090 2148832 1486457839403 161722036678
1518799100 2148832 1486457839403 161722036678
1518799110 2148832 1486457839403 161722036678
1518799120 2148832 1486457839403 161722036678
1518799131 2148832 1486457839403 161722036678
1518799141 2148832 1486457839403 161722036678
1518799151 2148836 1486457839403 161722036678
1518799161 2148836 1486457839403 161722036678
1518799171 2148836 1486457839403 161722036678
1518799182 2148836 1486457839403 161722036678
1518799192 2148836 1486457839403 161722036678
1518799202 2148836 1486457839403 161722036678
1518799212 2148836 1486457839403 161722036678
1518799223 2148836 1486457839403 161722036678
1518799233 2148840 1486457839403 161722036678
1518799243 2148840 1486457839403 161722036678
1518799253 2148840 1486457839403 161722036678
1518799263 2148840 1486457839403 161722036678
1518799273 2148840 1486457839403 161722036678
1518799283 2148840 1486457839403 161722036678
1518799294 2148840 1486457839403 161722036678
1518799304 2148844 1486457839403 161722036678
1518799314 2148844 1486457839403 161722036678
1518799324 2148844 1486457839403 161722036678
1518799334 2148844 1486457839403 161722036678
1518799344 2148844 1486457839403 161722036678
1518799355 2148844 1486457839403 161722036678
1518799365 2148844 1486457839403 161722036678
1518799375 2148844 1486457839403 161722036678
1518799385 2148848 1486457839403 161722036678
1518799395 2148848 1486457839403 161722036678
1518799405 2148848 1486457839403 161722036678
1518799415 2148848 1486457839403 161722036678
1518799426 2148848 1486457839403 161722036678
1518799436 2148848 1486457839403 161722036678
1518799446 2148848 1486457839403 161722036678
1518799456 2148852 1486457839403 161722036678
1518799466 2148852 1486457839403 161722036678
1518799476 2148852 1486457839403 161722036678
1518799487 2148852 1486457839403 161722036678
1518799497 2148852 1486457839403 161722036678
1518799507 2148852 1486457839403 161722036678
1518799517 2148852 1486457839403 161722036678
1518799527 2148856 1486457839403 161722036678
1518799537 2148856 1486457839403 161722036678
1518799547 2148856 1486457839403 161722036678
1518799558 2148856 1486457839403 161722036678
1518799568 2148856 1486457839403 161722036678
1518799578 2148856 1486457839403 161722036678
1518799588 2148856 1486457839403 161722036678
1518799598 2148856 1486457839403 161722036678
1518799608 2148860 1486457839403 161722036678
1518799619 2148860 1486457839403 161722036678
1518799629 2148860 1486457839403 161722036678
1518799639 2148860 1486457839403 161722036678
1518799649 2148860 1486457839403 161722036678
1518799659 2148860 1486457839403 161722036678
1518799669 2148860 1486457839403 161722036678
1518799679 2148864 1486457839403 161722036678
1518799690 2148864 1486457839403 161722036678
1518799700 2148864 1486457839403 161722036678
1518799710 2148864 1486457839403 161722036678
1518799720 2148864 1486457839403 161722036678
1518799730 2148864 1486457839403 161722036678
1518799740 2148864 1486457839403 161722036678
1518799751 2148864 1486457839403 161722036678
1518799761 2148868 1486457839403 161722036678
1518799771 2148868 1486457839403 161722036678
1518799781 2148868 1486457839403 161722036678
1518799791 2148868 1486457839403 161722036678
1518799801 2148868 1486457839403 161722036678
1518799812 2148868 1486457839403 161722036678
1518799822 2148868 1486457839403 161722036678
1518799832 2148872 1486457839403 161722036678
1518799842 2148872 1486457839403 161722036678
1518799852 2148872 1486457839403 161722036678
1518799862 2148872 1486457839403 161722036678
1518799872 2148872 1486457839403 161722036678
1518799883 2148872 1486457839403 161722036678
1518799893 2148872 1486457839403 161722036678
1518799903 2148876 1486457839403 161722036678
1518799913 2148876 1486457839403 161722036678
1518799923 2148876 1486457839403 161722036678
1518799933 2148876 1486457839403 161722036678
1518799943 2148876 1486457839403 161722036678
1518799954 2148876 1486457839403 161722036678
1518799964 2148876 1486457839403 161722036678
1518799974 2148876 1486457839403 161722036678
1518799984 2148880 1486457839403 161722036678
1518799994 2148880 1486457839403 161722036678
1518800004 2148880 1486457839403 161722036678
1518800015 2148880 1486457839403 161722036678
1518800025 2148880 1486457839403 161722036678
1518800035 2148880 1486457839403 161722036678
1518800045 2148880 1486457839403 161722036678
1518800055 2148884 1486457839403 161722036678
1518800065 2148884 1486457839403 161722036678
1518800075 2148884 1486457839403 161722036678
1518800086 2148884 1486457839403 161722036678
1518800096 2148884 1486457839403 161722036678
1518800106 2148884 1486457839403 161722036678
1518800116 2148884 1486457839403 161722036678
1518800126 2148888 1486457839403 161722036678
1518800136 2148888 1486457839403 161722036678
1518800147 2148888 1486457839403 161722036678
1518800157 2148888 1486457839403 161722036678
1518800167 2148888 1486457839403 161722036678
1518800177 2148888 1486457839403 161722036678
1518800187 2148888 1486457839403 161722036678
1518800197 2148888 1486457839403 161722036678
1518800207 2148892 1486457839403 161722036678
1518800218 2148892 1486457839403 161722036678
1518800228 2148892 1486457839403 161722036678
1518800238 2148892 1486457839403 161722036678
1518800248 2148892 1486457839403 161722036678
1518800258 2148892 1486457839403 161722036678
1518800268 2148892 1486457839403 161722036678
1518800278 2148896 1486457839403 161722036678
1518800289 2148896 1486457839403 161722036678
1518800299 2148896 1486457839403 161722036678
1518800309 2148896 1486457839403 161722036678
1518800319 2148896 1486457839403 161722036678
1518800329 2148896 1486457839403 161722036678
1518800340 2148896 1486457839403 161722036678
1518800350 2148896 1486457839403 161722036678
1518800360 2148900 1486457839403 161722036678
1518800370 2148900 1486457839403 161722036678
1518800380 2148900 1486457839403 161722036678
1518800390 2148900 1486457839403 161722036678
1518800400 2148900 1486457839403 161722036678
1518800411 2148900 1486457839403 161722036678
1518800421 2148900 1486457839403 161722036678
1518800431 2148904 1486457839403 161722036678
1518800441 2148904 1486457839403 161722036678
1518800451 2148904 1486457839403 161722036678
1518800461 2148904 1486457839403 161722036678
1518800472 2148904 1486457839403 161722036678
1518800482 2148904 1486457839403 161722036678
1518800492 2148904 1486457839403 161722036678
1518800502 2148908 1486457839403 161722036678
1518800512 2148908 1486457839403 161722036678
1518800522 2148908 1486457839403 161722036678
1518800532 2148908 1486457839403 161722036678
1518800543 2148908 1486457839403 161722036678
1518800553 2148908 1486457839403 161722036678
1518800563 2148908 1486457839403 161722036678
1518800573 2148908 1486457839403 161722036678
1518800583 2148912 1486457839403 161722036678
1518800593 2148912 1486457839403 161722036678
1518800603 2148912 1486457839403 161722036678
1518800614 2148912 1486457839403 161722036678
1518800624 2148912 1486457839403 161722036678
1518800634 2148912 1486457839403 161722036678
1518800644 2148912 1486457839403 161722036678
1518800654 2148916 1486457839403 161722036678
1518800664 2148916 1486457839403 161722036678
1518800675 2148916 1486457839403 161722036678
1518800685 2148916 1486457839403 161722036678
1518800695 2148916 1486457839403 161722036678
1518800705 2148916 1486457839403 161722036678
1518800715 2148916 1486457839403 161722036678
1518800725 2148916 1486457839403 161722036678
1518800736 2148920 1486457839403 161722036678
1518800746 2148920 1486457839403 161722036678
1518800756 2148920 1486457839403 161722036678
1518800766 2148920 1486457839403 161722036678
1518800776 2148920 1486457839403 161722036678
1518800786 2148920 1486457839403 161722036678
1518800796 2148920 1486457839403 161722036678
1518800807 2148924 1486457839403 161722036678
1518800817 2148924 1486457839403 161722036678
1518800827 2148924 1486457839403 161722036678
1518800837 2148924 1486457839403 161722036678
1518800847 2148924 1486457839403 161722036678
1518800858 2148924 1486457839403 161722036678
1518800868 2148924 1486457839403 161722036678
1518800878 2148928 1486457839403 161722036678
1518800888 2148928 1486457839403 161722036678
1518800898 2148928 1486457839403 161722036678
1518800908 2148928 1486457839403 161722036678
1518800919 2148928 1486457839403 161722036678
1518800929 2148928 1486457839403 161722036678
1518800939 2148928 1486457839403 161722036678
1518800949 2148928 1486457839403 161722036678
1518800959 2148932 1486457839403 161722036678
1518800969 2148932 1486457839403 161722036678
1518800980 2148932 1486457839403 161722036678
1518800990 2148932 1486457839403 161722036678
1518801000 2148932 1486457839403 161722036678
1518801010 2148932 1486457839403 161722036678
1518801020 2148932 1486457839403 161722036678
1518801030 2148936 1486457839403 161722036678
1518801040 2148936 1486457839403 161722036678
1518801051 2148936 1486457839403 161722036678
1518801061 2148936 1486457839403 161722036678
1518801071 2148936 1486457839403 161722036678
1518801081 2148936 1486457839403 161722036678
1518801091 2148936 1486457839403 161722036678
1518801101 2148940 1486457839403 161722036678
1518801112 2148940 1486457839403 161722036678
1518801122 2148940 1486457839403 161722036678
1518801132 2148940 1486457839403 161722036678
1518801142 2148940 1486457839403 161722036678
1518801152 2148940 1486457839403 161722036678
1518801162 2148940 1486457839403 161722036678
1518801172 2148940 1486457839403 161722036678
1518801183 2148944 1486457839403 161722036678
1518801193 2148944 1486457839403 161722036678
1518801203 2148944 1486457839403 161722036678
1518801213 2148944 1486457839403 161722036678
1518801223 2148944 1486457839403 161722036678
1518801233 2148944 1486457839403 161722036678
1518801244 2148944 1486457839403 161722036678
1518801254 2148948 1486457839403 161722036678
1518801264 2148948 1486457839403 161722036678
1518801274 2148948 1486457839403 161722036678
1518801284 2148948 1486457839403 161722036678
1518801294 2148948 1486457839403 161722036678
1518801304 2148948 1486457839403 161722036678
1518801315 2148948 1486457839403 161722036678
1518801325 2148948 1486457839403 161722036678
1518801335 2148952 1486457839403 161722036678
1518801345 2148952 1486457839403 161722036678
1518801355 2148952 1486457839403 161722036678
1518801365 2148952 1486457839403 161722036678
1518801376 2148952 1486457839403 161722036678
1518801386 2148952 1486457839403 161722036678
1518801396 2148952 1486457839403 161722036678
1518801406 2148956 1486457839403 161722036678
1518801416 2148956 1486457839403 161722036678
1518801426 2148956 1486457839403 161722036678
1518801436 2148956 1486457839403 161722036678
1518801447 2148956 1486457839403 161722036678
1518801457 2148956 1486457839403 161722036678
1518801467 2148956 1486457839403 161722036678
1518801477 2148960 1486457839403 161722036678
1518801487 2148960 1486457839403 161722036678
1518801497 2148960 1486457839403 161722036678
1518801508 2148960 1486457839403 161722036678
1518801518 2148960 1486457839403 161722036678
1518801528 2148960 1486457839403 161722036678
1518801538 2148960 1486457839403 161722036678
1518801548 2148960 1486457839403 161722036678
1518801558 2148964 1486457839403 161722036678
1518801568 2148964 1486457839403 161722036678
1518801579 2148964 1486457839403 161722036678
1518801589 2148964 1486457839403 161722036678
1518801599 2148964 1486457839403 161722036678
1518801609 2148964 1486457839403 161722036678
1518801619 2148964 1486457839403 161722036678
1518801629 2148968 1486457839403 161722036678
1518801640 2148968 1486457839403 161722036678
1518801650 2148968 1486457839403 161722036678
1518801660 2148968 1486457839403 161722036678
1518801670 2148968 1486457839403 161722036678
1518801680 2148968 1486457839403 161722036678
1518801690 2148968 1486457839403 161722036678
1518801701 2148968 1486457839403 161722036678
1518801711 2148972 1486457839403 161722036678
1518801721 2148972 1486457839403 161722036678
1518801731 2148972 1486457839403 161722036678
1518801741 2148972 1486457839403 161722036678
1518801751 2148972 1486457839403 161722036678
1518801761 2148972 1486457839403 161722036678
1518801772 2148972 1486457839403 161722036678
1518801782 2148976 1486457839403 161722036678
1518801792 2148976 1486457839403 161722036678
1518801802 2148976 1486457839403 161722036678
1518801812 2148976 1486457839403 161722036678
1518801822 2148976 1486457839403 161722036678
1518801833 2148976 1486457839403 161722036678
1518801843 2148976 1486457839403 161722036678
1518801853 2148980 1486457839403 161722036678
1518801863 2148980 1486457839403 161722036678
1518801873 2148980 1486457839403 161722036678
1518801883 2148980 1486457839403 161722036678
1518801894 2148980 1486457839403 161722036678
1518801904 2148980 1486457839403 161722036678
1518801914 2148980 1486457839403 161722036678
1518801924 2148980 1486457839403 161722036678
1518801934 2148984 1486457839403 161722036678
1518801944 2148984 1486457839403 161722036678
1518801954 2148984 1486457839403 161722036678
1518801965 2148984 1486457839403 161722036678
1518801975 2148984 1486457839403 161722036678
1518801985 2148984 1486457839403 161722036678
1518801995 2148984 1486457839403 161722036678
1518802005 2148988 1486457839403 161722036678
1518802015 2148988 1486457839403 161722036678
1518802026 2148988 1486457839403 161722036678
1518802036 2148988 1486457839403 161722036678
1518802046 2148988 1486457839403 161722036678
1518802056 2148988 1486457839403 161722036678
1518802066 2148988 1486457839403 161722036678
1518802076 2148992 1486457839403 161722036678
1518802087 2148992 1486457839403 161722036678
1518802097 2148992 1486457839403 161722036678
1518802107 2148992 1486457839403 161722036678
1518802117 2148992 1486457839403 161722036678
1518802127 2148992 1486457839403 161722036678
1518802137 2148992 1486457839403 161722036678
1518802147 2148992 1486457839403 161722036678
1518802158 2148996 1486457839403 161722036678
1518802168 2148996 1486457839403 161722036678
1518802178 2148996 1486457839403 161722036678
1518802188 2148996 1486457839403 161722036678
1518802198 2148996 1486457839403 161722036678
1518802208 2148996 1486457839403 161722036678
1518802219 2148996 1486457839403 161722036678
1518802229 2149000 1486457839403 161722036678
1518802239 2149000 1486457839403 161722036678
1518802249 2149000 1486457839403 161722036678
1518802259 2149000 1486457839403 161722036678
1518802269 2149000 1486457839403 161722036678
1518802279 2149000 1486457839403 161722036678
1518802290 2149000 1486457839403 161722036678
1518802300 2149000 1486457839403 161722036678
1518802310 2149004 1486457839403 161722036678
1518802320 2149004 1486457839403 161722036678
1518802330 2149004 1486457839403 161722036678
1518802340 2149004 1486457839403 161722036678
1518802351 2149004 1486457839403 161722036678
1518802361 2149004 1486457839403 161722036678
1518802371 2149004 1486457839403 161722036678
1518802381 2149008 1486457839403 161722036678
1518802391 2149008 1486457839403 161722036678
1518802401 2149008 1486457839403 161722036678
1518802412 2149008 1486457839403 161722036678
1518802422 2149008 1486457839403 161722036678
1518802433 2149008 1486457839403 161722036678
1518802443 2149008 1486457839403 161722036678
1518802453 2149012 1486457839403 161722036678
1518802463 2149012 1486457839403 161722036678
1518802473 2149012 1486457839403 161722036678
1518802483 2149012 1486457839403 161722036678
1518802493 2149012 1486457839403 161722036678
1518802504 2149012 1486457839403 161722036678
1518802514 2149012 1486457839403 161722036678
1518802524 2149012 1486457839403 161722036678
1518802534 2149016 1486457839403 161722036678
1518802544 2149016 1486457839403 161722036678
1518802554 2149016 1486457839403 161722036678
1518802565 2149016 1486457839403 161722036678
1518802575 2149016 1486457839403 161722036678
1518802585 2149016 1486457839403 161722036678
1518802595 2149016 1486457839403 161722036678
1518802605 2149020 1486457839403 161722036678
1518802615 2149020 1486457839403 161722036678
1518802626 2149020 1486457839403 161722036678
1518802636 2149020 1486457839403 161722036678
1518802646 2149020 1486457839403 161722036678
1518802656 2149020 1486457839403 161722036678
1518802666 2149020 1486457839403 161722036678
1518802676 2149024 1486457839403 161722036678
1518802686 2149024 1486457839403 161722036678
1518802697 2149024 1486457839403 161722036678
1518802707 2149024 1486457839403 161722036678
1518802717 2149024 1486457839403 161722036678
1518802727 2149024 1486457839403 161722036678
1518802737 2149024 1486457839403 161722036678
1518802748 2149024 1486457839403 161722036678
1518802758 2149028 1486457839403 161722036678
1518802768 2149028 1486457839403 161722036678
1518802778 2149028 1486457839403 161722036678
1518802788 2149028 1486457839403 161722036678
1518802799 2149028 1486457839403 161722036678
1518802809 2149028 1486457839403 161722036678
1518802819 2149028 1486457839403 161722036678
1518802829 2149032 1486457839403 161722036678
1518802839 2149032 1486457839403 161722036678
1518802849 2149032 1486457839403 161722036678
1518802860 2149032 1486457839403 161722036678
1518802870 2149032 1486457839403 161722036678
1518802880 2149032 1486457839403 161722036678
1518802890 2149032 1486457839403 161722036678
1518802900 2149032 1486457839403 161722036678
1518802910 2149036 1486457839403 161722036678
1518802920 2149036 1486457839403 161722036678
1518802931 2149036 1486457839403 161722036678
1518802941 2149036 1486457839403 161722036678
1518802951 2149036 1486457839403 161722036678
1518802961 2149036 1486457839403 161722036678
1518802971 2149036 1486457839403 161722036678
1518802981 2149040 1486457839403 161722036678
1518802992 2149040 1486457839403 161722036678
1518803002 2149040 1486457839403 161722036678
1518803012 2149040 1486457839403 161722036678
1518803022 2149040 1486457839403 161722036678
1518803032 2149040 1486457839403 161722036678
1518803042 2149040 1486457839403 161722036678
1518803052 2149044 1486457839403 161722036678
1518803063 2149044 1486457839403 161722036678
1518803073 2149044 1486457839403 161722036678
1518803083 2149044 1486457839403 161722036678
1518803093 2149044 1486457839403 161722036678
1518803103 2149044 1486457839403 161722036678
1518803113 2149044 1486457839403 161722036678
1518803124 2149044 1486457839403 161722036678
1518803134 2149048 1486457839403 161722036678
1518803144 2149048 1486457839403 161722036678
1518803154 2149048 1486457839403 161722036678
1518803164 2149048 1486457839403 161722036678
1518803174 2149048 1486457839403 161722036678
1518803185 2149048 1486457839403 161722036678
1518803195 2149048 1486457839403 161722036678
1518803205 2149052 1486457839403 161722036678
1518803215 2149052 1486457839403 161722036678
1518803225 2149052 1486457839403 161722036678
1518803235 2149052 1486457839403 161722036678
1518803246 2149052 1486457839403 161722036678
1518803256 2149052 1486457839403 161722036678
1518803266 2149052 1486457839403 161722036678
1518803276 2149052 1486457839403 161722036678
1518803286 2149056 1486457839403 161722036678
1518803296 2149056 1486457839403 161722036678
1518803306 2149056 1486457839403 161722036678
1518803317 2149056 1486457839403 161722036678
1518803327 2149056 1486457839403 161722036678
1518803337 2149056 1486457839403 161722036678
1518803347 2149056 1486457839403 161722036678
1518803357 2149060 1486457839403 161722036678
1518803367 2149060 1486457839403 161722036678
1518803378 2149060 1486457839403 161722036678
1518803388 2149060 1486457839403 161722036678
1518803398 2149060 1486457839403 161722036678
1518803408 2149060 1486457839403 161722036678
1518803418 2149060 1486457839403 161722036678
1518803428 2149064 1486457839403 161722036678
1518803438 2149064 1486457839403 161722036678
1518803449 2149064 1486457839403 161722036678
1518803459 2149064 1486457839403 161722036678
1518803469 2149064 1486457839403 161722036678
1518803479 2149064 1486457839403 161722036678
1518803489 2149064 1486457839403 161722036678
1518803500 2149064 1486457839403 161722036678
1518803510 2149068 1486457839403 161722036678
1518803520 2149068 1486457839403 161722036678
1518803530 2149068 1486457839403 161722036678
1518803540 2149068 1486457839403 161722036678
1518803550 2149068 1486457839403 161722036678
1518803560 2149068 1486457839403 161722036678
1518803571 2149068 1486457839403 161722036678
1518803581 2149072 1486457839403 161722036678
1518803591 2149072 1486457839403 161722036678
1518803601 2149072 1486457839403 161722036678
1518803611 2149072 1486457839403 161722036678
1518803621 2149072 1486457839403 161722036678
1518803632 2149072 1486457839403 161722036678
1518803642 2149072 1486457839403 161722036678
1518803652 2149076 1486457839403 161722036678
1518803662 2149076 1486457839403 161722036678
1518803672 2149076 1486457839403 161722036678
1518803682 2149076 1486457839403 161722036678
1518803693 2149076 1486457839403 161722036678
1518803703 2149076 1486457839403 161722036678
1518803713 2149076 1486457839403 161722036678
1518803723 2149076 1486457839403 161722036678
1518803733 2149080 1486457839403 161722036678
1518803743 2149080 1486457839403 161722036678
1518803754 2149080 1486457839403 161722036678
1518803764 2149080 1486457839403 161722036678
1518803774 2149080 1486457839403 161722036678
1518803784 2149080 1486457839403 161722036678
1518803794 2149080 1486457839403 161722036678
1518803804 2149084 1486457839403 161722036678
1518803814 2149084 1486457839403 161722036678
1518803825 2149084 1486457839403 161722036678
1518803835 2149084 1486457839403 161722036678
1518803845 2149084 1486457839403 161722036678
1518803855 2149084 1486457839403 161722036678
1518803865 2149084 1486457839403 161722036678
1518803875 2149084 1486457839403 161722036678
1518803886 2149088 1486457839403 161722036678
1518803896 2149088 1486457839403 161722036678
1518803906 2149088 1486457839403 161722036678
1518803916 2149088 1486457839403 161722036678
1518803926 2149088 1486457839403 161722036678
1518803936 2149088 1486457839403 161722036678
1518803947 2149088 1486457839403 161722036678
1518803957 2149092 1486457839403 161722036678
1518803967 2149092 1486457839403 161722036678
1518803977 2149092 1486457839403 161722036678
1518803987 2149092 1486457839403 161722036678
1518803997 2149092 1486457839403 161722036678
1518804008 2149092 1486457839403 161722036678
1518804018 2149092 1486457839403 161722036678
1518804028 2149096 1486457839403 161722036678
1518804038 2149096 1486457839403 161722036678
1518804048 2149096 1486457839403 161722036678
1518804058 2149096 1486457839403 161722036678
1518804068 2149096 1486457839403 161722036678
1518804079 2149096 1486457839403 161722036678
1518804089 2149096 1486457839403 161722036678
1518804099 2149096 1486457839403 161722036678
1518804109 2149100 1486457839403 161722036678
1518804119 2149100 1486457839403 161722036678
1518804129 2149100 1486457839403 161722036678
1518804140 2149100 1486457839403 161722036678
1518804150 2149100 1486457839403 161722036678
1518804160 2149100 1486457839403 161722036678
1518804170 2149100 1486457839403 161722036678
1518804180 2149104 1486457839403 161722036678
1518804190 2149104 1486457839403 161722036678
1518804201 2149104 1486457839403 161722036678
1518804211 2149104 1486457839403 161722036678
1518804221 2149104 1486457839403 161722036678
1518804231 2149104 1486457839403 161722036678
1518804241 2149104 1486457839403 161722036678
1518804251 2149104 1486457839403 161722036678
1518804262 2149108 1486457839403 161722036678
1518804272 2149108 1486457839403 161722036678
1518804282 2149108 1486457839403 161722036678
1518804292 2149108 1486457839403 161722036678
1518804302 2149108 1486457839403 161722036678
1518804312 2149108 1486457839403 161722036678
1518804323 2149108 1486457839403 161722036678
1518804333 2149112 1486457839403 161722036678
1518804343 2149112 1486457839403 161722036678
1518804353 2149112 1486457839403 161722036678
1518804364 2149112 1486457839403 161722036678
1518804374 2149112 1486457839403 161722036678
1518804384 2149112 1486457839403 161722036678
1518804394 2149112 1486457839403 161722036678
1518804404 2149116 1486457839403 161722036678
1518804414 2149116 1486457839403 161722036678
1518804425 2149116 1486457839403 161722036678
1518804435 2149116 1486457839403 161722036678
1518804445 2149116 1486457839403 161722036678
1518804455 2149116 1486457839403 161722036678
1518804465 2149116 1486457839403 161722036678
1518804475 2149116 1486457839403 161722036678
1518804486 2149120 1486457839403 161722036678
1518804496 2149120 1486457839403 161722036678
1518804506 2149120 1486457839403 161722036678
1518804516 2149120 1486457839403 161722036678
1518804526 2149120 1486457839403 161722036678
1518804536 2149120 1486457839403 161722036678
1518804547 2149120 1486457839403 161722036678
1518804557 2149124 1486457839403 161722036678
1518804567 2149124 1486457839403 161722036678
1518804577 2149124 1486457839403 161722036678
1518804587 2149124 1486457839403 161722036678
1518804597 2149124 1486457839403 161722036678
1518804607 2149124 1486457839403 161722036678
1518804618 2149124 1486457839403 161722036678
1518804628 2149124 1486457839403 161722036678
1518804638 2149128 1486457839403 161722036678
1518804648 2149128 1486457839403 161722036678
1518804658 2149128 1486457839403 161722036678
1518804668 2149128 1486457839403 161722036678
1518804679 2149128 1486457839403 161722036678
1518804689 2149128 1486457839403 161722036678
1518804699 2149128 1486457839403 161722036678
1518804709 2149132 1486457839403 161722036678
1518804719 2149132 1486457839403 161722036678
1518804729 2149132 1486457839403 161722036678
1518804739 2149132 1486457839403 161722036678
1518804750 2149132 1486457839403 161722036678
1518804760 2149132 1486457839403 161722036678
1518804770 2149132 1486457839403 161722036678
1518804780 2149136 1486457839403 161722036678
1518804790 2149136 1486457839403 161722036678
1518804800 2149136 1486457839403 161722036678
1518804811 2149136 1486457839403 161722036678
1518804821 2149136 1486457839403 161722036678
1518804831 2149136 1486457839403 161722036678
1518804841 2149136 1486457839403 161722036678
1518804851 2149136 1486457839403 161722036678
1518804861 2149140 1486457839403 161722036678
1518804872 2149140 1486457839403 161722036678
1518804882 2149140 1486457839403 161722036678
1518804892 2149140 1486457839403 161722036678
1518804902 2149140 1486457839403 161722036678
1518804912 2149140 1486457839403 161722036678
1518804922 2149140 1486457839403 161722036678
1518804932 2149144 1486457839403 161722036678
1518804943 2149144 1486457839403 161722036678
1518804953 2149144 1486457839403 161722036678
1518804963 2149144 1486457839403 161722036678
1518804973 2149144 1486457839403 161722036678
1518804983 2149144 1486457839403 161722036678
1518804993 2149144 1486457839403 161722036678
1518805004 2149148 1486457839403 161722036678
1518805014 2149148 1486457839403 161722036678
1518805024 2149148 1486457839403 161722036678
1518805034 2149148 1486457839403 161722036678
1518805044 2149148 1486457839403 161722036678
1518805054 2149148 1486457839403 161722036678
1518805065 2149148 1486457839403 161722036678
1518805075 2149148 1486457839403 161722036678
1518805085 2149152 1486457839403 161722036678
1518805095 2149152 1486457839403 161722036678
1518805106 2149152 1486457839403 161722036678
1518805116 2149152 1486457839403 161722036678
1518805126 2149152 1486457839403 161722036678
1518805136 2149152 1486457839403 161722036678
1518805146 2149152 1486457839403 161722036678
1518805156 2149156 1486457839403 161722036678
1518805167 2149156 1486457839403 161722036678
1518805177 2149156 1486457839403 161722036678
1518805187 2149156 1486457839403 161722036678
1518805197 2149156 1486457839403 161722036678
1518805207 2149156 1486457839403 161722036678
1518805217 2149156 1486457839403 161722036678
1518805228 2149156 1486457839403 161722036678
1518805238 2149160 1486457839403 161722036678
1518805248 2149160 1486457839403 161722036678
1518805258 2149160 1486457839403 161722036678
1518805268 2149160 1486457839403 161722036678
1518805278 2149160 1486457839403 161722036678
1518805289 2149160 1486457839403 161722036678
1518805299 2149160 1486457839403 161722036678
1518805309 2149164 1486457839403 161722036678
1518805319 2149164 1486457839403 161722036678
1518805329 2149164 1486457839403 161722036678
1518805339 2149164 1486457839403 161722036678
1518805349 2149164 1486457839403 161722036678
1518805360 2149164 1486457839403 161722036678
1518805370 2149164 1486457839403 161722036678
1518805380 2149168 1486457839403 161722036678
1518805390 2149168 1486457839403 161722036678
1518805400 2149168 1486457839403 161722036678
1518805410 2149168 1486457839403 161722036678
1518805421 2149168 1486457839403 161722036678
1518805431 2149168 1486457839403 161722036678
1518805441 2149168 1486457839403 161722036678
1518805451 2149168 1486457839403 161722036678
1518805461 2149172 1486457839403 161722036678
1518805471 2149172 1486457839403 161722036678
1518805482 2149172 1486457839403 161722036678
1518805492 2149172 1486457839403 161722036678
1518805502 2149172 1486457839403 161722036678
1518805512 2149172 1486457839403 161722036678
1518805522 2149172 1486457839403 161722036678
1518805532 2149176 1486457839403 161722036678
1518805542 2149176 1486457839403 161722036678
1518805553 2149176 1486457839403 161722036678
1518805563 2149176 1486457839403 161722036678
1518805573 2149176 1486457839403 161722036678
1518805583 2149176 1486457839403 161722036678
1518805593 2149176 1486457839403 161722036678
1518805603 2149176 1486457839403 161722036678
1518805614 2149180 1486457839403 161722036678
1518805624 2149180 1486457839403 161722036678
1518805634 2149180 1486457839403 161722036678
1518805644 2149180 1486457839403 161722036678
1518805654 2149180 1486457839403 161722036678
1518805664 2149180 1486457839403 161722036678
1518805675 2149180 1486457839403 161722036678
1518805685 2149184 1486457839403 161722036678
1518805695 2149184 1486457839403 161722036678
1518805705 2149184 1486457839403 161722036678
1518805715 2149184 1486457839403 161722036678
1518805725 2149184 1486457839403 161722036678
1518805735 2149184 1486457839403 161722036678
1518805746 2149184 1486457839403 161722036678
1518805756 2149188 1486457839403 161722036678
1518805766 2149188 1486457839403 161722036678
1518805776 2149188 1486457839403 161722036678
1518805786 2149188 1486457839403 161722036678
1518805796 2149188 1486457839403 161722036678
1518805807 2149188 1486457839403 161722036678
1518805817 2149188 1486457839403 161722036678
1518805827 2149188 1486457839403 161722036678
1518805837 2149192 1486457839403 161722036678
1518805847 2149192 1486457839403 161722036678
1518805857 2149192 1486457839403 161722036678
1518805867 2149192 1486457839403 161722036678
1518805878 2149192 1486457839403 161722036678
1518805888 2149192 1486457839403 161722036678
1518805898 2149192 1486457839403 161722036678
1518805908 2149196 1486457839403 161722036678
1518805918 2149196 1486457839403 161722036678
1518805928 2149196 1486457839403 161722036678
1518805939 2149196 1486457839403 161722036678
1518805949 2149196 1486457839403 161722036678
1518805959 2149196 1486457839403 161722036678
1518805969 2149196 1486457839403 161722036678
1518805979 2149196 1486457839403 161722036678
1518805989 2149200 1486457839403 161722036678
1518806000 2149200 1486457839403 161722036678
1518806010 2149200 1486457839403 161722036678
1518806020 2149200 1486457839403 161722036678
1518806030 2149200 1486457839403 161722036678
1518806040 2149200 1486457839403 161722036678
1518806051 2149200 1486457839403 161722036678
1518806061 2149204 1486457839403 161722036678
1518806071 2149204 1486457839403 161722036678
1518806081 2149204 1486457839403 161722036678
1518806092 2149204 1486457839403 161722036678
1518806102 2149204 1486457839403 161722036678
1518806112 2149204 1486457839403 161722036678
1518806122 2149204 1486457839403 161722036678
1518806132 2149208 1486457839403 161722036678
1518806142 2149208 1486457839403 161722036678
1518806153 2149208 1486457839403 161722036678
1518806163 2149208 1486457839403 161722036678
1518806173 2149208 1486457839403 161722036678
1518806183 2149208 1486457839403 161722036678
1518806193 2149208 1486457839403 161722036678
1518806203 2149208 1486457839403 161722036678
1518806213 2149212 1486457839403 161722036678
1518806224 2149212 1486457839403 161722036678
1518806234 2149212 1486457839403 161722036678
1518806244 2149212 1486457839403 161722036678
1518806254 2149212 1486457839403 161722036678
1518806264 2149212 1486457839403 161722036678
1518806274 2149212 1486457839403 161722036678
1518806285 2149216 1486457839403 161722036678
1518806295 2149216 1486457839403 161722036678
1518806305 2149216 1486457839403 161722036678
1518806315 2149216 1486457839403 161722036678
1518806325 2149216 1486457839403 161722036678
1518806335 2149216 1486457839403 161722036678
1518806346 2149216 1486457839403 161722036678
1518806356 2149220 1486457839403 161722036678
1518806366 2149220 1486457839403 161722036678
1518806376 2149220 1486457839403 161722036678
1518806386 2149220 1486457839403 161722036678
1518806396 2149220 1486457839403 161722036678
1518806407 2149220 1486457839403 161722036678
1518806417 2149220 1486457839403 161722036678
1518806427 2149220 1486457839403 161722036678
1518806437 2149224 1486457839403 161722036678
1518806447 2149224 1486457839403 161722036678
1518806457 2149224 1486457839403 161722036678
1518806467 2149224 1486457839403 161722036678
1518806478 2149224 1486457839403 161722036678
1518806488 2149224 1486457839403 161722036678
1518806498 2149224 1486457839403 161722036678
1518806537 2149228 1486457839403 161722036678
1518806547 2149228 1486457839403 161722036678
1518806557 2149228 1486457839403 161722036678
1518806567 2149228 1486457839403 161722036678
1518806578 2149228 1486457839403 161722036678
1518806588 2149232 1486457839403 161722036678
1518806598 2149232 1486457839403 161722036678
1518806608 2149232 1486457839403 161722036678
1518806618 2149232 1486457839403 161722036678
1518806628 2149232 1486457839403 161722036678
1518806639 2149232 1486457839403 161722036678
1518806649 2149232 1486457839403 161722036678
1518806659 2149236 1486457839403 161722036678
1518806669 2149236 1486457839403 161722036678
1518806679 2149236 1486457839403 161722036678
1518806689 2149236 1486457839403 161722036678
1518806699 2149236 1486457839403 161722036678
1518806710 2149236 1486457839403 161722036678
1518806720 2149236 1486457839403 161722036678
1518806730 2149236 1486457839403 161722036678
1518806740 2149240 1486457839403 161722036678
1518806750 2149240 1486457839403 161722036678
1518806760 2149240 1486457839403 161722036678
1518806771 2149240 1486457839403 161722036678
1518806781 2149240 1486457839403 161722036678
1518806791 2149240 1486457839403 161722036678
1518806801 2149240 1486457839403 161722036678
1518806811 2149244 1486457839403 161722036678
1518806821 2149244 1486457839403 161722036678
1518806832 2149244 1486457839403 161722036678
1518806842 2149244 1486457839403 161722036678
1518806852 2149244 1486457839403 161722036678
1518806862 2149244 1486457839403 161722036678
1518806872 2149244 1486457839403 161722036678
1518806882 2149248 1486457839403 161722036678
1518806892 2149248 1486457839403 161722036678
1518806903 2149248 1486457839403 161722036678
1518806913 2149248 1486457839403 161722036678
1518806923 2149248 1486457839403 161722036678
1518806933 2149248 1486457839403 161722036678
1518806944 2149248 1486457839403 161722036678
1518806954 2149248 1486457839403 161722036678
1518806964 2149252 1486457839403 161722036678
1518806974 2149252 1486457839403 161722036678
1518806984 2149252 1486457839403 161722036678
1518806994 2149252 1486457839403 161722036678
1518807005 2149252 1486457839403 161722036678
1518807015 2149252 1486457839403 161722036678
1518807025 2149252 1486457839403 161722036678
1518807035 2149256 1486457839403 161722036678
1518807045 2149256 1486457839403 161722036678
1518807055 2149256 1486457839403 161722036678
1518807066 2149256 1486457839403 161722036678
1518807076 2149256 1486457839403 161722036678
1518807086 2149256 1486457839403 161722036678
1518807096 2149256 1486457839403 161722036678
1518807106 2149256 1486457839403 161722036678
1518807116 2149260 1486457839403 161722036678
1518807127 2149260 1486457839403 161722036678
1518807137 2149260 1486457839403 161722036678
1518807147 2149260 1486457839403 161722036678
1518807157 2149260 1486457839403 161722036678
1518807167 2149260 1486457839403 161722036678
1518807177 2149260 1486457839403 161722036678
1518807188 2149264 1486457839403 161722036678
1518807198 2149264 1486457839403 161722036678
1518807208 2149264 1486457839403 161722036678
1518807218 2149264 1486457839403 161722036678
1518807229 2149264 1486457839403 161722036678
1518807239 2149264 1486457839403 161722036678
1518807249 2149264 1486457839403 161722036678
1518807259 2149268 1486457839403 161722036678
1518807269 2149268 1486457839403 161722036678
1518807279 2149268 1486457839403 161722036678
1518807290 2149268 1486457839403 161722036678
1518807300 2149268 1486457839403 161722036678
1518807310 2149268 1486457839403 161722036678
1518807320 2149268 1486457839403 161722036678
1518807330 2149268 1486457839403 161722036678
1518807340 2149272 1486457839403 161722036678
1518807350 2149272 1486457839403 161722036678
1518807361 2149272 1486457839403 161722036678
1518807371 2149272 1486457839403 161722036678
1518807381 2149272 1486457839403 161722036678
1518807391 2149272 1486457839403 161722036678
1518807401 2149272 1486457839403 161722036678
1518807411 2149276 1486457839403 161722036678
1518807422 2149276 1486457839403 161722036678
1518807432 2149276 1486457839403 161722036678
1518807442 2149276 1486457839403 161722036678
1518807452 2149276 1486457839403 161722036678
1518807462 2149276 1486457839403 161722036678
1518807472 2149276 1486457839403 161722036678
1518807483 2149280 1486457839403 161722036678
1518807493 2149280 1486457839403 161722036678
1518807503 2149280 1486457839403 161722036678
1518807513 2149280 1486457839403 161722036678
1518807523 2149280 1486457839403 161722036678
1518807533 2149280 1486457839403 161722036678
1518807543 2149280 1486457839403 161722036678
1518807554 2149280 1486457839403 161722036678
1518807564 2149284 1486457839403 161722036678
1518807574 2149284 1486457839403 161722036678
1518807584 2149284 1486457839403 161722036678
1518807594 2149284 1486457839403 161722036678
1518807604 2149284 1486457839403 161722036678
1518807615 2149284 1486457839403 161722036678
1518807625 2149284 1486457839403 161722036678
1518807635 2149288 1486457839403 161722036678
1518807645 2149288 1486457839403 161722036678
1518807655 2149288 1486457839403 161722036678
1518807665 2149288 1486457839403 161722036678
1518807676 2149288 1486457839403 161722036678
1518807686 2149288 1486457839403 161722036678
1518807696 2149288 1486457839403 161722036678
1518807707 2149288 1486457839403 161722036678
1518807717 2149292 1486457839403 161722036678
1518807727 2149292 1486457839403 161722036678
1518807737 2149292 1486457839403 161722036678
1518807747 2149292 1486457839403 161722036678
1518807757 2149292 1486457839403 161722036678
