TIMESTAMP        home1-RQ         home1-RD         home1-WR         
1518789499 4280800 13658007613 8653692
1518789509 4281364 13658885231 8653692
1518789519 4281364 13658885231 8653692
1518789530 4281364 13658885231 8653692
1518789540 4281364 13658885231 8653692
1518789552 4281365 13658885231 8653692
1518789562 4281365 13658885231 8653692
1518789572 4281365 13658885231 8653692
1518789582 4281365 13658885231 8653692
1518789592 4281365 13658885231 8653692
1518789602 4281365 13658885231 8653692
1518789612 4281365 13658885231 8653692
1518789623 4281365 13658885231 8653692
1518789633 4281367 13658885231 8653692
1518789643 4281367 13658885231 8653692
1518789653 4281367 13658885231 8653692
1518789664 4281367 13658885231 8653692
1518789674 4281367 13658885231 8653692
1518789684 4281367 13658885231 8653692
1518789694 4281367 13658885231 8653692
1518789704 4281369 13658885231 8653692
1518789715 4281369 13658885231 8653692
1518789725 4281369 13658885231 8653692
1518789735 4281369 13658885231 8653692
1518789745 4281369 13658885231 8653692
1518789755 4281369 13658885231 8653692
1518789766 4281369 13658885231 8653692
1518789776 4281371 13658885231 8653692
1518789786 4281371 13658885231 8653692
1518789796 4281371 13658885231 8653692
1518789806 4281371 13658885231 8653692
1518789816 4281371 13658885231 8653692
1518789826 4281371 13658885231 8653692
1518789837 4281371 13658885231 8653692
1518789847 4281371 13658885231 8653692
1518789857 4281373 13658885231 8653692
1518789867 4281373 13658885231 8653692
1518789877 4281373 13658885231 8653692
1518789887 4281373 13658885231 8653692
1518789897 4281373 13658885231 8653692
1518789908 4281373 13658885231 8653692
1518789918 4281373 13658885231 8653692
1518789928 4281375 13658885231 8653692
1518789938 4281375 13658885231 8653692
1518789948 4281375 13658885231 8653692
1518789958 4281375 13658885231 8653692
1518789968 4281375 13658885231 8653692
1518789979 4281375 13658885231 8653692
1518789989 4281375 13658885231 8653692
1518789999 4281375 13658885231 8653692
1518790009 4281377 13658885231 8653692
1518790019 4281377 13658885231 8653692
1518790029 4281377 13658885231 8653692
1518790039 4281377 13658885231 8653692
1518790050 4281377 13658885231 8653692
1518790060 4281377 13658885231 8653692
1518790070 4281377 13658885231 8653692
1518790080 4281379 13658885231 8653692
1518790090 4281379 13658885231 8653692
1518790100 4281379 13658885231 8653692
1518790110 4281379 13658885231 8653692
1518790121 4281379 13658885231 8653692
1518790131 4281379 13658885231 8653692
1518790141 4281379 13658885231 8653692
1518790151 4281381 13658885231 8653692
1518790161 4281381 13658885231 8653692
1518790171 4281381 13658885231 8653692
1518790181 4281381 13658885231 8653692
1518790192 4281381 13658885231 8653692
1518790202 4281381 13658885231 8653692
1518790212 4281381 13658885231 8653692
1518790222 4281381 13658885231 8653692
1518790232 4281383 13658885231 8653692
1518790242 4281383 13658885231 8653692
1518790253 4281383 13658885231 8653692
1518790263 4281383 13658885231 8653692
1518790273 4281383 13658885231 8653692
1518790283 4281383 13658885231 8653692
1518790293 4281383 13658885231 8653692
1518790303 4281385 13658885231 8653692
1518790313 4281385 13658885231 8653692
1518790324 4281385 13658885231 8653692
1518790334 4281385 13658885231 8653692
1518790344 4281385 13658885231 8653692
1518790354 4281385 13658885231 8653692
1518790364 4281385 13658885231 8653692
1518790374 4281385 13658885231 8653692
1518790385 4281387 13658885231 8653692
1518790395 4281387 13658885231 8653692
1518790405 4281387 13658885231 8653692
1518790415 4281387 13658885231 8653692
1518790425 4281387 13658885231 8653692
1518790435 4281387 13658885231 8653692
1518790445 4281387 13658885231 8653692
1518790456 4281389 13658885231 8653692
1518790466 4281389 13658885231 8653692
1518790476 4281389 13658885231 8653692
1518790486 4281389 13658885231 8653692
1518790496 4281389 13658885231 8653692
1518790506 4281389 13658885231 8653692
1518790516 4281389 13658885231 8653692
1518790527 4281391 13658885231 8653692
1518790537 4281391 13658885231 8653692
1518790547 4281391 13658885231 8653692
1518790557 4281391 13658885231 8653692
1518790567 4281391 13658885231 8653692
1518790578 4281391 13658885231 8653692
1518790588 4281391 13658885231 8653692
1518790598 4281391 13658885231 8653692
1518790608 4281393 13658885231 8653692
1518790618 4281393 13658885231 8653692
1518790628 4281393 13658885231 8653692
1518790638 4281393 13658885231 8653692
1518790649 4281393 13658885231 8653692
1518790659 4281393 13658885231 8653692
1518790669 4281393 13658885231 8653692
1518790679 4281395 13658885231 8653692
1518790689 4281395 13658885231 8653692
1518790699 4281395 13658885231 8653692
1518790709 4281395 13658885231 8653692
1518790720 4281395 13658885231 8653692
1518790730 4281395 13658885231 8653692
1518790740 4281395 13658885231 8653692
1518790750 4281395 13658885231 8653692
1518790760 4281397 13658885231 8653692
1518790770 4281397 13658885231 8653692
1518790780 4281397 13658885231 8653692
1518790791 4281397 13658885231 8653692
1518790801 4281397 13658885231 8653692
1518790811 4281397 13658885231 8653692
1518790821 4281397 13658885231 8653692
1518790831 4281399 13658885231 8653692
1518790841 4281399 13658885231 8653692
1518790851 4281399 13658885231 8653692
1518790862 4281399 13658885231 8653692
1518790872 4281399 13658885231 8653692
1518790882 4281399 13658885231 8653692
1518790892 4281399 13658885231 8653692
1518790902 4281401 13658885231 8653692
1518790912 4281401 13658885231 8653692
1518790922 4281401 13658885231 8653692
1518790933 4281401 13658885231 8653692
1518790943 4281401 13658885231 8653692
1518790953 4281401 13658885231 8653692
1518790963 4281401 13658885231 8653692
1518790973 4281401 13658885231 8653692
1518790983 4281403 13658885231 8653692
1518790994 4281403 13658885231 8653692
1518791004 4281403 13658885231 8653692
1518791014 4281403 13658885231 8653692
1518791024 4281403 13658885231 8653692
1518791034 4281403 13658885231 8653692
1518791044 4281403 13658885231 8653692
1518791054 4281405 13658885231 8653692
1518791065 4281405 13658885231 8653692
1518791075 4281405 13658885231 8653692
1518791085 4281405 13658885231 8653692
1518791095 4281405 13658885231 8653692
1518791105 4281405 13658885231 8653692
1518791115 4281405 13658885231 8653692
1518791125 4281405 13658885231 8653692
1518791136 4281407 13658885231 8653692
1518791146 4281407 13658885231 8653692
1518791156 4281407 13658885231 8653692
1518791166 4281407 13658885231 8653692
1518791176 4281407 13658885231 8653692
1518791186 4281407 13658885231 8653692
1518791196 4281407 13658885231 8653692
1518791207 4281409 13658885231 8653692
1518791217 4281409 13658885231 8653692
1518791227 4281409 13658885231 8653692
1518791237 4281409 13658885231 8653692
1518791247 4281409 13658885231 8653692
1518791257 4281409 13658885231 8653692
1518791268 4281409 13658885231 8653692
1518791278 4281411 13658885231 8653692
1518791288 4281411 13658885231 8653692
1518791298 4281411 13658885231 8653692
1518791308 4281411 13658885231 8653692
1518791318 4281411 13658885231 8653692
1518791328 4281411 13658885231 8653692
1518791339 4281411 13658885231 8653692
1518791349 4281411 13658885231 8653692
1518791359 4281413 13658885231 8653692
1518791369 4281413 13658885231 8653692
1518791379 4281413 13658885231 8653692
1518791389 4281413 13658885231 8653692
1518791400 4281413 13658885231 8653692
1518791410 4281413 13658885231 8653692
1518791420 4281413 13658885231 8653692
1518791430 4281415 13658885231 8653692
1518791440 4281415 13658885231 8653692
1518791450 4281415 13658885231 8653692
1518791460 4281415 13658885231 8653692
1518791471 4281415 13658885231 8653692
1518791481 4281415 13658885231 8653692
1518791491 4281415 13658885231 8653692
1518791501 4281417 13658885231 8653692
1518791511 4281417 13658885231 8653692
1518791521 4281417 13658885231 8653692
1518791531 4281417 13658885231 8653692
1518791542 4281417 13658885231 8653692
1518791552 4281417 13658885231 8653692
1518791562 4281417 13658885231 8653692
1518791572 4281417 13658885231 8653692
1518791582 4281419 13658885231 8653692
1518791592 4281419 13658885231 8653692
1518791602 4281419 13658885231 8653692
1518791613 4281419 13658885231 8653692
1518791623 4281419 13658885231 8653692
1518791633 4281419 13658885231 8653692
1518791643 4281419 13658885231 8653692
1518791653 4281421 13658885231 8653692
1518791663 4281421 13658885231 8653692
1518791674 4281421 13658885231 8653692
1518791684 4281421 13658885231 8653692
1518791694 4281421 13658885231 8653692
1518791704 4281421 13658885231 8653692
1518791714 4281421 13658885231 8653692
1518791724 4281421 13658885231 8653692
1518791734 4281423 13658885231 8653692
1518791745 4281423 13658885231 8653692
1518791755 4281423 13658885231 8653692
1518791765 4281423 13658885231 8653692
1518791775 4281423 13658885231 8653692
1518791785 4281423 13658885231 8653692
1518791796 4281423 13658885231 8653692
1518791806 4281425 13658885231 8653692
1518791816 4281425 13658885231 8653692
1518791826 4281425 13658885231 8653692
1518791836 4281425 13658885231 8653692
1518791846 4281425 13658885231 8653692
1518791856 4281425 13658885231 8653692
1518791867 4281425 13658885231 8653692
1518791877 4281427 13658885231 8653692
1518791887 4281427 13658885231 8653692
1518791897 4281427 13658885231 8653692
1518791907 4281427 13658885231 8653692
1518791917 4281427 13658885231 8653692
1518791928 4281427 13658885231 8653692
1518791938 4281427 13658885231 8653692
1518791948 4281427 13658885231 8653692
1518791958 4281429 13658885231 8653692
1518791968 4281429 13658885231 8653692
1518791978 4281429 13658885231 8653692
1518791988 4281429 13658885231 8653692
1518791999 4281429 13658885231 8653692
1518792009 4281429 13658885231 8653692
1518792019 4281429 13658885231 8653692
1518792029 4281431 13658885231 8653692
1518792039 4281431 13658885231 8653692
1518792049 4281431 13658885231 8653692
1518792059 4281431 13658885231 8653692
1518792070 4281431 13658885231 8653692
1518792080 4281431 13658885231 8653692
1518792090 4281431 13658885231 8653692
1518792100 4281431 13658885231 8653692
1518792110 4281433 13658885231 8653692
1518792120 4281433 13658885231 8653692
1518792130 4281433 13658885231 8653692
1518792141 4281433 13658885231 8653692
1518792151 4281433 13658885231 8653692
1518792161 4281433 13658885231 8653692
1518792171 4281433 13658885231 8653692
1518792181 4281435 13658885231 8653692
1518792191 4281435 13658885231 8653692
1518792202 4281435 13658885231 8653692
1518792212 4281435 13658885231 8653692
1518792222 4281435 13658885231 8653692
1518792232 4281435 13658885231 8653692
1518792242 4281435 13658885231 8653692
1518792252 4281437 13658885231 8653692
1518792262 4281437 13658885231 8653692
1518792273 4281437 13658885231 8653692
1518792283 4281437 13658885231 8653692
1518792293 4281437 13658885231 8653692
1518792303 4281437 13658885231 8653692
1518792313 4281437 13658885231 8653692
1518792323 4281437 13658885231 8653692
1518792334 4281439 13658885231 8653692
1518792344 4281439 13658885231 8653692
1518792354 4281439 13658885231 8653692
1518792364 4281439 13658885231 8653692
1518792374 4281439 13658885231 8653692
1518792384 4281439 13658885231 8653692
1518792394 4281439 13658885231 8653692
1518792405 4281441 13658885231 8653692
1518792415 4281441 13658885231 8653692
1518792425 4281441 13658885231 8653692
1518792435 4281441 13658885231 8653692
1518792445 4281441 13658885231 8653692
1518792455 4281441 13658885231 8653692
1518792465 4281441 13658885231 8653692
1518792476 4281441 13658885231 8653692
1518792486 4281443 13658885231 8653692
1518792496 4281443 13658885231 8653692
1518792506 4281443 13658885231 8653692
1518792516 4281443 13658885231 8653692
1518792526 4281443 13658885231 8653692
1518792536 4281443 13658885231 8653692
1518792547 4281443 13658885231 8653692
1518792557 4281445 13658885231 8653692
1518792567 4281445 13658885231 8653692
1518792577 4281445 13658885231 8653692
1518792587 4281445 13658885231 8653692
1518792597 4281445 13658885231 8653692
1518792607 4281445 13658885231 8653692
1518792618 4281445 13658885231 8653692
1518792628 4281447 13658885231 8653692
1518792638 4281447 13658885231 8653692
1518792648 4281447 13658885231 8653692
1518792658 4281447 13658885231 8653692
1518792668 4281447 13658885231 8653692
1518792679 4281447 13658885231 8653692
1518792689 4281447 13658885231 8653692
1518792699 4281447 13658885231 8653692
1518792709 4281449 13658885231 8653692
1518792719 4281449 13658885231 8653692
1518792729 4281449 13658885231 8653692
1518792739 4281449 13658885231 8653692
1518792750 4281449 13658885231 8653692
1518792760 4281449 13658885231 8653692
1518792770 4281449 13658885231 8653692
1518792780 4281451 13658885231 8653692
1518792790 4281451 13658885231 8653692
1518792800 4281451 13658885231 8653692
1518792810 4281451 13658885231 8653692
1518792821 4281451 13658885231 8653692
1518792831 4281451 13658885231 8653692
1518792841 4281451 13658885231 8653692
1518792851 4281453 13658885231 8653692
1518792861 4281453 13658885231 8653692
1518792871 4281453 13658885231 8653692
1518792882 4281453 13658885231 8653692
1518792892 4281453 13658885231 8653692
1518792902 4281453 13658885231 8653692
1518792912 4281453 13658885231 8653692
1518792922 4281453 13658885231 8653692
1518792932 4281455 13658885231 8653692
1518792942 4281455 13658885231 8653692
1518792953 4281455 13658885231 8653692
1518792963 4281455 13658885231 8653692
1518792973 4281455 13658885231 8653692
1518792983 4281455 13658885231 8653692
1518792993 4281455 13658885231 8653692
1518793003 4281457 13658885231 8653692
1518793014 4281457 13658885231 8653692
1518793024 4281457 13658885231 8653692
1518793034 4281457 13658885231 8653692
1518793044 4281457 13658885231 8653692
1518793054 4281457 13658885231 8653692
1518793064 4281457 13658885231 8653692
1518793074 4281457 13658885231 8653692
1518793085 4281459 13658885231 8653692
1518793095 4281459 13658885231 8653692
1518793105 4281459 13658885231 8653692
1518793115 4281459 13658885231 8653692
1518793125 4281459 13658885231 8653692
1518793135 4281459 13658885231 8653692
1518793145 4281459 13658885231 8653692
1518793156 4281461 13658885231 8653692
1518793166 4281461 13658885231 8653692
1518793176 4281461 13658885231 8653692
1518793186 4281461 13658885231 8653692
1518793196 4281461 13658885231 8653692
1518793206 4281461 13658885231 8653692
1518793217 4281461 13658885231 8653692
1518793227 4281463 13658885231 8653692
1518793237 4281463 13658885231 8653692
1518793247 4281463 13658885231 8653692
1518793257 4281463 13658885231 8653692
1518793268 4281463 13658885231 8653692
1518793278 4281463 13658885231 8653692
1518793288 4281463 13658885231 8653692
1518793298 4281463 13658885231 8653692
1518793308 4281465 13658885231 8653692
1518793318 4281465 13658885231 8653692
1518793328 4281465 13658885231 8653692
1518793339 4281465 13658885231 8653692
1518793349 4281465 13658885231 8653692
1518793359 4281465 13658885231 8653692
1518793369 4281465 13658885231 8653692
1518793379 4281467 13658885231 8653692
1518793389 4281467 13658885231 8653692
1518793400 4281467 13658885231 8653692
1518793410 4281468 13658885231 8653692
1518793420 4281468 13658885231 8653692
1518793430 4281468 13658885231 8653692
1518793440 4281468 13658885231 8653692
1518793450 4281468 13658885231 8653692
1518793460 4281469 13658885231 8653692
1518793471 4281469 13658885231 8653692
1518793481 4281469 13658885231 8653692
1518793491 4281469 13658885231 8653692
1518793501 4281469 13658885231 8653692
1518793511 4281469 13658885231 8653692
1518793521 4281469 13658885231 8653692
1518793531 4281471 13658885231 8653692
1518793542 4281471 13658885231 8653692
1518793552 4281471 13658885231 8653692
1518793562 4281471 13658885231 8653692
1518793572 4281471 13658885231 8653692
1518793582 4281471 13658885231 8653692
1518793592 4281471 13658885231 8653692
1518793602 4281473 13658885231 8653692
1518793613 4281473 13658885231 8653692
1518793623 4281473 13658885231 8653692
1518793633 4281473 13658885231 8653692
1518793643 4281473 13658885231 8653692
1518793653 4281473 13658885231 8653692
1518793663 4281473 13658885231 8653692
1518793673 4281473 13658885231 8653692
1518793684 4281475 13658885231 8653692
1518793694 4281475 13658885231 8653692
1518793704 4281475 13658885231 8653692
1518793714 4281475 13658885231 8653692
1518793724 4281475 13658885231 8653692
1518793734 4281475 13658885231 8653692
1518793745 4281475 13658885231 8653692
1518793755 4281477 13658885231 8653692
1518793765 4281477 13658885231 8653692
1518793775 4281477 13658885231 8653692
1518793786 4281477 13658885231 8653692
1518793796 4281477 13658885231 8653692
1518793806 4281477 13658885231 8653692
1518793816 4281477 13658885231 8653692
1518793826 4281479 13658885231 8653692
1518793836 4281479 13658885231 8653692
1518793846 4281479 13658885231 8653692
1518793857 4281479 13658885231 8653692
1518793867 4281479 13658885231 8653692
1518793877 4281479 13658885231 8653692
1518793887 4281479 13658885231 8653692
1518793897 4281479 13658885231 8653692
1518793907 4281481 13658885231 8653692
1518793917 4281481 13658885231 8653692
1518793928 4281481 13658885231 8653692
1518793938 4281481 13658885231 8653692
1518793948 4281481 13658885231 8653692
1518793958 4281481 13658885231 8653692
1518793968 4281481 13658885231 8653692
1518793978 4281483 13658885231 8653692
1518793989 4281483 13658885231 8653692
1518793999 4281483 13658885231 8653692
1518794009 4281483 13658885231 8653692
1518794019 4281483 13658885231 8653692
1518794029 4281483 13658885231 8653692
1518794039 4281483 13658885231 8653692
1518794049 4281483 13658885231 8653692
1518794060 4281485 13658885231 8653692
1518794070 4281485 13658885231 8653692
1518794080 4281485 13658885231 8653692
1518794090 4281485 13658885231 8653692
1518794100 4281485 13658885231 8653692
1518794111 4281485 13658885231 8653692
1518794121 4281485 13658885231 8653692
1518794131 4281487 13658885231 8653692
1518794141 4281487 13658885231 8653692
1518794151 4281487 13658885231 8653692
1518794161 4281487 13658885231 8653692
1518794172 4281487 13658885231 8653692
1518794182 4281487 13658885231 8653692
1518794192 4281487 13658885231 8653692
1518794202 4281489 13658885231 8653692
1518794212 4281489 13658885231 8653692
1518794222 4281489 13658885231 8653692
1518794232 4281489 13658885231 8653692
1518794243 4281489 13658885231 8653692
1518794253 4281489 13658885231 8653692
1518794263 4281489 13658885231 8653692
1518794273 4281489 13658885231 8653692
1518794283 4281491 13658885231 8653692
1518794293 4281491 13658885231 8653692
1518794303 4281491 13658885231 8653692
1518794314 4281491 13658885231 8653692
1518794324 4281491 13658885231 8653692
1518794334 4281491 13658885231 8653692
1518794344 4281491 13658885231 8653692
1518794354 4281493 13658885231 8653692
1518794364 4281493 13658885231 8653692
1518794375 4281493 13658885231 8653692
1518794385 4281493 13658885231 8653692
1518794395 4281493 13658885231 8653692
1518794405 4281493 13658885231 8653692
1518794415 4281493 13658885231 8653692
1518794425 4281493 13658885231 8653692
1518794435 4281495 13658885231 8653692
1518794446 4281495 13658885231 8653692
1518794456 4281495 13658885231 8653692
1518794466 4281495 13658885231 8653692
1518794477 4281495 13658885231 8653692
1518794487 4281495 13658885231 8653692
1518794497 4281495 13658885231 8653692
1518794507 4281497 13658885231 8653692
1518794517 4281497 13658885231 8653692
1518794527 4281497 13658885231 8653692
1518794538 4281497 13658885231 8653692
1518794548 4281497 13658885231 8653692
1518794558 4281497 13658885231 8653692
1518794568 4281497 13658885231 8653692
1518794578 4281499 13658885231 8653692
1518794588 4281499 13658885231 8653692
1518794598 4281499 13658885231 8653692
1518794609 4281499 13658885231 8653692
1518794619 4281499 13658885231 8653692
1518794629 4281499 13658885231 8653692
1518794639 4281499 13658885231 8653692
1518794649 4281499 13658885231 8653692
1518794659 4281501 13658885231 8653692
1518794669 4281501 13658885231 8653692
1518794680 4281501 13658885231 8653692
1518794690 4281501 13658885231 8653692
1518794700 4281501 13658885231 8653692
1518794710 4281501 13658885231 8653692
1518794720 4281501 13658885231 8653692
1518794730 4281503 13658885231 8653692
1518794741 4281503 13658885231 8653692
1518794751 4281503 13658885231 8653692
1518794761 4281503 13658885231 8653692
1518794771 4281503 13658885231 8653692
1518794781 4281503 13658885231 8653692
1518794791 4281503 13658885231 8653692
1518794801 4281505 13658885231 8653692
1518794812 4281505 13658885231 8653692
1518794822 4281505 13658885231 8653692
1518794832 4281505 13658885231 8653692
1518794842 4281505 13658885231 8653692
1518794852 4281505 13658885231 8653692
1518794862 4281505 13658885231 8653692
1518794873 4281505 13658885231 8653692
1518794883 4281507 13658885231 8653692
1518794893 4281507 13658885231 8653692
1518794903 4281507 13658885231 8653692
1518794913 4281507 13658885231 8653692
1518794923 4281507 13658885231 8653692
1518794933 4281507 13658885231 8653692
1518794944 4281507 13658885231 8653692
1518794954 4281509 13658885231 8653692
1518794964 4281509 13658885231 8653692
1518794974 4281509 13658885231 8653692
1518794984 4281509 13658885231 8653692
1518794995 4281509 13658885231 8653692
1518795005 4281509 13658885231 8653692
1518795015 4281509 13658885231 8653692
1518795025 4281509 13658885231 8653692
1518795035 4281511 13658885231 8653692
1518795046 4281511 13658885231 8653692
1518795056 4281511 13658885231 8653692
1518795066 4281511 13658885231 8653692
1518795076 4281511 13658885231 8653692
1518795086 4281511 13658885231 8653692
1518795096 4281511 13658885231 8653692
1518795107 4281513 13658885231 8653692
1518795117 4281513 13658885231 8653692
1518795127 4281513 13658885231 8653692
1518795137 4281513 13658885231 8653692
1518795147 4281513 13658885231 8653692
1518795157 4281513 13658885231 8653692
1518795167 4281513 13658885231 8653692
1518795178 4281515 13658885231 8653692
1518795188 4281515 13658885231 8653692
1518795198 4281515 13658885231 8653692
1518795208 4281515 13658885231 8653692
1518795218 4281515 13658885231 8653692
1518795228 4281515 13658885231 8653692
1518795238 4281515 13658885231 8653692
1518795249 4281515 13658885231 8653692
1518795259 4281517 13658885231 8653692
1518795269 4281517 13658885231 8653692
1518795279 4281517 13658885231 8653692
1518795289 4281517 13658885231 8653692
1518795299 4281517 13658885231 8653692
1518795310 4281517 13658885231 8653692
1518795320 4281517 13658885231 8653692
1518795330 4281519 13658885231 8653692
1518795340 4281519 13658885231 8653692
1518795350 4281519 13658885231 8653692
1518795360 4281519 13658885231 8653692
1518795370 4281519 13658885231 8653692
1518795381 4281519 13658885231 8653692
1518795391 4281519 13658885231 8653692
1518795401 4281521 13658885231 8653692
1518795411 4281521 13658885231 8653692
1518795421 4281521 13658885231 8653692
1518795431 4281521 13658885231 8653692
1518795442 4281521 13658885231 8653692
1518795452 4281521 13658885231 8653692
1518795462 4281521 13658885231 8653692
1518795472 4281521 13658885231 8653692
1518795482 4281523 13658885231 8653692
1518795492 4281523 13658885231 8653692
1518795502 4281523 13658885231 8653692
1518795513 4281523 13658885231 8653692
1518795523 4281523 13658885231 8653692
1518795533 4281523 13658885231 8653692
1518795543 4281523 13658885231 8653692
1518795553 4281525 13658885231 8653692
1518795563 4281525 13658885231 8653692
1518795574 4281525 13658885231 8653692
1518795584 4281525 13658885231 8653692
1518795594 4281525 13658885231 8653692
1518795604 4281525 13658885231 8653692
1518795614 4281525 13658885231 8653692
1518795624 4281525 13658885231 8653692
1518795634 4281527 13658885231 8653692
1518795645 4281527 13658885231 8653692
1518795655 4281527 13658885231 8653692
1518795665 4281527 13658885231 8653692
1518795675 4281527 13658885231 8653692
1518795685 4281527 13658885231 8653692
1518795695 4281527 13658885231 8653692
1518795706 4281529 13658885231 8653692
1518795716 4281529 13658885231 8653692
1518795726 4281529 13658885231 8653692
1518795736 4281529 13658885231 8653692
1518795746 4281529 13658885231 8653692
1518795756 4281529 13658885231 8653692
1518795766 4281529 13658885231 8653692
1518795777 4281531 13658885231 8653692
1518795787 4281531 13658885231 8653692
1518795797 4281531 13658885231 8653692
1518795807 4281531 13658885231 8653692
1518795817 4281531 13658885231 8653692
1518795828 4281531 13658885231 8653692
1518795838 4281531 13658885231 8653692
1518795848 4281531 13658885231 8653692
1518795858 4281533 13658885231 8653692
1518795868 4281533 13658885231 8653692
1518795878 4281533 13658885231 8653692
1518795888 4281533 13658885231 8653692
1518795899 4281533 13658885231 8653692
1518795909 4281533 13658885231 8653692
1518795919 4281533 13658885231 8653692
1518795929 4281535 13658885231 8653692
1518795939 4281535 13658885231 8653692
1518795949 4281535 13658885231 8653692
1518795960 4281535 13658885231 8653692
1518795970 4281535 13658885231 8653692
1518795980 4281535 13658885231 8653692
1518795990 4281535 13658885231 8653692
1518796000 4281535 13658885231 8653692
1518796010 4281537 13658885231 8653692
1518796020 4281537 13658885231 8653692
1518796031 4281537 13658885231 8653692
1518796041 4281537 13658885231 8653692
1518796051 4281537 13658885231 8653692
1518796061 4281537 13658885231 8653692
1518796071 4281537 13658885231 8653692
1518796081 4281539 13658885231 8653692
1518796092 4281539 13658885231 8653692
1518796102 4281539 13658885231 8653692
1518796112 4281539 13658885231 8653692
1518796122 4281539 13658885231 8653692
1518796132 4281539 13658885231 8653692
1518796142 4281539 13658885231 8653692
1518796152 4281541 13658885231 8653692
1518796163 4281541 13658885231 8653692
1518796173 4281541 13658885231 8653692
1518796183 4281541 13658885231 8653692
1518796193 4281541 13658885231 8653692
1518796203 4281541 13658885231 8653692
1518796213 4281541 13658885231 8653692
1518796224 4281541 13658885231 8653692
1518796234 4281543 13658885231 8653692
1518796244 4281543 13658885231 8653692
1518796254 4281543 13658885231 8653692
1518796264 4281543 13658885231 8653692
1518796274 4281543 13658885231 8653692
1518796285 4281543 13658885231 8653692
1518796295 4281543 13658885231 8653692
1518796305 4281545 13658885231 8653692
1518796315 4281545 13658885231 8653692
1518796325 4281545 13658885231 8653692
1518796336 4281545 13658885231 8653692
1518796346 4281545 13658885231 8653692
1518796356 4281545 13658885231 8653692
1518796366 4281545 13658885231 8653692
1518796376 4281547 13658885231 8653692
1518796386 4281547 13658885231 8653692
1518796397 4281547 13658885231 8653692
1518796407 4281547 13658885231 8653692
1518796417 4281547 13658885231 8653692
1518796427 4281547 13658885231 8653692
1518796437 4281547 13658885231 8653692
1518796447 4281547 13658885231 8653692
1518796458 4281549 13658885231 8653692
1518796468 4281549 13658885231 8653692
1518796478 4281549 13658885231 8653692
1518796488 4281549 13658885231 8653692
1518796498 4281549 13658885231 8653692
1518796508 4281549 13658885231 8653692
1518796519 4281549 13658885231 8653692
1518796529 4281551 13658885231 8653692
1518796539 4281551 13658885231 8653692
1518796549 4281551 13658885231 8653692
1518796559 4281551 13658885231 8653692
1518796569 4281551 13658885231 8653692
1518796580 4281551 13658885231 8653692
1518796590 4281551 13658885231 8653692
1518796600 4281551 13658885231 8653692
1518796610 4281553 13658885231 8653692
1518796620 4281553 13658885231 8653692
1518796630 4281553 13658885231 8653692
1518796640 4281553 13658885231 8653692
1518796651 4281553 13658885231 8653692
1518796661 4281553 13658885231 8653692
1518796671 4281553 13658885231 8653692
1518796681 4281555 13658885231 8653692
1518796691 4281555 13658885231 8653692
1518796701 4281555 13658885231 8653692
1518796712 4281555 13658885231 8653692
1518796722 4281555 13658885231 8653692
1518796732 4281555 13658885231 8653692
1518796742 4281555 13658885231 8653692
1518796752 4281557 13658885231 8653692
1518796762 4281557 13658885231 8653692
1518796772 4281557 13658885231 8653692
1518796783 4281557 13658885231 8653692
1518796793 4281557 13658885231 8653692
1518796803 4281557 13658885231 8653692
1518796813 4281557 13658885231 8653692
1518796823 4281557 13658885231 8653692
1518796833 4281559 13658885231 8653692
1518796844 4281559 13658885231 8653692
1518796854 4281559 13658885231 8653692
1518796864 4281559 13658885231 8653692
1518796874 4281559 13658885231 8653692
1518796884 4281559 13658885231 8653692
1518796894 4281559 13658885231 8653692
1518796904 4281561 13658885231 8653692
1518796915 4281561 13658885231 8653692
1518796925 4281561 13658885231 8653692
1518796935 4281561 13658885231 8653692
1518796945 4281561 13658885231 8653692
1518796955 4281561 13658885231 8653692
1518796966 4281561 13658885231 8653692
1518796976 4281563 13658885231 8653692
1518796986 4281563 13658885231 8653692
1518796996 4281563 13658885231 8653692
1518797006 4281563 13658885231 8653692
1518797016 4281563 13658885231 8653692
1518797027 4281563 13658885231 8653692
1518797037 4281563 13658885231 8653692
1518797047 4281563 13658885231 8653692
1518797057 4281565 13658885231 8653692
1518797067 4281565 13658885231 8653692
1518797077 4281565 13658885231 8653692
1518797087 4281565 13658885231 8653692
1518797098 4281565 13658885231 8653692
1518797108 4281565 13658885231 8653692
1518797118 4281565 13658885231 8653692
1518797128 4281567 13658885231 8653692
1518797138 4281567 13658885231 8653692
1518797148 4281567 13658885231 8653692
1518797159 4281567 13658885231 8653692
1518797169 4281567 13658885231 8653692
1518797179 4281567 13658885231 8653692
1518797189 4281567 13658885231 8653692
1518797199 4281567 13658885231 8653692
1518797209 4281569 13658885231 8653692
1518797219 4281569 13658885231 8653692
1518797230 4281569 13658885231 8653692
1518797240 4281569 13658885231 8653692
1518797250 4281569 13658885231 8653692
1518797260 4281569 13658885231 8653692
1518797270 4281569 13658885231 8653692
1518797280 4281571 13658885231 8653692
1518797291 4281571 13658885231 8653692
1518797301 4281571 13658885231 8653692
1518797311 4281571 13658885231 8653692
1518797321 4281571 13658885231 8653692
1518797331 4281571 13658885231 8653692
1518797341 4281571 13658885231 8653692
1518797351 4281573 13658885231 8653692
1518797362 4281573 13658885231 8653692
1518797372 4281573 13658885231 8653692
1518797382 4281573 13658885231 8653692
1518797392 4281573 13658885231 8653692
1518797402 4281573 13658885231 8653692
1518797412 4281573 13658885231 8653692
1518797423 4281573 13658885231 8653692
1518797433 4281575 13658885231 8653692
1518797443 4281575 13658885231 8653692
1518797453 4281575 13658885231 8653692
1518797463 4281575 13658885231 8653692
1518797473 4281575 13658885231 8653692
1518797484 4281575 13658885231 8653692
1518797494 4281575 13658885231 8653692
1518797504 4281577 13658885231 8653692
1518797514 4281577 13658885231 8653692
1518797524 4281577 13658885231 8653692
1518797534 4281577 13658885231 8653692
1518797544 4281577 13658885231 8653692
1518797555 4281577 13658885231 8653692
1518797565 4281577 13658885231 8653692
1518797575 4281577 13658885231 8653692
1518797585 4281579 13658885231 8653692
1518797595 4281579 13658885231 8653692
1518797605 4281579 13658885231 8653692
1518797616 4281579 13658885231 8653692
1518797626 4281579 13658885231 8653692
1518797636 4281579 13658885231 8653692
1518797646 4281579 13658885231 8653692
1518797656 4281581 13658885231 8653692
1518797666 4281581 13658885231 8653692
1518797676 4281581 13658885231 8653692
1518797687 4281581 13658885231 8653692
1518797697 4281581 13658885231 8653692
1518797707 4281581 13658885231 8653692
1518797717 4281581 13658885231 8653692
1518797727 4281583 13658885231 8653692
1518797737 4281583 13658885231 8653692
1518797748 4281583 13658885231 8653692
1518797758 4281583 13658885231 8653692
1518797768 4281583 13658885231 8653692
1518797778 4281583 13658885231 8653692
1518797788 4281583 13658885231 8653692
1518797798 4281583 13658885231 8653692
1518797809 4281585 13658885231 8653692
1518797819 4281585 13658885231 8653692
1518797829 4281585 13658885231 8653692
1518797839 4281585 13658885231 8653692
1518797849 4281585 13658885231 8653692
1518797859 4281585 13658885231 8653692
1518797870 4281585 13658885231 8653692
1518797880 4281587 13658885231 8653692
1518797890 4281587 13658885231 8653692
1518797901 4281587 13658885231 8653692
1518797911 4281587 13658885231 8653692
1518797921 4281587 13658885231 8653692
1518797931 4281587 13658885231 8653692
1518797942 4281587 13658885231 8653692
1518797952 4281589 13658885231 8653692
1518797962 4281589 13658885231 8653692
1518797972 4281589 13658885231 8653692
1518797982 4281589 13658885231 8653692
1518797992 4281589 13658885231 8653692
1518798002 4281589 13658885231 8653692
1518798013 4281589 13658885231 8653692
1518798023 4281589 13658885231 8653692
1518798033 4281591 13658885231 8653692
1518798043 4281591 13658885231 8653692
1518798053 4281591 13658885231 8653692
1518798063 4281591 13658885231 8653692
1518798074 4281591 13658885231 8653692
1518798084 4281591 13658885231 8653692
1518798094 4281591 13658885231 8653692
1518798104 4281593 13658885231 8653692
1518798114 4281593 13658885231 8653692
1518798124 4281593 13658885231 8653692
1518798135 4281593 13658885231 8653692
1518798145 4281593 13658885231 8653692
1518798155 4281593 13658885231 8653692
1518798165 4281593 13658885231 8653692
1518798175 4281593 13658885231 8653692
1518798185 4281595 13658885231 8653692
1518798196 4281595 13658885231 8653692
1518798206 4281595 13658885231 8653692
1518798216 4281595 13658885231 8653692
1518798226 4281595 13658885231 8653692
1518798237 4281595 13658885231 8653692
1518798247 4281595 13658885231 8653692
1518798257 4281597 13658885231 8653692
1518798267 4281597 13658885231 8653692
1518798277 4281597 13658885231 8653692
1518798287 4281597 13658885231 8653692
1518798298 4281597 13658885231 8653692
1518798308 4281597 13658885231 8653692
1518798318 4281597 13658885231 8653692
1518798328 4281599 13658885231 8653692
1518798338 4281599 13658885231 8653692
1518798348 4281599 13658885231 8653692
1518798359 4281599 13658885231 8653692
1518798369 4281599 13658885231 8653692
1518798379 4281599 13658885231 8653692
1518798389 4281599 13658885231 8653692
1518798399 4281599 13658885231 8653692
1518798409 4281601 13658885231 8653692
1518798420 4281601 13658885231 8653692
1518798430 4281601 13658885231 8653692
1518798440 4281601 13658885231 8653692
1518798450 4281601 13658885231 8653692
1518798460 4281601 13658885231 8653692
1518798470 4281601 13658885231 8653692
1518798480 4281603 13658885231 8653692
1518798491 4281603 13658885231 8653692
1518798501 4281603 13658885231 8653692
1518798511 4281603 13658885231 8653692
1518798521 4281603 13658885231 8653692
1518798531 4281603 13658885231 8653692
1518798541 4281603 13658885231 8653692
1518798552 4281605 13658885231 8653692
1518798562 4281605 13658885231 8653692
1518798572 4281605 13658885231 8653692
1518798582 4281605 13658885231 8653692
1518798592 4281605 13658885231 8653692
1518798602 4281605 13658885231 8653692
1518798613 4281605 13658885231 8653692
1518798623 4281605 13658885231 8653692
1518798633 4281607 13658885231 8653692
1518798643 4281607 13658885231 8653692
1518798653 4281607 13658885231 8653692
1518798663 4281607 13658885231 8653692
1518798673 4281607 13658885231 8653692
1518798684 4281607 13658885231 8653692
1518798694 4281607 13658885231 8653692
1518798704 4281609 13658885231 8653692
1518798714 4281609 13658885231 8653692
1518798724 4281609 13658885231 8653692
1518798734 4281609 13658885231 8653692
1518798745 4281609 13658885231 8653692
1518798755 4281609 13658885231 8653692
1518798765 4281609 13658885231 8653692
1518798775 4281609 13658885231 8653692
1518798785 4281611 13658885231 8653692
1518798795 4281611 13658885231 8653692
1518798805 4281611 13658885231 8653692
1518798816 4281611 13658885231 8653692
1518798826 4281611 13658885231 8653692
1518798836 4281611 13658885231 8653692
1518798846 4281611 13658885231 8653692
1518798856 4281613 13658885231 8653692
1518798866 4281613 13658885231 8653692
1518798877 4281613 13658885231 8653692
1518798887 4281613 13658885231 8653692
1518798897 4281613 13658885231 8653692
1518798907 4281613 13658885231 8653692
1518798917 4281613 13658885231 8653692
1518798927 4281615 13658885231 8653692
1518798938 4281615 13658885231 8653692
1518798948 4281615 13658885231 8653692
1518798958 4281615 13658885231 8653692
1518798968 4281615 13658885231 8653692
1518798978 4281615 13658885231 8653692
1518798988 4281615 13658885231 8653692
1518798998 4281615 13658885231 8653692
1518799009 4281617 13658885231 8653692
1518799019 4281617 13658885231 8653692
1518799029 4281617 13658885231 8653692
1518799039 4281617 13658885231 8653692
1518799049 4281617 13658885231 8653692
1518799059 4281617 13658885231 8653692
1518799070 4281617 13658885231 8653692
1518799080 4281619 13658885231 8653692
1518799090 4281619 13658885231 8653692
1518799100 4281619 13658885231 8653692
1518799110 4281619 13658885231 8653692
1518799120 4281619 13658885231 8653692
1518799131 4281619 13658885231 8653692
1518799141 4281619 13658885231 8653692
1518799151 4281621 13658885231 8653692
1518799161 4281621 13658885231 8653692
1518799171 4281621 13658885231 8653692
1518799182 4281621 13658885231 8653692
1518799192 4281621 13658885231 8653692
1518799202 4281621 13658885231 8653692
1518799212 4281621 13658885231 8653692
1518799223 4281621 13658885231 8653692
1518799233 4281623 13658885231 8653692
1518799243 4281623 13658885231 8653692
1518799253 4281623 13658885231 8653692
1518799263 4281623 13658885231 8653692
1518799273 4281623 13658885231 8653692
1518799283 4281623 13658885231 8653692
1518799294 4281623 13658885231 8653692
1518799304 4281625 13658885231 8653692
1518799314 4281625 13658885231 8653692
1518799324 4281625 13658885231 8653692
1518799334 4281625 13658885231 8653692
1518799344 4281625 13658885231 8653692
1518799355 4281625 13658885231 8653692
1518799365 4281625 13658885231 8653692
1518799375 4281625 13658885231 8653692
1518799385 4281627 13658885231 8653692
1518799395 4281627 13658885231 8653692
1518799405 4281627 13658885231 8653692
1518799415 4281627 13658885231 8653692
1518799426 4281627 13658885231 8653692
1518799436 4281627 13658885231 8653692
1518799446 4281627 13658885231 8653692
1518799456 4281629 13658885231 8653692
1518799466 4281629 13658885231 8653692
1518799476 4281629 13658885231 8653692
1518799487 4281629 13658885231 8653692
1518799497 4281629 13658885231 8653692
1518799507 4281629 13658885231 8653692
1518799517 4281629 13658885231 8653692
1518799527 4281631 13658885231 8653692
1518799537 4281631 13658885231 8653692
1518799547 4281631 13658885231 8653692
1518799558 4281631 13658885231 8653692
1518799568 4281631 13658885231 8653692
1518799578 4281631 13658885231 8653692
1518799588 4281631 13658885231 8653692
1518799598 4281631 13658885231 8653692
1518799608 4281633 13658885231 8653692
1518799619 4281633 13658885231 8653692
1518799629 4281633 13658885231 8653692
1518799639 4281633 13658885231 8653692
1518799649 4281633 13658885231 8653692
1518799659 4281633 13658885231 8653692
1518799669 4281633 13658885231 8653692
1518799679 4281635 13658885231 8653692
1518799690 4281635 13658885231 8653692
1518799700 4281635 13658885231 8653692
1518799710 4281635 13658885231 8653692
1518799720 4281635 13658885231 8653692
1518799730 4281635 13658885231 8653692
1518799740 4281635 13658885231 8653692
1518799751 4281635 13658885231 8653692
1518799761 4281637 13658885231 8653692
1518799771 4281637 13658885231 8653692
1518799781 4281637 13658885231 8653692
1518799791 4281637 13658885231 8653692
1518799801 4281637 13658885231 8653692
1518799812 4281637 13658885231 8653692
1518799822 4281637 13658885231 8653692
1518799832 4281639 13658885231 8653692
1518799842 4281639 13658885231 8653692
1518799852 4281639 13658885231 8653692
1518799862 4281639 13658885231 8653692
1518799872 4281639 13658885231 8653692
1518799883 4281639 13658885231 8653692
1518799893 4281639 13658885231 8653692
1518799903 4281641 13658885231 8653692
1518799913 4281641 13658885231 8653692
1518799923 4281641 13658885231 8653692
1518799933 4281641 13658885231 8653692
1518799943 4281641 13658885231 8653692
1518799954 4281641 13658885231 8653692
1518799964 4281641 13658885231 8653692
1518799974 4281641 13658885231 8653692
1518799984 4281643 13658885231 8653692
1518799994 4281643 13658885231 8653692
1518800004 4281643 13658885231 8653692
1518800015 4281643 13658885231 8653692
1518800025 4281643 13658885231 8653692
1518800035 4281643 13658885231 8653692
1518800045 4281643 13658885231 8653692
1518800055 4281645 13658885231 8653692
1518800065 4281645 13658885231 8653692
1518800075 4281645 13658885231 8653692
1518800086 4281645 13658885231 8653692
1518800096 4281645 13658885231 8653692
1518800106 4281645 13658885231 8653692
1518800116 4281645 13658885231 8653692
1518800126 4281647 13658885231 8653692
1518800136 4281647 13658885231 8653692
1518800147 4281647 13658885231 8653692
1518800157 4281647 13658885231 8653692
1518800167 4281647 13658885231 8653692
1518800177 4281647 13658885231 8653692
1518800187 4281647 13658885231 8653692
1518800197 4281647 13658885231 8653692
1518800207 4281649 13658885231 8653692
1518800218 4281649 13658885231 8653692
1518800228 4281649 13658885231 8653692
1518800238 4281649 13658885231 8653692
1518800248 4281649 13658885231 8653692
1518800258 4281649 13658885231 8653692
1518800268 4281649 13658885231 8653692
1518800278 4281651 13658885231 8653692
1518800289 4281651 13658885231 8653692
1518800299 4281651 13658885231 8653692
1518800309 4281651 13658885231 8653692
1518800319 4281651 13658885231 8653692
1518800329 4281651 13658885231 8653692
1518800340 4281651 13658885231 8653692
1518800350 4281651 13658885231 8653692
1518800360 4281653 13658885231 8653692
1518800370 4281653 13658885231 8653692
1518800380 4281653 13658885231 8653692
1518800390 4281653 13658885231 8653692
1518800400 4281653 13658885231 8653692
1518800411 4281653 13658885231 8653692
1518800421 4281653 13658885231 8653692
1518800431 4281655 13658885231 8653692
1518800441 4281655 13658885231 8653692
1518800451 4281655 13658885231 8653692
1518800461 4281655 13658885231 8653692
1518800472 4281655 13658885231 8653692
1518800482 4281655 13658885231 8653692
1518800492 4281655 13658885231 8653692
1518800502 4281657 13658885231 8653692
1518800512 4281657 13658885231 8653692
1518800522 4281657 13658885231 8653692
1518800532 4281657 13658885231 8653692
1518800543 4281657 13658885231 8653692
1518800553 4281657 13658885231 8653692
1518800563 4281657 13658885231 8653692
1518800573 4281657 13658885231 8653692
1518800583 4281659 13658885231 8653692
1518800593 4281659 13658885231 8653692
1518800603 4281659 13658885231 8653692
1518800614 4281659 13658885231 8653692
1518800624 4281659 13658885231 8653692
1518800634 4281659 13658885231 8653692
1518800644 4281659 13658885231 8653692
1518800654 4281661 13658885231 8653692
1518800664 4281661 13658885231 8653692
1518800675 4281661 13658885231 8653692
1518800685 4281661 13658885231 8653692
1518800695 4281661 13658885231 8653692
1518800705 4281661 13658885231 8653692
1518800715 4281661 13658885231 8653692
1518800725 4281661 13658885231 8653692
1518800736 4281663 13658885231 8653692
1518800746 4281663 13658885231 8653692
1518800756 4281663 13658885231 8653692
1518800766 4281663 13658885231 8653692
1518800776 4281663 13658885231 8653692
1518800786 4281663 13658885231 8653692
1518800796 4281663 13658885231 8653692
1518800807 4281665 13658885231 8653692
1518800817 4281665 13658885231 8653692
1518800827 4281665 13658885231 8653692
1518800837 4281665 13658885231 8653692
1518800847 4281665 13658885231 8653692
1518800858 4281665 13658885231 8653692
1518800868 4281665 13658885231 8653692
1518800878 4281667 13658885231 8653692
1518800888 4281667 13658885231 8653692
1518800898 4281667 13658885231 8653692
1518800908 4281667 13658885231 8653692
1518800919 4281667 13658885231 8653692
1518800929 4281667 13658885231 8653692
1518800939 4281667 13658885231 8653692
1518800949 4281667 13658885231 8653692
1518800959 4281669 13658885231 8653692
1518800969 4281669 13658885231 8653692
1518800980 4281669 13658885231 8653692
1518800990 4281669 13658885231 8653692
1518801000 4281669 13658885231 8653692
1518801010 4281669 13658885231 8653692
1518801020 4281669 13658885231 8653692
1518801030 4281671 13658885231 8653692
1518801040 4281671 13658885231 8653692
1518801051 4281671 13658885231 8653692
1518801061 4281671 13658885231 8653692
1518801071 4281671 13658885231 8653692
1518801081 4281671 13658885231 8653692
1518801091 4281671 13658885231 8653692
1518801101 4281673 13658885231 8653692
1518801112 4281673 13658885231 8653692
1518801122 4281673 13658885231 8653692
1518801132 4281673 13658885231 8653692
1518801142 4281673 13658885231 8653692
1518801152 4281673 13658885231 8653692
1518801162 4281673 13658885231 8653692
1518801172 4281673 13658885231 8653692
1518801183 4281675 13658885231 8653692
1518801193 4281675 13658885231 8653692
1518801203 4281675 13658885231 8653692
1518801213 4281675 13658885231 8653692
1518801223 4281675 13658885231 8653692
1518801233 4281675 13658885231 8653692
1518801244 4281675 13658885231 8653692
1518801254 4281677 13658885231 8653692
1518801264 4281677 13658885231 8653692
1518801274 4281677 13658885231 8653692
1518801284 4281677 13658885231 8653692
1518801294 4281677 13658885231 8653692
1518801304 4281677 13658885231 8653692
1518801315 4281677 13658885231 8653692
1518801325 4281677 13658885231 8653692
1518801335 4281679 13658885231 8653692
1518801345 4281679 13658885231 8653692
1518801355 4281679 13658885231 8653692
1518801365 4281679 13658885231 8653692
1518801376 4281679 13658885231 8653692
1518801386 4281679 13658885231 8653692
1518801396 4281679 13658885231 8653692
1518801406 4281681 13658885231 8653692
1518801416 4281681 13658885231 8653692
1518801426 4281681 13658885231 8653692
1518801436 4281681 13658885231 8653692
1518801447 4281681 13658885231 8653692
1518801457 4281681 13658885231 8653692
1518801467 4281681 13658885231 8653692
1518801477 4281683 13658885231 8653692
1518801487 4281683 13658885231 8653692
1518801497 4281683 13658885231 8653692
1518801508 4281683 13658885231 8653692
1518801518 4281683 13658885231 8653692
1518801528 4281683 13658885231 8653692
1518801538 4281683 13658885231 8653692
1518801548 4281683 13658885231 8653692
1518801558 4281685 13658885231 8653692
1518801568 4281685 13658885231 8653692
1518801579 4281685 13658885231 8653692
1518801589 4281685 13658885231 8653692
1518801599 4281685 13658885231 8653692
1518801609 4281685 13658885231 8653692
1518801619 4281685 13658885231 8653692
1518801629 4281687 13658885231 8653692
1518801640 4281687 13658885231 8653692
1518801650 4281687 13658885231 8653692
1518801660 4281687 13658885231 8653692
1518801670 4281687 13658885231 8653692
1518801680 4281687 13658885231 8653692
1518801690 4281687 13658885231 8653692
1518801701 4281687 13658885231 8653692
1518801711 4281689 13658885231 8653692
1518801721 4281689 13658885231 8653692
1518801731 4281689 13658885231 8653692
1518801741 4281689 13658885231 8653692
1518801751 4281689 13658885231 8653692
1518801761 4281689 13658885231 8653692
1518801772 4281689 13658885231 8653692
1518801782 4281691 13658885231 8653692
1518801792 4281691 13658885231 8653692
1518801802 4281691 13658885231 8653692
1518801812 4281691 13658885231 8653692
1518801822 4281691 13658885231 8653692
1518801833 4281691 13658885231 8653692
1518801843 4281691 13658885231 8653692
1518801853 4281693 13658885231 8653692
1518801863 4281693 13658885231 8653692
1518801873 4281693 13658885231 8653692
1518801883 4281693 13658885231 8653692
1518801894 4281693 13658885231 8653692
1518801904 4281693 13658885231 8653692
1518801914 4281693 13658885231 8653692
1518801924 4281693 13658885231 8653692
1518801934 4281695 13658885231 8653692
1518801944 4281695 13658885231 8653692
1518801954 4281695 13658885231 8653692
1518801965 4281695 13658885231 8653692
1518801975 4281695 13658885231 8653692
1518801985 4281695 13658885231 8653692
1518801995 4281695 13658885231 8653692
1518802005 4281697 13658885231 8653692
1518802015 4281697 13658885231 8653692
1518802026 4281697 13658885231 8653692
1518802036 4281697 13658885231 8653692
1518802046 4281697 13658885231 8653692
1518802056 4281697 13658885231 8653692
1518802066 4281697 13658885231 8653692
1518802076 4281699 13658885231 8653692
1518802087 4281699 13658885231 8653692
1518802097 4281699 13658885231 8653692
1518802107 4281699 13658885231 8653692
1518802117 4281699 13658885231 8653692
1518802127 4281699 13658885231 8653692
1518802137 4281699 13658885231 8653692
1518802147 4281699 13658885231 8653692
1518802158 4281701 13658885231 8653692
1518802168 4281701 13658885231 8653692
1518802178 4281701 13658885231 8653692
1518802188 4281701 13658885231 8653692
1518802198 4281701 13658885231 8653692
1518802208 4281701 13658885231 8653692
1518802219 4281701 13658885231 8653692
1518802229 4281703 13658885231 8653692
1518802239 4281703 13658885231 8653692
1518802249 4281703 13658885231 8653692
1518802259 4281703 13658885231 8653692
1518802269 4281703 13658885231 8653692
1518802279 4281703 13658885231 8653692
1518802290 4281703 13658885231 8653692
1518802300 4281703 13658885231 8653692
1518802310 4281705 13658885231 8653692
1518802320 4281705 13658885231 8653692
1518802330 4281705 13658885231 8653692
1518802340 4281705 13658885231 8653692
1518802351 4281705 13658885231 8653692
1518802361 4281705 13658885231 8653692
1518802371 4281705 13658885231 8653692
1518802381 4281707 13658885231 8653692
1518802391 4281707 13658885231 8653692
1518802401 4281707 13658885231 8653692
1518802412 4281707 13658885231 8653692
1518802422 4281707 13658885231 8653692
1518802433 4281707 13658885231 8653692
1518802443 4281707 13658885231 8653692
1518802453 4281709 13658885231 8653692
1518802463 4281709 13658885231 8653692
1518802473 4281709 13658885231 8653692
1518802483 4281709 13658885231 8653692
1518802493 4281709 13658885231 8653692
1518802504 4281709 13658885231 8653692
1518802514 4281709 13658885231 8653692
1518802524 4281709 13658885231 8653692
1518802534 4281711 13658885231 8653692
1518802544 4281711 13658885231 8653692
1518802554 4281711 13658885231 8653692
1518802565 4281711 13658885231 8653692
1518802575 4281711 13658885231 8653692
1518802585 4281711 13658885231 8653692
1518802595 4281711 13658885231 8653692
1518802605 4281713 13658885231 8653692
1518802615 4281713 13658885231 8653692
1518802626 4281713 13658885231 8653692
1518802636 4281713 13658885231 8653692
1518802646 4281713 13658885231 8653692
1518802656 4281713 13658885231 8653692
1518802666 4281713 13658885231 8653692
1518802676 4281715 13658885231 8653692
1518802686 4281715 13658885231 8653692
1518802697 4281715 13658885231 8653692
1518802707 4281715 13658885231 8653692
1518802717 4281715 13658885231 8653692
1518802727 4281715 13658885231 8653692
1518802737 4281715 13658885231 8653692
1518802748 4281715 13658885231 8653692
1518802758 4281717 13658885231 8653692
1518802768 4281717 13658885231 8653692
1518802778 4281717 13658885231 8653692
1518802788 4281717 13658885231 8653692
1518802799 4281717 13658885231 8653692
1518802809 4281717 13658885231 8653692
1518802819 4281717 13658885231 8653692
1518802829 4281719 13658885231 8653692
1518802839 4281719 13658885231 8653692
1518802849 4281719 13658885231 8653692
1518802860 4281719 13658885231 8653692
1518802870 4281719 13658885231 8653692
1518802880 4281719 13658885231 8653692
1518802890 4281719 13658885231 8653692
1518802900 4281719 13658885231 8653692
1518802910 4281721 13658885231 8653692
1518802920 4281721 13658885231 8653692
1518802931 4281721 13658885231 8653692
1518802941 4281721 13658885231 8653692
1518802951 4281721 13658885231 8653692
1518802961 4281721 13658885231 8653692
1518802971 4281721 13658885231 8653692
1518802981 4281723 13658885231 8653692
1518802992 4281723 13658885231 8653692
1518803002 4281723 13658885231 8653692
1518803012 4281723 13658885231 8653692
1518803022 4281723 13658885231 8653692
1518803032 4281723 13658885231 8653692
1518803042 4281723 13658885231 8653692
1518803052 4281725 13658885231 8653692
1518803063 4281725 13658885231 8653692
1518803073 4281725 13658885231 8653692
1518803083 4281725 13658885231 8653692
1518803093 4281725 13658885231 8653692
1518803103 4281725 13658885231 8653692
1518803113 4281725 13658885231 8653692
1518803124 4281725 13658885231 8653692
1518803134 4281727 13658885231 8653692
1518803144 4281727 13658885231 8653692
1518803154 4281727 13658885231 8653692
1518803164 4281727 13658885231 8653692
1518803174 4281727 13658885231 8653692
1518803185 4281727 13658885231 8653692
1518803195 4281727 13658885231 8653692
1518803205 4281729 13658885231 8653692
1518803215 4281729 13658885231 8653692
1518803225 4281729 13658885231 8653692
1518803235 4281729 13658885231 8653692
1518803246 4281729 13658885231 8653692
1518803256 4281729 13658885231 8653692
1518803266 4281729 13658885231 8653692
1518803276 4281729 13658885231 8653692
1518803286 4281731 13658885231 8653692
1518803296 4281731 13658885231 8653692
1518803306 4281731 13658885231 8653692
1518803317 4281731 13658885231 8653692
1518803327 4281731 13658885231 8653692
1518803337 4281731 13658885231 8653692
1518803347 4281731 13658885231 8653692
1518803357 4281733 13658885231 8653692
1518803367 4281733 13658885231 8653692
1518803378 4281733 13658885231 8653692
1518803388 4281733 13658885231 8653692
1518803398 4281733 13658885231 8653692
1518803408 4281733 13658885231 8653692
1518803418 4281733 13658885231 8653692
1518803428 4281735 13658885231 8653692
1518803438 4281735 13658885231 8653692
1518803449 4281735 13658885231 8653692
1518803459 4281735 13658885231 8653692
1518803469 4281735 13658885231 8653692
1518803479 4281735 13658885231 8653692
1518803489 4281735 13658885231 8653692
1518803500 4281735 13658885231 8653692
1518803510 4281737 13658885231 8653692
1518803520 4281737 13658885231 8653692
1518803530 4281737 13658885231 8653692
1518803540 4281737 13658885231 8653692
1518803550 4281737 13658885231 8653692
1518803560 4281737 13658885231 8653692
1518803571 4281737 13658885231 8653692
1518803581 4281739 13658885231 8653692
1518803591 4281739 13658885231 8653692
1518803601 4281739 13658885231 8653692
1518803611 4281739 13658885231 8653692
1518803621 4281739 13658885231 8653692
1518803632 4281739 13658885231 8653692
1518803642 4281739 13658885231 8653692
1518803652 4281741 13658885231 8653692
1518803662 4281741 13658885231 8653692
1518803672 4281741 13658885231 8653692
1518803682 4281741 13658885231 8653692
1518803693 4281741 13658885231 8653692
1518803703 4281741 13658885231 8653692
1518803713 4281741 13658885231 8653692
1518803723 4281741 13658885231 8653692
1518803733 4281743 13658885231 8653692
1518803743 4281743 13658885231 8653692
1518803754 4281743 13658885231 8653692
1518803764 4281743 13658885231 8653692
1518803774 4281743 13658885231 8653692
1518803784 4281743 13658885231 8653692
1518803794 4281743 13658885231 8653692
1518803804 4281745 13658885231 8653692
1518803814 4281745 13658885231 8653692
1518803825 4281745 13658885231 8653692
1518803835 4281745 13658885231 8653692
1518803845 4281745 13658885231 8653692
1518803855 4281745 13658885231 8653692
1518803865 4281745 13658885231 8653692
1518803875 4281745 13658885231 8653692
1518803886 4281747 13658885231 8653692
1518803896 4281747 13658885231 8653692
1518803906 4281747 13658885231 8653692
1518803916 4281747 13658885231 8653692
1518803926 4281747 13658885231 8653692
1518803936 4281747 13658885231 8653692
1518803947 4281747 13658885231 8653692
1518803957 4281749 13658885231 8653692
1518803967 4281749 13658885231 8653692
1518803977 4281749 13658885231 8653692
1518803987 4281749 13658885231 8653692
1518803997 4281749 13658885231 8653692
1518804008 4281749 13658885231 8653692
1518804018 4281749 13658885231 8653692
1518804028 4281751 13658885231 8653692
1518804038 4281751 13658885231 8653692
1518804048 4281751 13658885231 8653692
1518804058 4281751 13658885231 8653692
1518804068 4281751 13658885231 8653692
1518804079 4281751 13658885231 8653692
1518804089 4281751 13658885231 8653692
1518804099 4281751 13658885231 8653692
1518804109 4281753 13658885231 8653692
1518804119 4281753 13658885231 8653692
1518804129 4281753 13658885231 8653692
1518804140 4281753 13658885231 8653692
1518804150 4281753 13658885231 8653692
1518804160 4281753 13658885231 8653692
1518804170 4281753 13658885231 8653692
1518804180 4281755 13658885231 8653692
1518804190 4281755 13658885231 8653692
1518804201 4281755 13658885231 8653692
1518804211 4281755 13658885231 8653692
1518804221 4281755 13658885231 8653692
1518804231 4281755 13658885231 8653692
1518804241 4281755 13658885231 8653692
1518804251 4281755 13658885231 8653692
1518804262 4281757 13658885231 8653692
1518804272 4281757 13658885231 8653692
1518804282 4281757 13658885231 8653692
1518804292 4281757 13658885231 8653692
1518804302 4281757 13658885231 8653692
1518804312 4281757 13658885231 8653692
1518804323 4281757 13658885231 8653692
1518804333 4281759 13658885231 8653692
1518804343 4281759 13658885231 8653692
1518804353 4281759 13658885231 8653692
1518804364 4281759 13658885231 8653692
1518804374 4281759 13658885231 8653692
1518804384 4281759 13658885231 8653692
1518804394 4281759 13658885231 8653692
1518804404 4281761 13658885231 8653692
1518804414 4281761 13658885231 8653692
1518804425 4281761 13658885231 8653692
1518804435 4281761 13658885231 8653692
1518804445 4281761 13658885231 8653692
1518804455 4281761 13658885231 8653692
1518804465 4281761 13658885231 8653692
1518804475 4281761 13658885231 8653692
1518804486 4281763 13658885231 8653692
1518804496 4281763 13658885231 8653692
1518804506 4281763 13658885231 8653692
1518804516 4281763 13658885231 8653692
1518804526 4281763 13658885231 8653692
1518804536 4281763 13658885231 8653692
1518804547 4281763 13658885231 8653692
1518804557 4281765 13658885231 8653692
1518804567 4281765 13658885231 8653692
1518804577 4281765 13658885231 8653692
1518804587 4281765 13658885231 8653692
1518804597 4281765 13658885231 8653692
1518804607 4281765 13658885231 8653692
1518804618 4281765 13658885231 8653692
1518804628 4281765 13658885231 8653692
1518804638 4281767 13658885231 8653692
1518804648 4281767 13658885231 8653692
1518804658 4281767 13658885231 8653692
1518804668 4281767 13658885231 8653692
1518804679 4281767 13658885231 8653692
1518804689 4281767 13658885231 8653692
1518804699 4281767 13658885231 8653692
1518804709 4281769 13658885231 8653692
1518804719 4281769 13658885231 8653692
1518804729 4281769 13658885231 8653692
1518804739 4281769 13658885231 8653692
1518804750 4281769 13658885231 8653692
1518804760 4281769 13658885231 8653692
1518804770 4281769 13658885231 8653692
1518804780 4281771 13658885231 8653692
1518804790 4281771 13658885231 8653692
1518804800 4281771 13658885231 8653692
1518804811 4281771 13658885231 8653692
1518804821 4281771 13658885231 8653692
1518804831 4281771 13658885231 8653692
1518804841 4281771 13658885231 8653692
1518804851 4281771 13658885231 8653692
1518804861 4281773 13658885231 8653692
1518804872 4281773 13658885231 8653692
1518804882 4281773 13658885231 8653692
1518804892 4281773 13658885231 8653692
1518804902 4281773 13658885231 8653692
1518804912 4281773 13658885231 8653692
1518804922 4281773 13658885231 8653692
1518804932 4281775 13658885231 8653692
1518804943 4281775 13658885231 8653692
1518804953 4281775 13658885231 8653692
1518804963 4281775 13658885231 8653692
1518804973 4281775 13658885231 8653692
1518804983 4281775 13658885231 8653692
1518804993 4281775 13658885231 8653692
1518805004 4281777 13658885231 8653692
1518805014 4281777 13658885231 8653692
1518805024 4281777 13658885231 8653692
1518805034 4281777 13658885231 8653692
1518805044 4281777 13658885231 8653692
1518805054 4281777 13658885231 8653692
1518805065 4281777 13658885231 8653692
1518805075 4281777 13658885231 8653692
1518805085 4281779 13658885231 8653692
1518805095 4281779 13658885231 8653692
1518805106 4281779 13658885231 8653692
1518805116 4281779 13658885231 8653692
1518805126 4281779 13658885231 8653692
1518805136 4281779 13658885231 8653692
1518805146 4281779 13658885231 8653692
1518805156 4281781 13658885231 8653692
1518805167 4281781 13658885231 8653692
1518805177 4281781 13658885231 8653692
1518805187 4281781 13658885231 8653692
1518805197 4281781 13658885231 8653692
1518805207 4281781 13658885231 8653692
1518805217 4281781 13658885231 8653692
1518805228 4281781 13658885231 8653692
1518805238 4281783 13658885231 8653692
1518805248 4281783 13658885231 8653692
1518805258 4281783 13658885231 8653692
1518805268 4281783 13658885231 8653692
1518805278 4281783 13658885231 8653692
1518805289 4281783 13658885231 8653692
1518805299 4281783 13658885231 8653692
1518805309 4281785 13658885231 8653692
1518805319 4281785 13658885231 8653692
1518805329 4281785 13658885231 8653692
1518805339 4281785 13658885231 8653692
1518805349 4281785 13658885231 8653692
1518805360 4281785 13658885231 8653692
1518805370 4281785 13658885231 8653692
1518805380 4281787 13658885231 8653692
1518805390 4281787 13658885231 8653692
1518805400 4281787 13658885231 8653692
1518805410 4281787 13658885231 8653692
1518805421 4281787 13658885231 8653692
1518805431 4281787 13658885231 8653692
1518805441 4281787 13658885231 8653692
1518805451 4281787 13658885231 8653692
1518805461 4281789 13658885231 8653692
1518805471 4281789 13658885231 8653692
1518805482 4281789 13658885231 8653692
1518805492 4281789 13658885231 8653692
1518805502 4281789 13658885231 8653692
1518805512 4281789 13658885231 8653692
1518805522 4281789 13658885231 8653692
1518805532 4281791 13658885231 8653692
1518805542 4281791 13658885231 8653692
1518805553 4281791 13658885231 8653692
1518805563 4281791 13658885231 8653692
1518805573 4281791 13658885231 8653692
1518805583 4281791 13658885231 8653692
1518805593 4281791 13658885231 8653692
1518805603 4281791 13658885231 8653692
1518805614 4281793 13658885231 8653692
1518805624 4281793 13658885231 8653692
1518805634 4281793 13658885231 8653692
1518805644 4281793 13658885231 8653692
1518805654 4281793 13658885231 8653692
1518805664 4281793 13658885231 8653692
1518805675 4281793 13658885231 8653692
1518805685 4281795 13658885231 8653692
1518805695 4281795 13658885231 8653692
1518805705 4281795 13658885231 8653692
1518805715 4281795 13658885231 8653692
1518805725 4281795 13658885231 8653692
1518805735 4281795 13658885231 8653692
1518805746 4281795 13658885231 8653692
1518805756 4281797 13658885231 8653692
1518805766 4281797 13658885231 8653692
1518805776 4281797 13658885231 8653692
1518805786 4281797 13658885231 8653692
1518805796 4281797 13658885231 8653692
1518805807 4281797 13658885231 8653692
1518805817 4281797 13658885231 8653692
1518805827 4281797 13658885231 8653692
1518805837 4281799 13658885231 8653692
1518805847 4281799 13658885231 8653692
1518805857 4281799 13658885231 8653692
1518805867 4281799 13658885231 8653692
1518805878 4281799 13658885231 8653692
1518805888 4281799 13658885231 8653692
1518805898 4281799 13658885231 8653692
1518805908 4281801 13658885231 8653692
1518805918 4281801 13658885231 8653692
1518805928 4281801 13658885231 8653692
1518805939 4281801 13658885231 8653692
1518805949 4281801 13658885231 8653692
1518805959 4281801 13658885231 8653692
1518805969 4281801 13658885231 8653692
1518805979 4281801 13658885231 8653692
1518805989 4281803 13658885231 8653692
1518806000 4281803 13658885231 8653692
1518806010 4281803 13658885231 8653692
1518806020 4281803 13658885231 8653692
1518806030 4281803 13658885231 8653692
1518806040 4281803 13658885231 8653692
1518806051 4281803 13658885231 8653692
1518806061 4281805 13658885231 8653692
1518806071 4281805 13658885231 8653692
1518806081 4281805 13658885231 8653692
1518806092 4281805 13658885231 8653692
1518806102 4281805 13658885231 8653692
1518806112 4281805 13658885231 8653692
1518806122 4281805 13658885231 8653692
1518806132 4281807 13658885231 8653692
1518806142 4281807 13658885231 8653692
1518806153 4281807 13658885231 8653692
1518806163 4281807 13658885231 8653692
1518806173 4281807 13658885231 8653692
1518806183 4281807 13658885231 8653692
1518806193 4281807 13658885231 8653692
1518806203 4281807 13658885231 8653692
1518806213 4281809 13658885231 8653692
1518806224 4281809 13658885231 8653692
1518806234 4281809 13658885231 8653692
1518806244 4281809 13658885231 8653692
1518806254 4281809 13658885231 8653692
1518806264 4281809 13658885231 8653692
1518806274 4281809 13658885231 8653692
1518806285 4281811 13658885231 8653692
1518806295 4281811 13658885231 8653692
1518806305 4281811 13658885231 8653692
1518806315 4281811 13658885231 8653692
1518806325 4281811 13658885231 8653692
1518806335 4281811 13658885231 8653692
1518806346 4281811 13658885231 8653692
1518806356 4281813 13658885231 8653692
1518806366 4281813 13658885231 8653692
1518806376 4281813 13658885231 8653692
1518806386 4281813 13658885231 8653692
1518806396 4281813 13658885231 8653692
1518806407 4281813 13658885231 8653692
1518806417 4281813 13658885231 8653692
1518806427 4281813 13658885231 8653692
1518806437 4281815 13658885231 8653692
1518806447 4281815 13658885231 8653692
1518806457 4281815 13658885231 8653692
1518806467 4281815 13658885231 8653692
1518806478 4281815 13658885231 8653692
1518806488 4281815 13658885231 8653692
1518806498 4281815 13658885231 8653692
1518806537 4281817 13658885231 8653692
1518806547 4281817 13658885231 8653692
1518806557 4281817 13658885231 8653692
1518806567 4281817 13658885231 8653692
1518806578 4281817 13658885231 8653692
1518806588 4281819 13658885231 8653692
1518806598 4281819 13658885231 8653692
1518806608 4281819 13658885231 8653692
1518806618 4281819 13658885231 8653692
1518806628 4281819 13658885231 8653692
1518806639 4281819 13658885231 8653692
1518806649 4281819 13658885231 8653692
1518806659 4281821 13658885231 8653692
1518806669 4281821 13658885231 8653692
1518806679 4281821 13658885231 8653692
1518806689 4281821 13658885231 8653692
1518806699 4281821 13658885231 8653692
1518806710 4281821 13658885231 8653692
1518806720 4281821 13658885231 8653692
1518806730 4281821 13658885231 8653692
1518806740 4281823 13658885231 8653692
1518806750 4281823 13658885231 8653692
1518806760 4281823 13658885231 8653692
1518806771 4281823 13658885231 8653692
1518806781 4281823 13658885231 8653692
1518806791 4281823 13658885231 8653692
1518806801 4281823 13658885231 8653692
1518806811 4281825 13658885231 8653692
1518806821 4281825 13658885231 8653692
1518806832 4281825 13658885231 8653692
1518806842 4281825 13658885231 8653692
1518806852 4281825 13658885231 8653692
1518806862 4281825 13658885231 8653692
1518806872 4281825 13658885231 8653692
1518806882 4281827 13658885231 8653692
1518806892 4281827 13658885231 8653692
1518806903 4281827 13658885231 8653692
1518806913 4281827 13658885231 8653692
1518806923 4281827 13658885231 8653692
1518806933 4281827 13658885231 8653692
1518806944 4281827 13658885231 8653692
1518806954 4281827 13658885231 8653692
1518806964 4281829 13658885231 8653692
1518806974 4281829 13658885231 8653692
1518806984 4281829 13658885231 8653692
1518806994 4281829 13658885231 8653692
1518807005 4281829 13658885231 8653692
1518807015 4281829 13658885231 8653692
1518807025 4281829 13658885231 8653692
1518807035 4281831 13658885231 8653692
1518807045 4281831 13658885231 8653692
1518807055 4281831 13658885231 8653692
1518807066 4281831 13658885231 8653692
1518807076 4281831 13658885231 8653692
1518807086 4281831 13658885231 8653692
1518807096 4281831 13658885231 8653692
1518807106 4281831 13658885231 8653692
1518807116 4281833 13658885231 8653692
1518807127 4281833 13658885231 8653692
1518807137 4281833 13658885231 8653692
1518807147 4281833 13658885231 8653692
1518807157 4281833 13658885231 8653692
1518807167 4281833 13658885231 8653692
1518807177 4281833 13658885231 8653692
1518807188 4281835 13658885231 8653692
1518807198 4281835 13658885231 8653692
1518807208 4281835 13658885231 8653692
1518807218 4281835 13658885231 8653692
1518807229 4281835 13658885231 8653692
1518807239 4281835 13658885231 8653692
1518807249 4281835 13658885231 8653692
1518807259 4281837 13658885231 8653692
1518807269 4281837 13658885231 8653692
1518807279 4281837 13658885231 8653692
1518807290 4281837 13658885231 8653692
1518807300 4281837 13658885231 8653692
1518807310 4281837 13658885231 8653692
1518807320 4281837 13658885231 8653692
1518807330 4281837 13658885231 8653692
1518807340 4281839 13658885231 8653692
1518807350 4281839 13658885231 8653692
1518807361 4281839 13658885231 8653692
1518807371 4281839 13658885231 8653692
1518807381 4281839 13658885231 8653692
1518807391 4281839 13658885231 8653692
1518807401 4281839 13658885231 8653692
1518807411 4281841 13658885231 8653692
1518807422 4281841 13658885231 8653692
1518807432 4281841 13658885231 8653692
1518807442 4281841 13658885231 8653692
1518807452 4281841 13658885231 8653692
1518807462 4281841 13658885231 8653692
1518807472 4281841 13658885231 8653692
1518807483 4281843 13658885231 8653692
1518807493 4281843 13658885231 8653692
1518807503 4281843 13658885231 8653692
1518807513 4281843 13658885231 8653692
1518807523 4281843 13658885231 8653692
1518807533 4281843 13658885231 8653692
1518807543 4281843 13658885231 8653692
1518807554 4281843 13658885231 8653692
1518807564 4281845 13658885231 8653692
1518807574 4281845 13658885231 8653692
1518807584 4281845 13658885231 8653692
1518807594 4281845 13658885231 8653692
1518807604 4281845 13658885231 8653692
1518807615 4281845 13658885231 8653692
1518807625 4281845 13658885231 8653692
1518807635 4281847 13658885231 8653692
1518807645 4281847 13658885231 8653692
1518807655 4281847 13658885231 8653692
1518807665 4281847 13658885231 8653692
1518807676 4281847 13658885231 8653692
1518807686 4281847 13658885231 8653692
1518807696 4281847 13658885231 8653692
1518807707 4281847 13658885231 8653692
1518807717 4281849 13658885231 8653692
1518807727 4281863 13658885231 8653692
1518807737 4281863 13658885231 8653692
1518807747 4281863 13658885231 8653692
1518807757 4281951 13659013788 8653692
