0.433608 0.661964
0.433544 0.669189
0.433352 0.661989
0.432847 0.647641
0.432015 0.626193
0.432083 0.604821
0.432013 0.604821
0.432 0.611896
0.431768 0.583694
0.431755 0.597747
0.431664 0.590744
0.432432 0.625637
0.432619 0.618682
0.433122 0.646408
0.43289 0.632592
0.433226 0.632592
0.434171 0.660041
0.434559 0.680561
0.434859 0.694195
0.435685 0.707785
0.435552 0.72133
0.436205 0.741583
0.436871 0.741583
0.437705 0.768412
0.43905 0.835269
0.439698 0.895248
0.439529 0.875319
0.43936 0.862074
0.439851 0.888479
0.439933 0.888479
0.439725 0.895039
0.439257 0.875421
0.439207 0.868901
0.43862 0.836406
0.438533 0.842885
0.437942 0.817048
0.437469 0.804169
0.437561 0.810589
0.437439 0.791387
0.436893 0.785005
0.436331 0.746832
0.435502 0.72146
0.435352 0.708811
0.435281 0.715117
