595 899 699 295 497 6 1 2 2 4 0 0 0 0 0 3000
597 897 698 498 296 5 2 2 2 3 0 0 0 0 0 3000
599 896 697 498 295 7 2 1 2 3 0 0 0 3000
898 596 701 494 297 6 2 1 2 3 0 0 0 3000
899 597 697 496 297 6 3 1 1 3 3000
900 591 695 499 295 6 4 2 1 7 0 0 0 3000
901 591 698 496 293 4 7 2 1 7 3000
898 596 698 494 291 6 8 2 2 5 3000
898 595 700 493 288 9 8 1 3 4 1 3000
899 700 595 493 294 4 7 3 1 4 0 3000
898 594 697 496 293 6 7 4 1 4 0 0 3000
899 595 496 697 291 5 8 4 4 0 0 1 0 0 3000
598 897 496 696 292 4 9 4 3 0 0 1 0 0 0 0 0 3000
596 899 698 497 294 1 7 4 3 0 0 1 3000
597 898 696 497 293 4 8 4 3 0 0 0 3000
598 898 698 497 291 7 4 4 3 0 0 0 0 0 0 3000
597 899 697 499 290 7 3 4 3 0 1 0 0 0 0 0 3000
597 699 899 498 291 4 2 5 2 0 1 1 1 0 3000
597 900 700 498 292 3 2 4 3 0 0 1 0 0 0 0 0 0 0 0 0 3000
592 900 700 497 295 3 7 3 3 0 0 0 0 0 0 0 0 0 0 3000
594 901 702 495 293 3 8 2 2 0 3000
598 699 899 497 294 3 7 2 0 0 0 0 1 3000
596 698 900 497 297 3 6 2 0 0 0 0 1 3000
596 701 900 497 293 3 6 2 1 0 0 1 0 3000
596 700 901 499 293 6 2 2 1 0 0 0 0 0 0 3000
596 700 901 496 295 6 2 2 1 0 0 1 0 3000
598 699 899 499 294 5 3 2 1 0 0 0 3000
598 700 899 497 294 5 4 2 1 0 0 0 3000
598 699 899 498 294 4 4 1 2 1 0 0 0 0 3000
598 700 899 497 294 4 3 1 2 2 0 0 0 0 0 0 3000
597 701 900 497 295 3 2 2 1 2 0 0 0 0 3000
594 701 903 497 295 3 2 2 0 2 0 0 1 0 3000
594 702 901 496 297 0 3 3 0 2 1 0 1 0 0 0 0 0 3000
595 702 900 496 297 0 3 3 1 0 1 0 1 0 1 0 0 3000
597 698 899 499 296 4 0 2 3 0 1 0 1 0 0 0 0 0 0 0 3000
593 901 698 498 298 4 0 1 4 0 0 0 2 1 0 0 0 3000
597 898 695 499 298 0 5 1 2 1 1 0 2 0 0 0 0 1 0 3000
598 898 697 498 296 0 5 1 0 3 1 0 3 0 0 0 0 0 0 0 0 0 0 0 0 0 0 0 3000
594 902 698 498 295 5 0 1 0 3 0 1 3 0 0 0 0 0 0 0 0 0 0 3000
596 900 696 499 296 5 0 2 0 3 0 0 3 0 0 0 3000
596 901 696 499 291 6 0 3 2 1 0 0 5 0 0 0 0 0 0 3000
597 900 701 288 495 5 1 5 2 2 0 0 4 0 0 0 0 0 0 0 0 0 0 0 0 0 0 3000
596 900 701 288 495 4 1 7 2 1 1 0 3 1 0 0 0 0 0 0 0 0 0 3000
602 897 701 288 496 3 2 2 3 0 2 1 2 1 0 0 0 0 0 0 0 0 3000
899 599 701 290 497 3 1 2 2 1 1 1 2 0 0 0 0 0 0 0 1 0 0 0 0 3000
900 597 697 500 293 3 1 1 3 3 0 1 0 0 0 0 0 0 0 0 1 0 3000
899 597 700 497 295 3 0 1 4 1 0 2 0 0 0 0 0 0 0 0 1 3000
900 597 701 496 295 4 0 0 4 0 0 2 0 0 0 0 0 0 0 0 1 3000
900 595 700 498 296 3 0 0 4 0 0 3 0 0 0 0 0 0 0 0 1 0 0 3000
900 595 700 499 296 3 1 0 3 0 0 3 0 0 0 0 0 0 0 0 0 0 0 0 0 3000
900 597 702 497 296 2 1 0 0 0 0 4 1 0 0 0 0 0 0 0 0 3000
901 596 700 499 296 2 1 0 0 0 0 4 1 3000
899 598 699 499 297 3 1 0 0 0 0 4 0 0 0 3000
900 700 597 498 297 3 2 0 0 0 0 3 0 0 0 0 0 3000
900 701 597 499 294 3 2 1 0 0 3 0 0 0 0 0 0 3000
900 702 597 497 295 3 2 1 0 0 3 0 0 0 0 3000
899 701 596 497 297 2 4 2 0 0 2 0 3000
900 700 598 497 296 3 2 1 0 0 3 3000
898 700 599 498 296 2 2 1 0 0 4 0 3000
900 699 597 499 296 2 2 1 0 4 0 0 0 3000
899 598 703 496 295 2 2 1 0 4 0 0 3000
900 597 699 499 297 2 0 2 1 3 3000
901 596 700 498 298 2 0 2 0 3 0 3000
901 596 697 500 299 2 0 2 0 3 3000
900 600 697 500 295 1 2 5 0 0 3000
899 699 600 499 297 1 2 3 3000
901 699 497 598 299 1 2 3 3000
702 900 496 600 296 1 2 3 0 3000
702 902 497 597 297 2 0 3 3000
705 899 495 600 296 2 1 2 0 0 0 3000
703 498 897 602 294 3 1 2 0 3000
704 494 901 598 297 3 2 0 0 0 1 0 3000
700 495 900 600 298 4 2 0 0 1 0 3000
700 496 900 598 300 3 2 0 0 1 0 3000
493 704 899 600 299 2 0 2 0 1 0 3000
494 703 899 601 299 0 2 2 0 0 0 0 3000
497 702 901 599 297 0 2 1 0 0 1 0 3000
501 698 900 600 297 2 0 0 0 0 2 0 0 3000
498 701 899 601 297 2 0 0 0 0 2 0 0 0 3000
496 702 899 600 299 1 0 0 0 3 0 0 3000
496 702 899 600 299 1 0 0 0 3 0 0 0 0 0 0 0 0 0 0 0 0 3000
495 702 898 601 299 1 0 0 4 0 0 3000
498 699 899 599 299 0 2 0 4 0 0 0 3000
498 697 899 601 298 0 4 3 0 0 3000
497 699 899 600 298 0 3 4 0 0 0 0 0 3000
499 899 699 600 296 0 3 4 0 0 3000
498 900 700 599 297 2 0 4 3000
497 700 898 601 297 2 5 0 0 3000
496 702 901 599 298 1 3 3000
496 899 703 601 297 1 3 3000
900 496 704 598 298 0 3 1 0 0 3000
497 899 701 601 298 3 0 1 0 0 3000
497 901 700 599 296 0 4 3 3000
498 901 701 599 298 0 1 2 0 3000
498 901 599 700 298 1 0 3 0 3000
497 900 599 702 298 1 0 3 0 0 0 0 3000
498 900 599 701 298 0 1 3 3000
496 902 597 702 299 0 1 3 3000
900 497 600 702 298 0 1 2 3000
897 498 603 702 297 0 1 2 0 0 0 3000
