1.89287
1.28553
1.01045
1.01045
0.802814
0.802814
1.07039
1.07039
0.814882
0.814882
1.09971
1.09971
1.09971
1.09971
1.09971
1.09971
1.39428
2.1722
2.10003
2.10003
2.10003
2.10003
1.6308
0.886856
0.886856
0.886856
0.886856
0.886856
1.88693
1.88693
1.88693
1.88693
1.88693
1.76455
1.76455
1.76455
1.76455
2.58112
2.23713
2.23516
2.87629
2.47382
2.53357
2.83476
2.305
2.305
2.305
2.305
1.65526
2.18312
1.73754
1.73754
1.17183
1.79455
1.49892
1.49892
0.661683
0.661683
0.661683
0.702274
0.702274
0.702274
0.702274
0.702274
0.702274
0.702274
0.702274
0.702274
0.702274
0.702274
0.702274
0.702274
0.702274
0.929722
0.929722
0.929722
0.929722
1.2237
1.2237
1.11838
1.11838
1.22763
0.748323
0.748323
0.748323
0.748323
0.748323
0.547356
0.547356
0.669099
0.669099
0.669099
0.913931
0.913931
0.913931
0.414438
0.736441
0.736441
0.736441
0.736441
