0.988391
0.987292
1.03782
0.990677
0.99786
1.03533
1.01424
0.997712
1.05097
1.01746
1.05409
1.00721
0.990988
1.00347
1.05837
1.01047
0.996051
0.969597
1.00219
1.13883
1.02068
1.00598
0.999092
0.983074
1.0003
0.996351
0.992468
1.01876
1.00669
1.01319
1.01881
0.979562
0.997692
1.00444
1.0494
1.02125
1.01219
1.00065
0.998577
0.975127
1.01449
1.05929
0.984011
1.01856
0.998696
0.977463
1.06011
1.04322
1.02701
0.982767
0.978959
1.06294
1.00822
0.999331
0.975221
1.01211
0.964578
0.961969
1.02764
1.05048
1.00695
1.01582
1.02851
1.04745
1.02259
1.02392
0.997175
0.989129
1.00326
1.01917
1.00292
1.07546
0.983457
1.0441
1.02248
1.01328
1.08172
0.984237
0.982092
1.02183
1.02061
1.05495
1.03126
1.00143
0.9617
0.995877
1.00205
0.957677
0.979454
1.01138
0.992431
1.03409
1.0132
0.974569
1.04166
0.973876
0.98237
0.992772
1.04529
1.0565
