-18672.3 -13923.5 -4748.8
-18656.7 -13908.6 -4748.07
-18681.8 -13933.1 -4748.63
-18671.4 -13923.1 -4748.33
-18657.7 -13916.5 -4741.14
-18683.7 -13911 -4772.75
-18692 -13917.4 -4774.59
-18694.5 -13912.2 -4782.25
-18725.2 -13929 -4796.21
-18707.2 -13931.4 -4775.87
-18698 -13914.9 -4783.01
-18692 -13915 -4776.92
-18674.4 -13903.1 -4771.32
-18662.6 -13911.7 -4750.82
-18675.2 -13912.7 -4762.58
-18668.9 -13915 -4753.9
-18672.9 -13917.5 -4755.39
-18704.6 -13952.8 -4751.8
-18793.7 -14062.7 -4731
-18692.3 -13945.2 -4747.08
-18675.9 -13934.7 -4741.15
-18657.5 -13926 -4731.49
-18651.1 -13922.5 -4728.56
-18664.1 -13933 -4731.16
-18648.2 -13926.2 -4721.96
-18656.5 -13929.5 -4726.98
-18636 -13916 -4720.03
-18632.1 -13907.4 -4724.71
-18636.4 -13908.5 -4727.91
-18657.9 -13925.7 -4732.22
-18627.7 -13912.2 -4715.5
-18648.1 -13930.5 -4717.56
-18646.3 -13930.5 -4715.86
-18641.4 -13926.3 -4715.13
-18644.2 -13924.8 -4719.36
-18656 -13923.9 -4732.06
-18661.8 -13918.7 -4743.09
-18632.3 -13903.8 -4728.45
-18628.6 -13901 -4727.53
-18636.5 -13899.8 -4736.7
-18659.2 -13906.7 -4752.53
-18700 -13946.9 -4753.18
-18688.6 -13923.8 -4764.76
-18652.5 -13908 -4744.51
-18662.3 -13928 -4734.3
-18675.6 -13943.7 -4731.91
-18670.3 -13938.8 -4731.5
-18651.8 -13928.4 -4723.41
-18655.3 -13928.5 -4726.78
-18647.4 -13934.3 -4713.09
-18635.4 -13928.9 -4706.56
-18628.3 -13916.5 -4711.81
-18630.1 -13919.8 -4710.31
-18626.3 -13919.4 -4706.89
-18643 -13932.2 -4710.8
-18628.9 -13913.9 -4715.01
-18650.2 -13930.4 -4719.81
-18640.5 -13926.2 -4714.29
-18644.4 -13929.9 -4714.56
-18643.9 -13927.3 -4716.64
-18635.3 -13923.8 -4711.48
-18626.1 -13916.8 -4709.28
-18638.2 -13931 -4707.23
-18630.6 -13927.2 -4703.48
-18646.6 -13945.5 -4701.15
-18643.7 -13950.4 -4693.36
-18631.6 -13938.2 -4693.4
-18619.2 -13928.7 -4690.48
-18624.9 -13936.1 -4688.79
-18638 -13951.8 -4686.18
-18741.4 -14046.7 -4694.68
-18629.8 -13935.6 -4694.16
-18644 -13943 -4701.03
-18638.3 -13941 -4697.34
-18635.3 -13948.1 -4687.11
-18642.9 -13959.3 -4683.63
-18625.7 -13943.4 -4682.23
-18646.9 -13959.9 -4686.95
-18628.5 -13943.7 -4684.79
-18622.2 -13934.6 -4687.63
-18624.7 -13941 -4683.67
-18635.2 -13946.4 -4688.83
-18636.6 -13940.3 -4696.29
-18636.8 -13938.2 -4698.65
-18639.9 -13940.2 -4699.75
-18648.5 -13948.9 -4699.6
-18634.5 -13944.1 -4690.32
-18692.5 -13993.3 -4699.22
-18636.3 -13957.4 -4678.86
-18636.5 -13960.4 -4676.13
-18637.3 -13954.9 -4682.39
-18636.2 -13954.1 -4682.06
-18661.2 -13960.3 -4700.96
-18631.9 -13954.7 -4677.13
-18647.9 -13966.2 -4681.66
-18628.8 -13946.7 -4682.13
-18632.9 -13950.6 -4682.29
-18635 -13954.7 -4680.28
-18626.5 -13950.4 -4676.14
-18644.9 -13966.9 -4678
