0.203288 0.299864 0.227802 0.100884 0.161317 0.00163157 0.000519697 0.00189631 0.00152557 0.000772504 0.000300004 9.46713e-05 7.81145e-05 9.35452e-06 3.25097e-06
0.194941 0.296151 0.240712 0.157532 0.105695 0.00157289 0.000986788 6.79625e-05 0.000279455 0.00152444 3.59764e-05 9.24218e-05 0.000365626 2.58927e-05 2.49595e-06
0.210115 0.286425 0.239856 0.160689 0.0958676 0.00354432 0.000607001 0.000180065 0.00169273 0.000980072 1.95954e-05 3.99057e-06 1.69276e-05
0.312639 0.212446 0.220579 0.163042 0.0852888 0.00351572 0.000449406 0.000450824 0.000277047 0.00101534 6.30184e-05 0.000129621 7.15439e-05
0.290779 0.203239 0.233235 0.162403 0.105977 0.00265531 0.00077904 0.00026134 0.000337811 0.000323124
0.296386 0.212594 0.230531 0.16268 0.0913263 0.00308817 0.000998593 0.000326492 0.000445391 0.00145994 0.000142285 5.16635e-06 1.60298e-05
0.309757 0.199305 0.225089 0.165286 0.0907366 0.00186749 0.00350446 0.00209927 0.000113019 0.00219681
0.304956 0.194931 0.232674 0.160781 0.101193 0.00108459 0.00193239 0.000613581 0.000632858 0.00117053
0.300836 0.197479 0.234967 0.163926 0.0923739 0.00525124 0.00200492 0.00103352 0.000623027 0.00144024 6.18997e-05
0.28782 0.246176 0.20638 0.158933 0.0897608 0.0051356 0.00138501 0.000732869 0.000685999 0.0024097 0.000577859
0.291195 0.206267 0.23665 0.154297 0.105242 0.00267961 0.00172205 0.000878987 0.000442203 0.0005229 7.78371e-05 1.3207e-05
0.288131 0.200484 0.161518 0.241727 0.0979469 0.00386 0.00241895 0.00232467 0.000871056 0.00017338 2.47941e-05 0.000423865 5.72972e-05 2.8048e-05
0.191123 0.309916 0.16122 0.233743 0.0957389 0.00222097 0.00273893 0.00136364 0.00172848 7.42834e-05 7.52664e-05 4.37467e-05 1.90906e-06 2.60154e-06 7.8897e-06 4.59712e-07 3.13946e-08
0.201591 0.287691 0.242859 0.163148 0.097899 0.00103317 0.00371137 0.000654815 0.00047234 0.000324932 0.000543125 7.06048e-05
0.193057 0.2994 0.239776 0.175489 0.086454 0.000828581 0.00259246 0.00141976 0.000879379 3.54152e-05 1.27139e-05 4.54497e-05
0.196552 0.302133 0.234639 0.162193 0.0971484 0.0018229 0.00202359 0.00207567 0.00109313 9.09911e-05 7.09264e-05 1.52136e-05 7.05768e-05 3.1525e-05 1.85383e-05
0.197807 0.308962 0.232782 0.158379 0.0967136 0.00285795 0.000321966 0.00124175 0.000336964 0.000269124 0.00028346 4.6324e-06 1.82521e-05 1.38133e-05 5.36117e-07 4.75853e-07
0.210359 0.229021 0.309806 0.150427 0.0945537 0.00149863 0.00218294 0.00101909 0.000319933 0.000106048 0.00040444 0.000149471 0.000116689 2.90246e-06
0.198938 0.300089 0.230901 0.160106 0.103403 0.00175126 0.000794452 0.00242766 0.00107232 0.000109565 3.8217e-05 6.85433e-05 0.000104021 0.000145005 3.29089e-06 2.19357e-05 8.55211e-06 6.24855e-06 2.80648e-06 6.79518e-06 1.04939e-06
0.188707 0.300058 0.236237 0.177961 0.091349 0.00105976 0.00199733 0.00194156 0.000339743 9.85791e-06 8.41131e-06 0.000175331 3.82716e-05 1.88566e-05 4.32632e-06 4.38684e-05 2.80016e-07 1.3879e-06 2.6633e-05
0.200701 0.290881 0.239373 0.162335 0.0990036 0.00206361 0.00408401 0.00116567 0.000261466 4.10038e-05
0.198471 0.226338 0.309322 0.159111 0.10006 0.00113778 0.00390168 0.00110078 0.000334182 2.19912e-05 7.15586e-06 1.8117e-06 0.000154545
0.191314 0.224494 0.3078 0.175013 0.0964393 0.00139649 0.00272972 0.000578046 0.000172898 5.08322e-06 2.33187e-07 5.27779e-06 4.78528e-05
0.201289 0.223718 0.289665 0.173285 0.108704 0.000755837 0.00193122 0.000231605 9.56074e-05 0.000180069 3.16454e-05 8.58991e-05 2.40428e-05
0.195658 0.237737 0.292738 0.180738 0.0911835 0.000926944 0.000628023 0.00030131 1.09643e-05 5.38507e-06 3.23108e-05 2.69561e-05 6.30255e-06 8.16101e-07 3.73195e-06
0.200502 0.231167 0.307484 0.167439 0.0886804 0.00368936 0.00043985 0.000227003 0.000196805 3.38518e-05 2.28045e-05 8.12943e-05 1.64854e-05
0.197524 0.236509 0.291063 0.168966 0.10101 0.00268307 0.00101218 0.00069945 0.0001457 0.000204927 5.11527e-05 0.000109728
0.189426 0.238982 0.310524 0.158882 0.0980987 0.00206522 0.00143103 0.000276453 0.000133291 1.34228e-06 8.81636e-05 7.72308e-05
0.190626 0.239884 0.303826 0.153904 0.107859 0.00111044 0.00153801 0.000281645 0.000211369 0.00063117 1.0267e-05 7.48418e-05 2.82178e-05 4.55048e-06
0.196454 0.224179 0.293156 0.163014 0.116263 0.00239241 0.00285405 0.000197666 0.000525057 0.00032689 0.000212993 0.000106334 0.000186394 6.21298e-06 8.47514e-06 9.90945e-05
0.204984 0.237157 0.293439 0.169499 0.0894377 0.00109131 0.000964073 0.000769014 0.00133906 0.00103632 0.000109109 3.65251e-05 3.27968e-05 5.82022e-05
0.193235 0.236744 0.307706 0.164712 0.0941618 0.00111833 0.000402837 0.000742137 3.85393e-05 0.000462157 9.13446e-05 0.000558542 1.64125e-05 9.70734e-06
0.193898 0.238258 0.306119 0.158823 0.0992448 0.000154117 0.000461665 0.000626183 0.000996596 0.000673185 0.000126731 0.000177243 0.000179168 6.81343e-05 2.7384e-06 0.000134594 1.92651e-05 1.46522e-05
0.189714 0.247526 0.306218 0.157807 0.0941441 0.000449544 0.000934697 0.00148907 0.000564716 0.000271021 0.000224727 6.29183e-05 0.000212763 8.86555e-05 0.000129117 2.33919e-05 0.000114791
0.200108 0.23201 0.295234 0.166206 0.101891 0.00154235 0.000107038 0.000302021 0.000887543 0.000615858 0.000453696 0.000344416 0.000165583 8.90831e-05 2.77668e-05 1.6033e-06 8.24415e-07 4.42188e-06 4.87549e-07 3.96263e-07
0.206171 0.284554 0.227285 0.182933 0.0949447 0.00174065 0.000295872 0.000389082 0.00104072 0.000272611 0.000126828 2.08248e-05 0.000150686 4.43099e-05 8.46981e-06 6.20264e-07 1.85735e-05
0.206428 0.314366 0.217525 0.156209 0.101889 0.000185555 0.00117296 4.65588e-05 0.000573294 0.000729643 0.000380255 0.000114471 9.1184e-05 0.000151535 7.66941e-06 1.734e-05 9.15261e-05 7.3223e-06 1.35937e-05
0.205266 0.297097 0.222882 0.163164 0.106946 7.44258e-05 0.00126798 0.000338079 0.000269068 0.000183672 0.000705495 0.000114739 0.000736861 0.000137811 0.000105204 0.00032989 0.00013987 0.00010135 2.45826e-05 1.89024e-05 3.6025e-06 3.10657e-05 1.77345e-05 7.12764e-06 4.98194e-06 2.94885e-06 2.17925e-06 3.04371e-06
0.214029 0.303733 0.226797 0.155463 0.096583 0.00133663 2.72406e-05 0.000143077 5.86182e-05 0.000821922 4.053e-05 0.000399247 0.000261459 3.35095e-05 7.95529e-05 5.14423e-06 1.17119e-05 4.9583e-07 3.41704e-05 2.1753e-05 7.83019e-05 8.4888e-06 4.98108e-06
0.212051 0.284457 0.231267 0.169365 0.0983689 0.00166113 3.11288e-05 0.000373342 0.000260858 0.000496094 0.000169264 0.000320312 0.000708447 0.000191004 0.000123612 0.000126917
0.209489 0.293314 0.245829 0.158168 0.0864354 0.00216623 4.10018e-05 0.00106206 0.000810876 0.000440233 0.000268486 5.52153e-05 0.00168361 8.33477e-05 7.84707e-05 1.3792e-05 3.01988e-06 3.20785e-05 8.99898e-06
0.196419 0.2941 0.241492 0.097299 0.161805 0.00375831 0.000789071 0.00101309 0.000949616 0.000337909 5.43922e-06 9.14675e-05 0.00112729 2.64058e-05 0.000185482 9.81799e-05 0.000137475 5.69126e-06 0.000286632 1.23062e-05 1.64143e-05 4.59375e-06 3.08137e-06 2.13985e-05 3.85919e-06 3.8021e-07 7.7138e-07
0.2089 0.295147 0.252215 0.0867066 0.149083 0.00113799 0.00088676 0.00296921 0.000512186 0.000408631 0.000967995 9.37929e-05 0.000721377 0.000115035 3.92953e-05 6.07063e-05 3.95357e-07 7.81921e-06 8.99941e-06 2.2963e-06 5.46928e-06 2.56973e-06 2.52964e-06
0.209116 0.284364 0.233104 0.0996506 0.165505 0.001503 0.00133184 0.000924948 0.000992269 0.00060351 0.000861666 0.000503122 0.000999959 0.000398432 7.59711e-05 1.61087e-05 1.13326e-05 1.87434e-07 4.27194e-06 2.49297e-06 5.28021e-07 1.53413e-05
0.294408 0.209867 0.234005 0.0877521 0.166939 0.00178391 0.000595118 0.000640369 0.0010015 0.000733148 0.000467868 8.48378e-05 0.000268193 0.000295667 6.68008e-05 0.000103618 0.000430216 0.000149926 7.22113e-05 5.16699e-05 0.000112042 2.56143e-05 5.41341e-05 5.94037e-05 2.53941e-05
0.28627 0.203362 0.229187 0.171763 0.103586 0.00135036 0.000612463 0.000893773 0.00151382 0.000719611 0.000163636 0.000178074 9.42124e-05 3.71017e-05 1.04516e-05 6.69096e-05 6.676e-05 5.61722e-05 1.49577e-05 1.51669e-06 3.48041e-05 7.23599e-06
0.289524 0.199191 0.225849 0.175392 0.104459 0.0011949 0.000627678 0.000962084 0.00106283 0.000921066 6.23062e-05 0.000475358 0.000131538 5.66578e-05 2.33139e-05 1.85666e-05 3.38921e-06 1.84524e-06 8.23761e-07 2.60801e-05 9.84429e-06
0.300269 0.191238 0.244884 0.16529 0.0949321 0.000828862 0.000249471 9.1517e-05 0.000753511 0.000295598 0.000121432 0.000290659 0.000404305 0.000134641 4.14921e-05 2.0197e-05 2.74885e-06 2.56558e-05 2.51117e-05 3.76239e-05 5.35374e-05
0.290425 0.198799 0.231005 0.17514 0.100552 0.00145064 0.000555368 0.000457392 0.000660751 5.12536e-05 0.000385257 0.000271782 0.000113163 2.28287e-05 2.08985e-05 4.9336e-06 1.4891e-05 7.38572e-06 2.69283e-05 2.96552e-06 1.10849e-05 4.96755e-06 1.056e-05
0.296771 0.195202 0.23818 0.166023 0.100958 0.000752517 0.000213677 4.06119e-05 0.000581459 3.95385e-05 0.000101456 0.00094604 0.000108151 2.58419e-05 7.56446e-07 1.57473e-05 1.58943e-05 1.81466e-05 3.35392e-06 1.09784e-06 3.79954e-07 2.95902e-10 4.4669e-07 1.46906e-06 1.79787e-07
0.296657 0.201316 0.227762 0.172933 0.0981328 0.000908422 0.000684491 0.000584483 0.000202143 9.47459e-05 2.85895e-05 0.000484934 5.89229e-05 4.5321e-05 1.88844e-05 3.8712e-05 1.40754e-05 1.1285e-05 5.89918e-06 8.14673e-06 5.12423e-06
0.291152 0.202049 0.226257 0.172317 0.10473 0.00171431 0.00107249 4.08672e-05 0.000204347 5.51513e-05 4.29544e-06 0.000349667 4.08467e-05
0.294603 0.205568 0.241256 0.168649 0.0864337 0.000742898 0.000918464 0.000335383 5.55594e-05 0.000503257 7.68413e-06 0.000749992 7.55655e-05 1.44983e-05 2.26338e-05
0.299552 0.232171 0.196868 0.17192 0.0966203 0.000611607 0.000524584 6.01635e-05 0.000671202 0.000205629 5.41042e-05 0.000654371 1.77113e-05 2.88194e-05 7.93767e-07 1.27922e-05 1.97077e-05
0.290916 0.237923 0.204499 0.169858 0.0945667 0.000779955 0.000102191 0.000571475 0.000219962 1.35683e-05 0.000425166 1.85114e-05 3.33188e-06 7.27887e-05 9.29595e-06 1.32382e-05 7.21948e-06
0.315887 0.216277 0.195255 0.163553 0.104238 0.00211979 0.00124254 3.24163e-05 0.000238073 1.30323e-05 0.00062277 0.000346945 9.24723e-05 1.7644e-05 5.41843e-05
0.305603 0.23822 0.198072 0.166056 0.0885212 0.00121256 0.00161257 0.000458009 1.06507e-05 3.26307e-05 0.000142074 4.61318e-05
0.296308 0.22656 0.20278 0.174576 0.0968199 0.00075618 0.00177055 0.000182799 8.78566e-05 1.06183e-05 0.000144979
0.314004 0.215376 0.199215 0.170479 0.0980161 0.000673783 0.00124321 0.00031312 7.78639e-05 9.60434e-05 0.000476082 2.80646e-05
0.307814 0.216853 0.197949 0.164608 0.110109 0.00107121 0.000489103 0.000659004 0.000137047 0.000277388 3.97931e-07 9.78777e-06 2.06569e-05
0.302715 0.19841 0.230744 0.166955 0.0965708 0.000867678 0.00161437 0.000877138 0.000560535 0.000641062 2.69544e-05 1.41587e-05
0.302044 0.204152 0.225655 0.167208 0.0985698 0.000446727 0.000825394 0.000299312 0.000194916 0.000571257
0.285567 0.210807 0.235548 0.158468 0.104952 0.000233444 0.000174348 0.00167693 0.000827852 0.00160487 0.000127979
0.310083 0.207694 0.228636 0.164533 0.0870211 0.000739659 4.50166e-05 0.000593107 0.000148157 0.000502955
0.309621 0.194754 0.231048 0.161408 0.100706 0.000561754 0.00060235 0.00106635 0.000220447 1.81372e-06
0.301142 0.226849 0.19179 0.180681 0.0970279 0.000345078 0.000838685 0.0012759
0.287525 0.235492 0.169192 0.209656 0.0968392 7.37305e-05 0.000588208 0.000622925
0.2322 0.300098 0.174448 0.19508 0.0973781 5.89006e-05 0.000330551 0.000383235 2.28367e-05
0.239501 0.312001 0.155514 0.191011 0.0993147 0.00076776 0.00120794 0.00066195
0.235031 0.303039 0.155777 0.198415 0.105735 0.00059865 3.15542e-05 0.00106482 0.000265486 3.43166e-05 7.52092e-06
0.253556 0.16753 0.292662 0.185301 0.0977155 0.00206466 0.000828066 0.000294625 1.97594e-05
0.235916 0.164944 0.320518 0.186831 0.0903812 0.000683894 0.000406309 0.000181183 3.67071e-06 2.18454e-05 7.00768e-05 2.88219e-05
0.23284 0.157309 0.311552 0.197795 0.0960246 0.00363222 0.000389791 0.000385656 1.06207e-05 5.36809e-05 2.63948e-06
0.215815 0.154175 0.318271 0.202458 0.105852 0.00197288 0.000822525 8.6139e-05 7.58471e-05 0.000425873 4.00718e-05
0.156337 0.22515 0.309851 0.20238 0.104271 0.000783575 0.000182204 0.000929874 2.72643e-05 7.43146e-05 1.0187e-05
0.161515 0.237294 0.304056 0.189428 0.105665 4.36895e-05 0.000241538 0.00122365 2.13449e-05 0.000505459 1.14573e-06 4.28209e-06
0.171016 0.24483 0.297336 0.187257 0.0983943 8.88029e-05 0.000767937 0.000189753 6.61846e-05 2.67223e-05 5.73781e-06 2.14304e-05
0.184688 0.228929 0.29117 0.191528 0.102678 0.000449309 9.15595e-05 0.000243526 1.90047e-05 2.17678e-05 0.00011944 3.16285e-05 2.63339e-05
0.175009 0.224043 0.301696 0.202011 0.0963517 0.000363499 0.000301476 7.7036e-05 1.1864e-05 3.7044e-05 8.36454e-05 1.0909e-05 7.12171e-07 2.78293e-06
0.16865 0.235754 0.311158 0.182076 0.101268 0.000760559 9.20886e-06 3.48626e-05 9.15742e-05 0.000124909 6.24064e-05 6.58483e-06
0.155687 0.231249 0.304952 0.209284 0.097603 0.000500527 1.77423e-05 7.15926e-05 0.000112124 0.000254396 0.000123622 7.89818e-08 2.94171e-05 5.17581e-05 1.1063e-05 4.58301e-05 1.49873e-06 5.02898e-07 1.92189e-06 4.9405e-07 1.84325e-06 5.71639e-07
0.155287 0.242451 0.299747 0.197481 0.102989 0.000795518 2.91929e-05 0.000125006 0.000815597 9.57415e-05 0.000165256
0.16846 0.218469 0.316376 0.196322 0.0980818 0.000121237 0.000747907 6.10746e-05 0.00111118 0.000114137 0.000118794 1.60926e-05
0.170465 0.220061 0.303059 0.203742 0.100582 0.000184696 0.000830522 0.000994601 1.44189e-05 6.72769e-05
0.160013 0.241834 0.289564 0.205893 0.0995156 0.00024488 0.00111941 0.00179005 1.26511e-05 7.58965e-06 8.84951e-08 7.98331e-07 1.53873e-06
0.171747 0.306779 0.228918 0.19481 0.0946436 0.000502761 0.00164248 0.000733921 0.000204267 6.13916e-06
0.166569 0.297028 0.232893 0.202933 0.0982296 0.0010554 0.000421386 0.000869429
0.170871 0.232259 0.287837 0.204343 0.10361 0.000471518 0.000491216 4.62102e-05 7.00514e-05
0.159195 0.239759 0.310077 0.190217 0.0992987 0.000831826 0.000619894
0.164067 0.296119 0.230009 0.203837 0.104303 0.000270651 0.00139458
0.297947 0.172157 0.233299 0.194533 0.0995773 0.00033213 0.00164779 0.000137278 0.000197361 0.00016778
0.155973 0.314981 0.232167 0.199175 0.0965068 0.000691954 6.26835e-05 0.000228714 7.87081e-05 0.000133806
0.162473 0.308379 0.21811 0.197718 0.111276 0.000451648 0.00131394 0.000267841
0.171382 0.304452 0.232879 0.19908 0.0900105 0.00016146 0.00117769 0.000700228 0.000147252
0.168813 0.306283 0.191873 0.227705 0.10429 0.000185917 0.000381683 0.00037373 9.37657e-05
0.166168 0.305969 0.198695 0.237884 0.0891474 0.0011218 9.56009e-05 0.000903221 1.34466e-05 2.58774e-06 5.41763e-08 3.22443e-07
0.170609 0.302264 0.201556 0.225747 0.0993936 7.8279e-05 0.000243106 0.000108069
0.167066 0.293491 0.207854 0.234451 0.0964381 6.6988e-05 0.00025027 0.000347684
0.284597 0.170028 0.196296 0.23872 0.108627 0.000141056 0.00068699 0.00089983
0.291994 0.159221 0.208291 0.238964 0.0994292 0.000929501 0.000600347 0.000539969 7.31223e-06 7.40102e-06 1.39798e-05
