-4.99503 -10.0731 5.03253 0.0188948 10.018 4.63036 -1.54345 -10.4589 -0.378265 -4.30829 0.426161 4.00187 1.58844 0.0356524 -4.1064
-4.99503 -10.0731 5.03253 10.018 0.0188948 4.44536 -1.93092 -0.423375 -10.4589 -5.08022 1.61933 0.101759 -0.37003 0.845058 -0.68389
-4.99503 -10.0731 5.03253 10.018 0.0188948 4.44536 -0.423375 -2.39751 -10.3806 -4.68902 0.472651 2.71201 -1.82145
-10.0731 -4.99503 5.03253 10.018 0.0188948 4.44536 -1.80938 -1.48433 -9.97326 -5.31783 -0.189132 -0.142077 0.189753
-10.0731 -4.99503 5.03253 10.018 0.0188948 4.17807 -1.3166 -0.531395 -9.52446 -4.88416
-10.0731 -4.99503 5.03253 10.018 0.0188948 4.14452 -1.18358 -0.531395 -9.53993 -4.88416 -2.73798 -0.442205 -0.540575
-10.0731 -4.99503 5.03253 10.018 0.0188948 -0.603968 4.57838 -0.531395 -9.53993 -5.17319
-10.0731 -4.99503 5.03253 10.018 0.0188948 -0.758703 4.57838 -1.47497 -9.53993 -5.17319
-10.0731 -4.99503 5.03253 10.018 0.0188948 -0.927671 4.57838 -9.85948 -1.13019 -5.05934 -5.40192
-10.0731 5.03253 -4.99503 10.018 0.0188948 -0.927671 5.03439 -1.13019 -9.85948 -5.90961 -5.79783
-10.0731 -4.99503 5.03253 10.018 0.0188948 -1.3162 4.56294 -0.996465 -9.48052 -5.91787 -2.43221 0.314857
-10.0731 -4.99503 10.018 5.03253 0.0188948 -1.3063 4.56294 -0.690531 -6.54403 -10.467 -2.55818 0.555139 3.52868 5.34155
-4.99503 -10.0731 10.018 5.03253 0.0188948 -1.3063 4.65915 -0.937707 -6.36159 -9.81171 -2.32264 0.555139 1.88751 -3.42811 1.86735 -0.875507 -1.64821
-4.99503 -10.0731 5.03253 10.018 0.0188948 -0.9632 4.65915 -0.832081 -6.47813 -10.6037 -3.12999 0.555139
-4.99503 -10.0731 5.03253 10.018 0.0188948 -1.11 4.06715 -0.979597 -6.60698 -10.3423 -3.09748 1.01827
-4.99503 -10.0731 5.03253 10.018 0.0188948 4.06715 -1.18792 -0.979597 -6.27353 4.04978 -1.67418 -2.43069 -5.70879 0.97118 -7.07792
-4.99503 -10.0731 5.03253 10.018 -0.00896698 3.36518 -1.91485 -0.979597 -6.27353 -2.56609 -1.45601 8.93669 -2.61168 -1.47306 -1.63117 1.82612
-4.99503 5.03253 -10.0731 10.018 -0.00896698 3.36518 -2.14269 -0.8082 -6.27353 -2.28804 -1.45601 -1.48382 -2.88419 -0.934236
-4.99503 -10.0731 5.03253 10.018 -0.000348205 3.36518 -2.04265 -0.474056 -5.90919 -1.25135 -1.86016 -1.48382 -3.00562 0.829418 -3.41284 0.246914 -9.57652 -1.18244 -1.49003 3.09552 0.752767
-4.99503 -10.0731 5.02407 9.96704 -0.000348205 3.67514 -0.474056 -2.2886 -5.90919 -0.662969 -1.50699 -1.34162 -3.25932 -0.756177 -0.209066 0.24688 -0.863323 3.54131 1.11145
-4.99503 -10.0731 5.02407 9.96704 -0.000348205 3.67514 -0.722884 -5.90919 -1.59642 -2.44376
-4.99503 5.02407 -10.0731 9.96704 -0.000348205 3.67514 -0.385004 -5.56244 -1.51663 2.13296 -0.047318 -0.867559 -0.279433
-4.99503 5.02407 -10.0731 9.96704 -0.000348205 3.86532 -0.385004 -5.3502 -1.51663 0.427392 3.24675 -0.347107 -0.271585
-4.94438 5.02407 -10.0731 9.96704 -0.000348205 2.96647 0.644001 -6.10983 -1.77124 0.884758 2.2547 -0.811944 -6.10055
-4.94438 5.02407 -10.0731 9.96704 -0.000348205 0.371137 3.4467 -4.78583 -2.69032 0.589117 2.22801 -0.811944 -0.487715 3.99862 4.84141
-4.94438 5.02407 -10.0731 9.99003 -0.000348205 0.28428 3.19895 -4.81567 -2.69032 -1.457 0.0788802 4.52676 -2.19304
-4.94438 5.02407 -10.0731 9.99003 -0.000348205 0.28428 3.77656 -5.4016 -2.32152 -1.62288 0.00259257 4.14757
-4.94438 5.02407 -10.0731 9.99003 -0.000348205 0.59782 3.12896 -5.12166 -1.80169 -0.258652 1.23115 -1.21684
-4.94438 5.04227 -10.0731 9.99003 -0.000348205 3.06121 0.0981311 -2.40945 -4.04194 0.519878 -3.38439 -0.792989 1.60784 -2.15103
-4.94438 5.04227 -10.0731 9.99003 0.0494387 3.22452 -0.462383 -2.69417 -3.34791 -0.0288805 1.14023 -3.45649 1.1939 -2.46928 4.10331 -2.75477
-4.94438 5.04227 -10.0731 9.99003 0.0494387 3.1042 -1.94348 -0.415674 -0.71883 -3.34791 0.720972 -0.660312 -2.6322 2.23407
-4.94438 5.0238 -10.0702 9.99003 0.0494387 3.1042 -1.94348 -0.640333 0.421317 -3.58498 -0.723446 -1.10825 -0.941268 2.48654
-4.94438 5.0238 -10.0702 9.99003 0.0494387 -1.94348 3.1042 -3.22935 0.421317 -0.491642 -1.50879 -1.10825 -1.25702 3.26955 -1.06178 1.11786 2.68013 1.12159
-4.94438 5.0238 -10.0702 9.99003 0.118664 -1.51779 3.1042 -3.22935 -0.530878 -0.097391 -1.00107 -0.81349 -0.302342 2.24179 -1.22521 -1.80488 -3.87902
-4.94438 5.0238 -10.0702 9.99003 0.118664 3.05829 -1.54759 -0.530878 -3.22935 -1.20574 -1.75324 -0.81349 -0.320329 2.29134 -1.7018 -0.168769 -0.0801185 -0.812108 0.121753 -4.04779
-4.94438 -10.0702 5.0238 9.99003 0.118664 2.74864 -1.42344 -0.925191 -3.26606 -1.17675 -1.86629 0.241759 -0.961026 0.144609 0.672386 -3.03067 -2.50386
-4.94438 -10.0702 5.0238 9.99003 0.118664 -0.186263 3.0053 -0.433437 -3.94968 -1.49562 -2.15984 0.167878 -1.20765 0.460339 3.08017 -1.54038 -0.843334 -4.53971 3.94222
-4.94438 -10.0702 5.0238 9.99003 0.118664 0.76361 3.0053 -0.121678 -1.49562 -4.19707 -1.96386 0.870087 -0.0698259 0.201086 3.08017 -2.44472 -0.268077 -4.53416 -0.0862508 1.6685 0.369158 3.28737 2.7634 0.31475 -2.35986 2.44959 3.40778 -3.62485
-4.94438 -10.0702 5.0238 9.99003 0.118664 3.46579 0.875249 0.273562 -0.416887 -4.19707 0.377179 -2.12574 -0.223597 0.807741 -3.67058 -3.29093 2.63375 4.35569 0.559931 1.21595 2.68727 0.145125 1.0981
-4.94438 -10.0702 5.0238 9.99003 0.118664 3.64243 1.21626 -0.693865 0.130811 -4.19707 -0.085523 -1.47131 -0.223597 2.67181 1.88473 1.52008
-4.94438 -10.0702 5.0238 9.99003 0.118664 3.64243 1.46894 -0.95378 -4.24066 0.300427 0.233257 -1.20231 0.0411326 -0.264811 2.09437 -0.44524 4.29505 0.371743 -5.68117
-4.94438 -10.0702 5.0238 0.0700064 9.99003 3.12352 1.12983 -1.77725 -4.87895 -0.571771 -0.361156 0.357365 0.204013 1.96405 1.84626 -0.0557105 -2.33372 -1.55743 -1.24694 0.226693 -1.4988 1.45206 0.534458 1.51048 -2.48351 -0.863314 -0.854355
-5.03523 -10.0702 5.0238 0.0700064 9.99003 3.67922 0.489619 -1.77725 -4.87895 0.323402 -0.571771 0.120753 0.204013 2.97237 -0.491269 -1.20992 -1.14398 1.99672 -4.50209 2.5621 -0.617058 -0.0544783 -3.70311
-5.03523 -10.0702 5.0238 0.0700064 9.99003 3.60155 0.296554 -5.88645 -1.05315 0.323402 -0.571771 -0.474791 -0.974585 2.97237 -0.503862 1.51696 1.39402 1.47941 2.13368 1.7846 -2.39125 0.638482
-10.0702 -5.03523 5.0238 0.0700064 9.99003 0.296554 3.84089 -5.9619 0.467549 -0.237047 -0.571771 -1.27322 -1.28963 1.93573 1.32744 -0.652973 -0.470061 -0.14284 4.9425 1.03942 4.18592 -0.59536 -0.804038 -0.392696 1.68435
-10.096 -5.03523 5.0238 9.99003 0.0700064 0.895519 0.467549 3.84089 -6.24551 0.205672 -0.571771 -0.20623 -1.28963 0.802789 1.32744 -0.977189 0.287093 -0.188536 4.88437 0.703868 4.37541 -5.20508
-10.096 -5.03523 5.0238 9.99003 0.0700064 0.895519 0.467549 3.31267 -6.59454 0.205672 -0.112958 -0.55276 1.94234 -2.13875 0.875546 -0.947302 0.489594 -1.12451 4.81019 0.721726 4.01016
-10.096 -5.03523 5.0238 9.99003 0.0700064 0.895519 1.40224 3.27409 -6.59454 -0.11443 0.6216 -0.404692 2.09854 -2.53487 -0.347892 0.291668 -0.570728 -0.576233 4.17532 0.205631 4.18078
-10.096 -5.03523 5.0238 9.9516 0.0700064 0.48048 2.33331 1.7834 -6.40827 0.319738 0.335642 -0.363642 2.13641 -3.64379 -1.1442 -0.720802 -1.16913 0.0028751 3.4771 0.945236 4.33404 -1.05476 2.29021
-10.024 -5.03523 5.0238 9.9516 0.0700064 0.48048 2.46092 1.47611 -5.45448 1.09393 -1.03707 0.273506 3.01215 -2.2588 -0.553257 -0.0941689 -0.076272 0.0028751 3.4771 0.80591 4.33404 3.32852 -4.64277 -2.20259 7.26126
-10.024 -5.03523 5.0238 9.9516 0.0700064 -5.30458 3.8543 0.48048 1.44744 1.22814 -1.30189 0.259075 -5.12281 2.56044 -0.982068 4.04397 -0.885873 1.31061 -4.13322 3.52886 3.89084
-10.024 -5.03523 5.0238 9.9516 0.0700064 -5.30458 3.8543 0.952766 1.43979 1.44744 -0.37801 0.259075 -4.28654
-10.024 -5.03523 5.0238 9.9516 0.0700064 -5.30458 3.8543 0.432156 1.70771 0.319023 2.07884 0.259075 -4.28654 1.51489 0.532594
-10.024 4.99743 -5.03523 9.9516 0.0700064 -5.30458 3.8543 1.91952 -0.248633 0.984911 0.701728 -0.0289583 0.862356 0.91968 -2.01147 -2.33917 0.312345
-10.0369 4.99743 -5.03523 9.9516 0.0322792 -5.30458 2.93296 0.995079 -0.42855 2.0245 -0.231009 5.703 0.0202259 4.71437 1.79886 -5.64282 1.98624
-10.0369 4.99743 -5.03523 9.9516 0.0322792 -5.95623 1.77282 0.995079 -1.43567 2.97641 -0.791905 1.34686 0.24585 -4.21569 2.8427
-10.0369 4.99743 -5.03523 9.9516 0.0322792 3.51565 -5.95623 0.64553 -1.31175 3.37195 -1.20208 -3.65563
-10.0369 5.05255 -5.03523 9.9516 0.0322792 3.51565 -6.36574 0.64553 -1.60889 4.8393 -1.20208
-10.0369 5.05255 -5.03523 9.9516 0.0322792 3.17789 -6.20646 0.947559 4.92039 -0.10386 -0.661928 1.78518
-10.0369 5.05255 -5.03523 9.91214 0.0322792 3.37761 -6.20646 0.947559 4.55877 -1.48883 0.149394 10.3693 -0.497264
-10.0369 -5.03205 5.05255 9.91214 0.0322792 3.37761 -6.20646 0.915288 5.72263 -1.48883 -1.12927 4.46663
-10.0369 -5.03205 5.05255 9.91214 0.00442117 3.37761 0.740101 -5.38237 5.13748 -0.779038
-10.0369 -5.03205 5.05255 9.91214 0.00442117 3.37761 1.52138 -5.38237 5.13748 -0.779038 -0.332754
-10.0369 -5.03205 5.05255 9.91214 0.00442117 1.90557 1.61298 -5.38237 5.22114 -1.68462
-10.0369 -5.03205 5.05255 9.91677 0.00442117 1.63517 2.64505 -0.601202 -5.38237 -4.03433
-10.0369 5.05255 -5.03205 9.91987 0.00442117 3.42069 2.39857 -0.601202
-10.0369 5.05255 9.92844 -5.03205 0.00442117 3.31789 2.3499 -1.79678
5.05255 -10.0369 9.92844 -5.03205 0.00442117 3.31789 2.3499 -1.79678 0.642782
5.05255 -10.0369 9.92844 -5.03205 0.00442117 2.65944 2.23424 -1.40122
5.05255 -10.0369 9.92844 -5.03205 0.00442117 2.17496 2.39202 -1.08777 -0.393767 2.1099 -1.9087
5.05255 9.92844 -10.0369 -5.03205 0.00442117 2.50277 2.36235 -0.385869 -0.0596532
5.05255 10.0287 -10.0369 -4.93533 0.00442117 1.85184 -0.385869 2.09433 4.30503 -1.66318 1.04653 10.93
5.05255 10.0287 -10.0369 -4.93533 0.00442117 1.60079 -0.385869 2.09433 3.20785 1.04653 1.68968
5.05255 10.0287 -10.0369 -4.93533 0.00442117 1.74346 -0.385869 3.04901 0.720632 1.04653 -1.81564
10.0287 5.05255 -10.0369 -4.93533 0.00442117 2.1836 2.56929 -0.706985 0.644003 1.04653 -5.06338
10.0287 5.05255 -10.0369 -4.93533 0.00442117 2.72922 2.77598 -0.706985 0.644003 1.24218 -0.955871 -5.04924
10.0287 5.05255 -10.0369 -4.93533 0.00442117 2.02792 2.0232 -0.706985 0.427654 -5.08241 0.33471 -1.646
10.0287 5.05255 -10.0369 -5.03926 0.00442117 2.90414 2.7327 -1.76243 0.41202 -4.56726 0.505228 -4.34225 5.33617
10.0287 5.05255 -10.0369 -5.03926 0.00442117 2.90414 2.78353 -0.877539 -4.3386 0.811143 1.03188 -1.8363 3.64107 -1.03179
10.0287 5.05255 -10.0369 -5.03926 0.00442117 2.99739 -2.1407 2.78353 -4.3386 1.03188 1.87696 -0.564152
10.0287 5.05255 -10.0369 -5.03926 0.00442117 2.63759 2.07655 -3.64647 -2.1407 -0.163061 -1.23533 -4.04991 -0.610002 -0.0903012 -1.14408 -3.56862 1.43853 -2.56963 -0.580779 4.85124 1.03567 0.918924
10.0287 5.05255 -10.0369 -5.03926 0.00442117 3.25457 2.18009 -3.56627 -0.163061 2.29245 1.8011
10.0287 5.05255 -10.0369 -5.03926 0.00442117 2.90806 4.18631 -4.02941 0.711349 -2.7037 -1.33705 0.0410495
10.0287 5.05255 -10.0369 -5.03926 0.00442117 4.36019 4.18631 -0.126928 1.42058 -0.975661
10.0287 5.05255 -10.0369 -5.03926 0.00442117 3.84612 4.18631 -0.126928 0.0347402 -2.33378 -1.28282 1.71392 -1.88017
10.0287 -10.0369 5.05255 -5.03926 0.00442117 3.2907 3.59334 -0.126928 -4.40461 0.929244
10.0287 -10.0369 5.05255 -5.03926 0.00442117 3.59334 3.72298 -0.251206
10.0287 5.05255 -10.0369 -5.03926 -0.0274776 3.65096 -0.251206 -4.2591 1.05929
10.0287 5.05255 -10.0369 -5.03926 -0.0274776 3.19619 -0.251206
10.0287 -10.0369 5.05255 -5.03926 -0.0274776 3.19619 -0.672388
-10.0369 10.0287 5.05255 -5.03926 -0.0274776 3.88346 0.00799539 4.90728 2.66183 9.68223
10.0359 -10.0369 5.05255 -4.91591 -0.0274776 0.00799539 3.9059 3.96696 2.39322 -0.584457
10.0359 -10.0369 5.05255 -4.91591 -0.0274776 4.38825 0.00799539 3.70123
10.0359 -10.0369 5.05255 -4.91591 -0.0274776 4.68903 3.92544 -0.498676 0.819772
10.0359 -10.0369 -4.91591 4.98971 -0.0274776 2.09988 3.38635 0.0284751 4.87769
10.0371 -10.0369 -4.91591 4.98971 -0.0274776 2.50976 3.80613 -0.655327 -5.10561 -3.23582 -0.823535 -1.72505
10.0371 -10.0369 -4.91591 4.98971 0.0732314 2.65947 3.19461 0.0612769
10.0371 -10.0369 -4.91591 4.98971 0.0732314 2.65947 2.71449 0.202029
-10.0369 10.0371 -4.91591 4.98971 0.0732314 0.87614 3.50881 0.826551
-10.0369 9.9445 -4.91591 4.98971 0.0732314 -0.373471 3.57392 0.118052 -2.08859 -1.76674 0.505807
