0.0977218 -0.530169
0.0977218 -0.530169
0.0977218 -0.530169
0.0977218 -0.530169
0.0977218 -0.530169
0.0977218 -0.530169
0.0977218 -0.530169
0.0977218 -0.530169
0.0589507 -0.530169
0.0589507 -0.530169
0.0589507 -0.530169
0.0589507 -0.530169
0.0589507 -0.530169
0.0589507 -0.530169
0.0589507 -0.530169
0.0589507 -0.530169
0.0589507 -0.527288
0.0589507 -0.527288
0.0589507 -0.527288
0.0589507 -0.527288
0.0589507 -0.527288
0.0589507 -0.527288
0.0589507 -0.527288
0.0589507 -0.527288
0.0589507 -0.527288
0.0589507 -0.527288
0.0589507 -0.527288
0.0589507 -0.527288
0.0589507 -0.527288
0.0589507 -0.527288
0.0589507 -0.531182
0.0589507 -0.531182
0.0589507 -0.531182
0.0589507 -0.531182
0.0589507 -0.531182
0.0589507 -0.531182
0.0589507 -0.531182
0.0589507 -0.531182
0.0589507 -0.531182
0.0589507 -0.531182
0.0834522 -0.531182
0.0834522 -0.531182
0.0834522 -0.531182
0.0834522 -0.531182
0.0834522 -0.531182
0.0834522 -0.531182
0.0834522 -0.531182
0.0834522 -0.531182
0.0834522 -0.531182
0.0834522 -0.531182
0.0834522 -0.531182
0.0834522 -0.531182
0.0834522 -0.531182
0.0834522 -0.531182
0.0834522 -0.531182
0.0834522 -0.531182
0.0834522 -0.531182
0.0834522 -0.531182
0.0834522 -0.531182
0.0834522 -0.531182
0.0834522 -0.531182
0.0834522 -0.531182
0.0834522 -0.531182
0.0834522 -0.531182
0.0834522 -0.531182
0.0834522 -0.531182
0.0834522 -0.531182
0.0834522 -0.531182
0.0834522 -0.531182
0.0834522 -0.531182
0.0834522 -0.531182
0.0834522 -0.531182
0.0834522 -0.531182
0.0834522 -0.531182
0.0834522 -0.531182
0.0834522 -0.531182
0.0834522 -0.531182
0.0834522 -0.531182
0.0834522 -0.531182
0.0834522 -0.531182
0.0834522 -0.531182
0.064872 -0.531182
0.064872 -0.531182
0.064872 -0.531182
0.064872 -0.531182
0.064872 -0.531182
0.064872 -0.531182
0.064872 -0.531182
0.064872 -0.531182
0.064872 -0.531182
0.064872 -0.531182
0.064872 -0.531182
0.064872 -0.531182
0.064872 -0.531182
0.064872 -0.531182
0.064872 -0.531182
0.064872 -0.531182
0.064872 -0.531182
0.064872 -0.531182
0.064872 -0.531182
