25.7357
27.8006
30.2798
30.963 4.4902
30.963
30.963
30.963
30.963
30.963
30.963 -1.00628
30.963
35.8375
36.008
36.008
39.2677
42.6171
42.6171
43.5162
44.958
47.956
48.574 -1.43357
50.4713
50.4713
50.4713
50.4713
50.4713 0.771008
50.4713
50.5655
50.5655
51.2067
51.2067
51.2067
52.7298
54.4708
54.4708
56.6768
56.6768
59.107
67.854
69.3006
72.4624
72.4624
72.4624
72.4624
75.3168
75.3168
77.3042
81.6323
84.3607
84.3607 -5.22075
85.8613
85.8613
85.8613
88.6611
89.1366
89.1366
91.7183
91.7183 5.77979 -1.07924 -0.608845
91.7183
91.7183
93.1215
93.1215
97.0641
99.0709 -0.967967
1.42026 96.255
3.63402
4.54487
4.54487
4.54487
6.99249
7.17744
7.63518
7.63518 -2.40153 5.00006
8.39786
8.39786
8.39786
18.4377
18.4377
18.4377
20.274
21.054
21.054
21.054
23.4368
27.0268
27.0268 -0.183551
31.6461
33.0965
33.0965
34.8167
38.0948
38.0948
42.6977 3.03243
43.618
43.618
45.2655
45.2655
45.3877
45.3877
47.0204
47.0204
49.5457
49.5457
58.4968
58.4968 -0.938689 3.37728
60.9394
60.9394
60.9394
66.2487
66.2487
69.5045
73.7672
73.7672
75.1975
75.1975 0.910241
79.404
85.6157
90.0649
91.9603
91.9603
94.0901 -1.34942
94.0901
94.0901
94.0901
99.9961
100.218
100.548
100.548
100.548
101.066
104.241
104.753
104.753
104.753
104.753
112.118
112.118
112.985
119.868
120.331
120.331 6.43394
120.331
125.489
125.489
125.489
126.714
126.821
127.937
128.166
128.166 2.54965
128.166
131.497
131.497
131.497
133.408
133.408
133.408
133.408
133.408
133.408
133.408
135.346 1.14417
136.127
136.127
136.127
136.127
136.127
135.958
134.848
134.848
134.848
134.848
134.848
134.848
134.848
134.848
134.848
134.848
134.848
134.911
134.911
134.911
134.911
134.911
134.911
134.911
134.911 2.77184
134.911
134.911
134.911
134.779
134.779
134.779
134.779
135.142
135.142
135.142
135.142
135.142
135.74
136.425
136.425
136.425
136.556
136.556
136.556 -1.83993
136.556
136.556
133.917
133.917 -2.26923
133.917 3.11629
133.917
133.917
133.917
134.389
134.147
135.109
135.62
135.62 1.53757
135.62
135.62
135.62
135.805
134.855
134.855
134.803
134.803
134.803
134.803
135.714
135.714
135.714
135.714
135.118
135.118
135.118 4.26201
135.118 3.07941
135.118
135.118
134.716
135.884
135.884
135.884
135.884
135.884
135.884
135.884
135.382
135.645
135.645
135.645
135.645
134.73
134.73
134.73
134.73
136.769
136.223
136.223
136.223
136.223
136.223 -0.928281
136.223 1.42601
136.223
136.223
136.615
136.353
136.353 1.28725 1.85191
136.353
136.353
134.861
135.936
135.936
135.936
135.936
136.107
136.107
136.107
136.107
136.107
136.107
136.107
136.107
136.258
135.061
134.773
134.773 -1.48784
134.773
135.922 1.43585
135.922
135.922
136.013
136.188
135.504
135.504
134.665
134.665
136.44
136.44
136.44
134.404
135.211
135.211 -1.43914
135.211
135.211
135.211
135.211
135.211
135.211
135.211
135.211
135.211
135.211
134.946
134.946
134.946
134.946
134.946
135.111
135.111
134.163 -3.7498
134.196
134.196
134.196
134.196
136.014
135.482
134.463
134.463
134.463 3.19067 -3.54585
134.463
134.463 -0.0961923
134.463
136.582
134.724
134.724
134.724
134.562
136.97
135.478
135.478
135.633
135.552
133.753
133.753
133.838
133.838
136.345 1.44478
136.345 0.767758 3.50182 3.21298 -5.30724 -0.212124
136.345 2.16571
136.345
136.345
136.345
136.345
136.345
136.345
135.338
135.338
135.338
135.907 -0.381902
135.907
135.907
135.907
135.907
135.907
135.451
134.786
134.786
134.786
134.786
134.786
136.044
136.044
136.044
135.587
134.315
134.597
135.712
135.712
135.712
135.712
135.712
135.242 4.15076 -0.372808 4.21074
135.766 4.15076 5.04635 0.0838453 -2.37742 1.78078
135.766 0.612513 0.378116 -0.46672
134.182 0.378116 0.612513 -0.46672 -0.715078 2.04036
133.535 -2.9424
-2.9424 128.051
-2.49034 9.3069 -2.5031
1.29606
4.01448
4.01448
7.12052
7.12052
8.16092
8.64721
8.64721
8.64721
9.06167
9.06167
9.06167 -1.68772
9.06167
11.0775
11.0775
14.0047
14.3233
15.4311
15.4311 -3.76394
15.5526
15.5526
15.5526
15.5526
15.5526
15.5526
17.7373
17.7373
17.7373
19.563 -0.145429
19.563
20.3397
22.2491
23.9625
24.7976
30.4285
32.047
32.047
32.047
32.047
32.047
32.047
32.047
32.0681
34.3281
34.3281
34.3281
34.3281
34.7045
35.8188
35.8188 -1.95954 3.52064
36.4884 0.432145 -1.82837 4.69603
36.4884
43.3568
45.2896
45.2896
45.2896
45.2896
45.2896 -1.54933
48.3433
49.9701
52.4263
52.4263
54.5997
55.1948
61.9372
65.6432
72.7216 2.80147 2.51055
73.8583
74.9509
74.9509
78.3654
78.3654 -2.04427 -4.49793
-1.97317 71.7204 -1.91492
0.284812
1.46207
1.60828 4.09491
1.60828
1.60828
1.60828 1.79166
1.60828
1.60828
1.70836
1.70836
3.23216
4.20916
8.1085
9.36191
10.0593 0.558051
13.7667
15.4565
17.0665
20.7726
22.1514
22.1514
23.8462
23.8462
26.5767 1.75338
26.929
26.929
26.929
29.9012
29.9012
31.898
31.898
31.898
31.898
31.898
31.898
36.6555 -1.45904 -5.36618
-1.45904 -5.36618 36.6555
0.873285 -0.39763
1.22717
1.22717
1.22717
1.22717
3.99214
3.99214 -0.679233
-0.309847 -1.54118
1.37583
3.7715
4.27717
5.27128
8.13438
9.83348
9.83348
9.83348
10.8578
12.2722 -1.59189
-1.59834 5.52984 -3.61113
0.138647
1.11072
1.76631
1.76631
1.76631
1.76631
1.76631
5.80756
5.80756
6.37043
7.59247 0.295648
12.6019
12.6019
19.7919
19.7919
20.0784
20.0784
23.3858
23.3858
24.7272 -1.66496 1.62086
24.7272 -1.4922
25.4583
26.5924
26.5924
26.5924
27.3093
28.35
35.1345
35.2916
35.2916
35.2916
41.9884
43.5053
43.5053
43.6264
45.5132
45.5132
45.5132
45.5132
45.5132
45.5132
46.8917
46.8917
46.8917
47.9916
47.9916
49.1925
49.1925
54.6581
56.2599
59.5741 -1.31161
65.2588 1.71442
65.2588
65.2588
65.2588
65.2588
69.1445
69.1445 -1.02189
73.7802
80.8899
80.8899
80.8899
81.8094
85.8743
85.8743 -6.40671
85.8743
85.8743 1.764
89.3379
93.4494 -11.7935
93.4494
97.8972 -1.42246 0.392712 -0.920236
97.8972
98.4746
101.532
102.298
102.452
102.452
102.889
102.889
103.116
103.116
103.116
103.116
103.116
107.174
109.167
109.167
109.167
114.44
114.44
114.44
114.44
114.44
114.44
115.013
115.013
115.013
115.013
115.91
116.631 0.250053
116.631
116.631
117.273
118.693
118.693
118.693
121.748
121.748
122.904
122.904
122.904
123.528
123.528 3.80937 -1.95763 0.238142
123.528 2.08286
123.528 2.94907
125.022
125.022
128.044
128.044
129.434
129.841
131.535
131.449 -5.14542
131.588 -0.445008
135.37
135.37 0.196184
135.37
135.37
135.37
135.37
135.37 -3.52624
135.37
135.37
135.37
135.37
135.37
135.37
135.37
135.37
135.37
135.37
135.37
135.37
135.37
135.47
135.47
135.47
135.47
135.47
135.47
136.742
136.381 -2.03354
0.317647 136.086 5.28876 3.62996
3.70524 1.62169
6.69762
11.6607
14.0454
14.0454
18.8508
18.8508
18.8508
18.8508
19.8003
19.8003
19.8003
23.965
25.2314
27.0618
27.0618
27.0618
27.0618
27.0618
27.0618
27.0618 -3.46908
27.5548
27.5548
27.5548
27.5548
27.9657
32.7082
37.3415
37.7865
39.3527
39.3527
39.3527
39.3527
40.0229
40.0229
40.6503
40.6503
48.4098 -1.31484
51.3658
55.2836
58.4112
63.6631
66.7725 -3.25389 -3.50953 3.38822
72.5947
72.5947
72.5947
72.5947
77.8155
77.8155
77.8155
79.5209
79.5209 -0.459635
79.5209 -1.54407
79.5209
79.7551
80.137
80.6938
82.4456
82.4456
83.2388
86.9817
93.649
93.649 0.0535278
93.649
96.6215
96.6215
98.2526
98.2526
98.2526
98.2526
98.2526
98.2526
98.2526 -4.61546
101.498 10.9732
101.498
102.502
105.838
107.372
108.882
108.882
113.933
113.933
118.104
118.104
118.799
122.192
124.443
124.443
126.816
130.289
130.289
133.985
133.985
133.985 -1.57821
133.985
136.473 -0.14569
136.473
136.473
136.473
135.289
134.623 2.46251
134.623
134.623
134.623 1.89228
134.623
134.623
134.623
134.623
134.623
134.623
134.623
134.623
135.79
135.79 -3.50522
134.834
134.834
134.834
134.834
134.834
134.834
134.834
135.766
135.766 -0.0138026
135.766
135.766
135.766
135.104
135.104
135.104
135.14
135.14 1.81669 0.0884643
135.14
135.14
135.14
135.045 -3.84601
135.045
135.045
135.828
135.828 -1.2824
135.828
135.828
135.828 0.256733
135.934
136.137
136.137
136.137
136.137
136.137
136.137
134.793
134.793 2.38179
134.793
134.659
134.659
134.659 -0.353603
134.659
134.659
134.659
134.623
134.623
134.75
134.75
134.75
134.75
134.75
134.75
134.954
134.954
135.576
135.576
135.576
135.576
135.576
135.246
135.246
135.246
135.246
135.246
135.246
135.246
135.246
135.246
136.408
136.408
136.408
136.408
134.163
134.163 1.17752 0.441936
134.163
134.163
134.888
134.888
134.888
134.888
134.888
134.888
134.888
134.888
134.888
134.894
134.894
134.894
134.894
136.024
136.024
136.024
134.631
135.216
135.216
135.216
135.216
135.411
135.411
135.411
135.411
135.411
135.411
135.411
133.96
133.96
135.368
135.001
135.673
134.633
134.633
135.697
135.697
135.669 0.993369
134.759 -1.61474
134.759
135.394
135.053
135.053
135.053
135.053
135.053
135.146
135.146
135.146
134.358 -0.253355
134.358
135.129
135.129
135.129
135.129
135.129
136.14
136.14
136.14
136.14
136.14
136.14
136.14
136.14
136.14
136.14
136.14
136.14
136.104
136.104
136.104
136.345
136.345
136.345
136.345
135.105
135.105
135.105
135.105
135.026
134.817
134.817
134.817
134.817
134.817 0.343329
134.817
135.069
135.615
135.615
135.615
135.63
135.63
135.63
135.63
135.63
135.63
135.63
135.63
135.63
136.417
134.606
134.606
135.229
135.509
135.509
135.509
135.509
135.509
135.509
135.509
135.509
134.89
135.324
135.324
134.885
134.885
136.121
136.121
136.121
136.121
136.121
135.334
135.334
135.334
135.334
135.334
135.491
135.491
135.491 -4.78295
135.729
135.729
135.729
135.729
135.729
135.729
135.729 3.92135 -2.26688
135.729
135.729
135.729
