0.147112
0.147112
0.147112
0.193226
0.126102
0.126102
0.224926
0.224926
0.1836
0.1836
0.1836
0.160954
0.319186
0.0938479
0.0938479
0.0938479
0.0938479
0.0938479
0.487339
0.313156
0.313156
0.313156
0.313156
0.313156
0.0717961
0.183506
0.183506
0.183506
0.134893
0.134893
0.134893
0.134893
0.18243
0.18243
0.0985341
0.0606876
0.0606876
0.156747
0.156747
0.156747
0.156747
0.156747
0.116298
0.116298
0.175592
0.183137
0.183137
0.0669075
0.304206
0.304206
0.304206
0.304206
0.304206
0.304206
0.748249
0.653597
0.551838
0.551838
0.283906
0.283906
0.527498
0.527498
0.489928
0.489928
0.372938
0.0734343
0.0732905
0.0732905
0.0386898
0.374118
0.240772
0.240772
0.240772
0.240772
0.172984
0.172984
0.146103
0.10702
0.10702
0.10702
0.10702
0.115295
0.115295
0.115295
0.115295
0.115295
0.115295
0.0348361
0.0348361
0.0348361
0.0348361
0.149308
0.263977
0.263977
0.147197
0.278507
0.278507
0.278507
0.278507
0.278507
0.278507
0.346036
0.29772
0.17477
0.330849
0.0515588
0.0515588
0.0888132
0.0888132
0.122243
0.122243
0.122243
0.122243
0.124997
0.124997
0.124997
0.113015
0.113015
0.113015
0.113015
0.107041
0.150656
0.321252
0.321252
0.321252
0.268514
0.268514
0.0165261
0.0165261
0.19039
0.0575066
0.0652383
0.0652383
0.0870537
0.101697
0.101697
0.101697
0.24362
0.24362
0.24362
0.24362
0.0347983
0.0347983
0.09695
0.238663
0.238663
0.262762
0.262762
0.362704
0.19291
0.19291
0.19291
0.19291
0.19291
0.0403965
0.0403965
0.0403965
0.0403965
0.0403965
0.0403965
0.181059
0.181059
0.181059
0.0772036
0.0772036
0.123699
0.123699
0.120286
0.120286
0.120286
0.120286
0.120286
0.120286
0.120286
0.120286
0.120286
0.120286
0.455488
0.385366
0.369547
0.161722
0.161722
0.161722
0.11971
0.11971
0.11971
0.11971
0.239485
0.239485
0.096505
0.096505
0.096505
0.163885
0.163885
0.163885
0.173976
0.299852
0.299852
0.5674
0.5674
0.385251
0.385251
0.245397
0.283468
0.0629858
0.0629858
0.101246
0.101246
0.0701886
0.0701886
0.17057
0.123004
0.133978
0.232462
0.242902
0.242902
0.0735365
0.0735365
0.0379406
0.0379406
0.0379406
0.0379406
0.0379406
0.116314
0.19015
0.19015
0.19015
0.19015
0.19015
0.221911
0.172506
0.216074
0.216074
0.0224517
0.0224517
0.213716
0.134136
0.134136
0.382984
0.0676284
0.0676284
0.0676284
0.0539317
0.0539317
0.0539317
0.0539317
0.0539317
0.166406
0.166406
0.166406
0.067319
0.067319
0.275546
0.231446
0.0724733
0.0724733
0.0724733
0.0724733
0.0724733
0.0724733
0.0724733
0.170322
0.327247
0.324883
0.239568
0.239568
0.239568
0.239568
0.239568
0.153892
0.153892
0.153892
0.153892
0.128898
0.128898
0.0920515
0.0920515
0.0920515
0.0920515
0.0920515
0.0920515
0.0920515
0.115533
0.148216
0.0532662
0.18182
0.18182
0.201412
0.208141
0.208141
0.158667
0.158667
0.0788185
0.0788185
0.0788185
0.0755989
0.0755989
0.0440778
0.121817
0.121817
0.121817
0.17282
0.17282
0.17282
0.17282
0.17282
0.149626
0.0698426
0.0698426
0.0698426
0.103248
0.103248
0.128501
0.128501
0.128501
0.128501
0.0763719
0.0763719
0.204939
0.12558
0.264344
0.137169
0.137169
0.137169
0.137169
0.137169
0.116182
0.116182
0.116182
0.244276
0.169863
0.20899
0.200709
0.28572
0.28572
0.14839
0.194718
0.162801
0.162801
0.162801
0.162801
0.162801
0.162801
0.162801
0.162801
0.162801
0.299807
0.551095
0.313863
0.327943
0.2393
0.223994
0.223994
0.223994
0.223994
0.229239
0.229239
0.150941
0.150941
0.150941
0.129854
0.129854
0.129854
0.129854
0.129854
0.129854
0.129854
0.0249686
0.0249686
0.0249686
0.0249686
0.0249686
0.0249686
0.0249686
0.0249686
0.0464043
0.0464043
0.0464043
0.105337
0.0902775
0.0902775
0.0902775
0.393239
0.667328
0.347338
0.544752
0.245049
0.120077
0.499387
0.344432
0.213716
0.213716
0.361946
0.361946
0.242497
0.242497
0.205894
0.205894
0.280394
0.193019
0.24277
0.24277
0.297557
0.288629
0.141087
0.141087
0.248502
0.248502
0.223774
0.223774
0.223774
0.114331
0.114331
0.117552
0.117552
0.229663
0.100434
0.100434
0.101799
0.101799
0.378394
0.378394
0.378394
0.335967
0.182921
0.182921
0.209559
0.209559
0.209559
0.33873
0.33873
0.33873
0.33873
0.33873
0.340755
0.407171
0.407171
0.407171
0.394308
0.36923
0.615936
0.62786
0.330372
0.330372
0.330372
0.0629244
0.0629244
0.0298093
0.0298093
0.0298093
0.0298093
0.365882
0.130647
0.130284
0.345796
0.345796
0.345796
0.444494
0.444494
0.444494
0.444494
0.444494
0.444494
0.0936194
0.217303
0.217303
0.217303
0.217303
0.217303
0.217303
0.0553206
0.0553206
0.0553206
0.113337
0.113337
0.132782
0.132782
0.132782
0.132782
0.132782
0.132782
0.132782
0.132782
0.132782
0.132782
0.212356
0.0458859
0.0458859
0.0458859
0.138076
0.138076
0.138076
0.239402
0.179744
0.179744
0.179744
0.399369
0.416768
0.397745
0.451589
0.495599
0.444477
0.444477
0.444477
0.444477
0.115444
0.115444
0.115444
0.115444
0.317331
0.188513
0.268429
0.592167
0.592167
0.592167
0.592167
0.592167
0.592167
0.592167
0.592167
0.726801
0.182169
0.0583204
0.0583204
0.0583204
0.0583204
0.0583204
0.0583204
0.0583204
0.0583204
0.194811
0.180214
0.180214
0.287204
0.106129
0.106129
0.366515
0.404706
0.238435
0.238435
0.157865
0.062855
0.062855
0.062855
0.102651
0.102651
0.102651
0.102651
0.0466237
0.0466237
0.0466237
0.0466237
0.0466237
0.112115
0.112115
0.112115
0.0733686
0.0733686
0.0733686
0.0494098
0.0494098
0.0494098
0.0241936
0.0241936
0.442832
0.442832
0.442832
0.442832
0.319458
0.319458
0.084466
0.128906
0.217385
0.217385
0.0779196
0.0779196
0.240691
0.240691
0.351403
0.351403
0.351403
0.351403
0.499429
0.499429
0.255587
0.255587
0.286665
0.300229
0.196555
0.168448
0.0173506
0.0173506
0.0173506
0.0173506
0.0173506
0.0173506
0.104621
0.104621
0.104621
0.298185
0.215544
0.195956
0.195956
0.050075
0.0622868
0.0622868
0.0622868
0.0622868
0.0622868
0.0622868
0.0622868
0.0622868
0.126448
0.126448
0.0955642
0.0955642
0.0955642
0.385863
0.385863
0.385863
0.380914
0.277939
0.277939
0.277939
0.277939
0.277939
0.301764
0.301764
0.301764
0.376921
0.376921
0.376921
0.376921
0.222928
0.222928
0.208144
0.208144
0.131766
0.131766
0.131766
0.131766
0.0567494
0.113489
0.113489
0.234215
0.234215
0.337395
0.543242
0.543242
0.551762
0.551762
0.551762
0.551762
0.551762
0.574607
0.329911
0.0659645
0.0659645
0.0889193
0.0889193
0.124681
0.124681
0.10716
0.10716
0.10716
0.389616
0.716675
0.716675
0.901739
0.901739
0.901739
0.131283
0.131283
0.131283
0.131283
0.131283
0.131283
0.131283
0.131283
0.131283
0.178069
0.178069
0.0478663
0.100813
0.100813
0.100813
0.100813
0.100813
0.100813
0.0993612
0.0993612
0.177716
0.177716
0.177716
0.181305
0.181305
0.181305
0.137936
0.137936
0.137936
0.016159
0.016159
0.016159
0.0498036
0.236344
0.236344
0.236344
0.236344
0.207958
0.0519852
0.0519852
0.0519852
0.134376
0.234027
0.153954
0.152183
0.173576
0.173576
0.173576
0.105503
0.105503
0.33394
0.291585
0.377882
0.165934
0.165934
0.165934
0.165934
0.165934
0.0834833
0.289727
0.326807
0.510749
0.151201
0.295009
0.19983
0.086513
0.0662038
0.172588
0.172588
0.172588
0.172588
0.218677
0.0911856
0.0911856
0.0679648
0.0679648
0.0697179
0.0697179
0.0697179
0.0697179
0.0697179
0.0697179
0.0697179
0.0697179
0.0697179
0.0697179
0.0691507
0.0691507
0.0691507
0.0691507
0.0691507
0.0691507
0.0888988
0.395449
0.347456
0.347592
0.347592
0.0666094
0.110061
0.110061
0.110061
0.110061
0.110061
0.110061
0.110061
0.322595
0.103816
0.103816
0.103816
0.103816
0.107829
0.107829
0.432443
0.432443
0.432443
0.244553
0.244553
0.29204
0.29204
0.0604087
0.0604087
0.0604087
0.0626954
0.0626954
0.15605
0.114289
0.114289
0.158081
0.158081
0.158081
0.158081
0.158081
0.0957361
0.22053
0.22053
0.22053
0.22053
0.22053
0.22053
0.22053
0.22053
0.282239
0.21363
0.21363
0.21363
0.189966
0.202798
0.202906
0.101701
0.19319
0.19319
0.094637
0.094637
0.094637
0.094637
0.094637
0.094637
0.249437
0.249437
0.249437
0.115297
0.0602972
0.0602972
0.0602972
0.0602972
0.0714829
0.0714829
0.0714829
0.0714829
0.0714829
0.0714829
0.0714829
0.218074
0.218074
0.218074
0.153019
0.153019
0.153019
0.153019
0.0676347
0.107206
0.054769
0.054769
0.054769
0.113742
0.113742
0.0766618
0.196111
0.196111
0.090425
0.0590737
0.0590737
0.155637
0.241286
0.241286
0.241286
0.0781106
0.0675565
0.0675565
0.0675565
0.121452
0.0677706
0.0677706
0.0677706
0.0677706
0.0677706
0.145847
0.145847
0.125932
0.0579231
0.0579231
0.0579231
0.0579231
0.181279
0.0830499
0.0830499
0.0830499
0.136593
0.136593
0.165699
0.0691499
0.0691499
0.0691499
0.0691499
0.0691499
0.0691499
0.337159
0.293866
0.133872
0.0462241
0.0462241
0.047037
0.200999
0.200999
0.272949
0.365075
0.411505
0.125909
0.219367
0.168297
0.303104
0.541289
0.129369
0.129369
0.129369
0.382024
0.391563
0.48894
0.485108
0.175543
0.258357
0.163846
0.0270536
0.143105
0.143105
0.143105
0.143105
0.15457
0.15457
0.15457
0.272699
0.238944
0.221422
0.403086
0.403086
0.0674508
0.0336062
0.0336062
0.0336062
0.0336062
0.4128
0.144812
0.144812
0.144812
0.144812
0.106822
0.106822
0.106822
0.106822
0.0855391
0.0743479
0.0743479
0.0743479
0.0201775
0.0201775
0.0201775
0.0201775
0.0201775
0.0201775
0.0201775
0.0201775
0.0201775
0.0201775
0.0201775
0.0201775
0.0201775
0.0201775
0.0201775
0.0201775
0.0201775
0.0201775
0.15531
0.206673
0.206673
0.206673
0.0446617
0.0446617
0.0446617
0.0446617
0.0446617
0.0446617
0.212569
0.206794
0.0711305
0.0711305
0.0711305
0.0711305
0.116068
0.144045
0.317731
0.317731
0.317731
0.388713
0.291734
0.291734
0.277237
0.219822
0.219822
0.344948
