0.42957 0.384107
0.429268 0.360286
0.429524 0.360286
0.431628 0.406331
0.429091 0.338393
0.430222 0.360677
0.433043 0.42648
0.428085 0.296893
0.428333 0.296893
0.431837 0.380731
0.4312 0.360074
0.430588 0.339711
0.431538 0.359791
0.430943 0.339985
0.432593 0.379065
0.429091 0.282654
0.433571 0.396848
0.435789 0.453217
0.435862 0.453217
0.434576 0.416565
0.434 0.398462
0.433443 0.380574
0.433548 0.380574
0.433016 0.363101
0.433125 0.363101
0.432 0.328939
0.432121 0.328939
0.431642 0.312231
0.429412 0.246117
0.431884 0.311532
0.433714 0.360081
0.431549 0.296015
0.431667 0.296015
0.431233 0.28032
0.428649 0.20262
0.4304 0.248785
0.430526 0.248785
0.435844 0.399737
0.435385 0.384784
0.432405 0.295895
0.433 0.310574
