0.999994
0.999997
0.999999
0.99983 6.03859e-05
1
1
1
0.999998
1
0.999852 0.000144326
1
1
0.999918
0.999713
1
1
1
1
0.999837
0.999978
0.999589 0.000410507
0.999992
1
0.999997
0.999888
0.999958 4.13653e-05
1
0.999999
0.999915
1
1
0.999941
0.999995
0.999999
0.999999
0.99988
1
1
1
1
0.999918
0.99992
1
1
0.999999
1
0.999973
0.999915
0.999965
0.999985 1.03811e-05
0.99993
0.999966
1
0.999998
0.999619
0.999836
0.999983
0.999861 4.01507e-05 3.925e-05 4.28029e-05
0.999948
1
0.999976
0.999992
0.999962
0.999773 0.000212103
0.999564 0.000366095
0.99996
1
1
1
1
1
0.999926
0.999974 3.6336e-06 1.30595e-05
0.999883
0.999995
0.999999
0.999985
1
1
1
1
1
0.999996
1
0.999999
0.99991 8.96953e-05
1
1
1
1
1
1
0.999846 0.000114168
0.999998
0.999998
0.999872
0.999947
0.999997
1
1
0.999993
0.999894
1
0.999981
0.999854 2.65481e-05 0.000104928
0.999987
1
1
0.999999
1
0.999905
0.999999
1
1
0.999991 8.70655e-06
0.999988
0.999998
0.999997
1
1
0.999876 0.000124102
1
0.999918
0.999989
0.999996
0.999999
0.999995
1
1
1
1
1
1
1
0.999999
1
0.999999
1
1
0.999762
0.999821 0.00017928
1
1
1
1
1
0.999899
0.999794
1
0.999877 9.88205e-05
0.999994
0.999981
1
1
1
1
1
1
1
0.999999
0.999999
0.999884 0.000115743
1
0.999997
0.999999
1
1
1
0.999998
0.999995
0.999975
1
1
1
1
1
1
0.999995
0.999996
0.999995
0.999971
0.999994
1
0.999999
0.999971
1
0.999995 4.89067e-06
1
1
0.999999
0.999949
0.99992
0.999933
0.999977
0.999999
1
0.999994
1
0.999903
0.999994
0.999941
0.999993
1
0.99998
0.999955
0.999915 8.51832e-05
1
1
0.999992
0.999861 0.000139234
0.999993 6.96818e-06
1
0.999999
0.999983
1
1
1
1
0.999817 0.000183285
1
1
1
1
1
0.999991
1
1
0.999968
1
1
1
0.999884
1
0.999995
1
0.9999 9.71607e-05
0.999869 0.000129598
1
0.999927
0.99999
1
1
1
1
0.999919
1
1
0.999969
1
1
1
1
0.99994
0.999998
1
0.999998
1
0.999999
1
1
0.999995
0.999863 0.000136617
0.999856 0.00014296
1
0.99996
1
0.999899
0.999898 3.91476e-05 3.96275e-05
0.99985
1
0.999999
0.999985
1
0.999996
1
0.999944
0.99999
1
0.999998
0.999944
1
1
1
0.999977
1
1
0.999875 0.000124721
1
0.999894 0.000104133
0.999998
1
1
1
0.999995
0.999982
1
1
0.999999
1
0.999998
1
0.999989
0.999915 7.87856e-05
1
1
0.999999
1
0.999997
1
1
1
1
1
1
1
1
0.999929
1
1
0.999996
0.999862 0.000137981
1
0.999997
1
1
1
1
1
0.999991
0.999962 2.27953e-06 3.55938e-05
0.999936
0.999636 0.00022678
1
1
0.999996
0.999989
0.999997
0.999998
1
0.999981
1
1
0.999951
1
0.999994
1
0.999993
0.99996 3.95014e-05
0.999909 6.54639e-06 4.84355e-05 6.29732e-06 1.52568e-05 1.47276e-05
0.999903 8.75966e-05
1
0.999999
0.999997
0.999988
0.999998
0.99999
0.999992
1
0.999991
0.99978 0.000220185
1
0.999909
1
1
1
1
0.999984
1
1
1
1
0.999987
1
1
0.999999
0.999976
1
1
1
1
1
0.999998
0.999905 8.62896e-05 3.78003e-06 4.52343e-06
7.06808e-05 0.334331 0.346475 0.318959 6.71831e-05 9.56392e-05
0.999628 9.627e-05 0.000247883 2.42579e-05
0.000275532 0.344381 0.317862 0.33674 0.000520144 0.000220065
0.999781 0.000218962
0.999776 0.000223161
0.999778 0.000134191 6.33653e-05
0.99999
0.999977
1
0.999995
0.999933
0.999959
1
1
1
0.999993
0.999976
0.999732 0.000264712
0.999998
1
0.999999
0.99978
1
0.99996
0.999861 0.000138357
1
1
0.999999
1
0.999871
1
0.999998
0.999984
1
0.999933 6.61174e-05
1
1
0.999989
0.999988
1
0.99999
0.999978
0.99995
0.999972
0.999988
0.999989
1
1
0.999928
1
0.999952
0.999993
0.999999
0.999994
0.999982
0.999906 1.28268e-05 8.00023e-05
0.999667 0.00027789 1.40965e-05 4.03721e-05
0.999994
0.999982
1
0.99998
0.999995
0.999999
0.999955 4.45832e-05
1
1
1
1
0.999928
0.999983
0.999979
0.999995
0.999978 6.05348e-06 1.52871e-05
0.999896
0.999993
0.999997
0.999841
0.999748 0.000146483 0.000105201
0.501525 0.000190703 0.498284
0.999999
0.999936
0.999995 4.67353e-06
0.999999
0.999995
0.999987 4.93418e-06
1
0.999996
1
1
1
0.999988
0.999986
1
0.999916 7.18809e-05
0.999999
1
1
1
0.999995
0.999995
0.999989
1
0.999863 9.49089e-05
0.999993
1
0.999973
0.999993
0.999982
0.999995
1
0.999998
0.999954
0.999995
0.999952
0.999791 3.86912e-05 0.000104907
0.481755 0.518173 5.37879e-05
0.999876 5.62961e-05
0.999996
0.999335
0.999994
0.999989
0.999995
0.999802 0.000198293
0.999955 4.45777e-05
1
1
0.999939
0.999951
0.999999
1
0.999992
0.999974
0.999815
0.999647 0.000115106
0.999692 9.54525e-09 0.000295194
1
0.99995
0.999786
0.999929
0.999999
1
0.999996
1
1
1
0.999951 4.92378e-05
1
0.999971
0.999961
1
0.999976
0.999999
0.999975
0.999981
0.99992 2.56977e-06 3.60594e-05
0.999924 6.03005e-05
0.999859
1
1
1
1
1
1
0.999982
1
1
1
1
1
1
0.999972
0.999999
1
1
1
0.999991
1
1
1
1
1
0.999999
0.999973
0.999967
1
0.999994 6.44528e-06
0.999947 5.26602e-05
1
1
1
0.999995
0.999997
0.999929 7.13379e-05
1
0.999971
0.999745
1
0.999984
0.999982
0.999829 0.000158361
0.99984
0.999905 9.44576e-05
0.999873
0.999491 0.000466651
0.999997
0.999991 5.08276e-06 2.51349e-06 1.30348e-06
0.999996
1
1
1
1
1
1
1
0.999998
0.999999
0.999997
0.999996
0.999994
1
1
0.999999
1
1
1
1
1
1
1
0.999993
0.999993
0.999914
1
1
0.99978 0.000214357
0.999993
0.999859
1
0.999948
1
1
0.999997
0.999997
0.999977
0.999832
0.999985
0.999973
0.999843 6.07639e-05 6.76997e-05 2.78131e-05
0.99976 0.000238893
0.99994 5.22245e-05
0.999998
1
1
0.999993
1
0.999998
1
0.999984 1.5622e-05
0.999922 7.76713e-05
1
0.99995 4.98434e-05
0.999995
1
0.999975
0.999893
0.999848 0.000150322
0.999968
0.999998
0.999957
0.999988
0.999953
0.999377
0.999937
0.999968
1
0.999974
1
1
1
1
1
1
0.999989
0.999929
0.999956
0.999805
0.999469 0.000482233
0.999521 0.000464861 7.10024e-06 2.08632e-06
0.999676 0.000323675
1
0.999991
0.999949
1
1
1
0.999992
0.999981
0.999998
0.999995
0.999998
1
1
1
1
1
1
0.999992
0.999998
0.999937 3.81538e-05
1
1
0.999976
0.999991
0.999999
1
0.999971
1
1
1
1
1
0.999948
0.999999
0.999984
0.999998
0.999856 0.000144226
1
1
1
0.999984
0.999928 3.96452e-05 8.63666e-06 2.35281e-05
0.999884
1
1
0.999988
0.999999
0.999989
1
0.999991
0.999865 0.000104222
0.999917 7.25448e-05
0.99997
0.999846
1
0.999814
0.999999
1
1
0.999995
0.999939
0.999791 0.000208563
0.999998
0.999914
1
1
1
1
1
0.99998
0.999967
0.999973 2.66546e-05
0.999847 0.0001529
1
0.999988
1
1
1
1
1
1
1
1
1
1
1
1
1
0.999995
1
1
1
0.999918 7.88121e-05
0.999996
0.999847 0.000151186
0.999999
0.999792
0.999974
1
0.999959 3.84822e-05
1
1
0.999817 0.000180764
1
1
1
0.999909
1
1
0.999846
1
0.999886
0.99981 0.00014916
0.999996
0.999965
0.999867
1
0.999992
0.99987
1
1
0.999989 1.12136e-05
1
1
0.999997
1
0.999992
1
1
0.99995 3.1092e-05 1.93037e-05
0.999985
1
0.999999
0.999663 0.000287748
0.999995
1
0.99998
0.999999 4.19871e-07
0.999966
0.999946
0.999981 1.32619e-05
0.999918
0.999984
0.999999
1
1
0.999982
1
1
0.999971 2.81676e-05
0.999999
1
1
0.999794 0.000206121
0.999998
0.99999
1
0.999979
0.999998
0.999996
1
1
1
1
0.999999
1
1
1
1
1
1
1
1
0.999932
0.999996
0.999993
0.999876
1
1
0.999679
1
1
1
1
1
1
0.99981 0.000163518 2.64152e-05
1
1
0.999999
0.999995
1
1
1
1
1
1
0.999996
1
1
0.999977
1
1
1
1
1
1
0.999993
1
0.999999
1
1
0.999986
0.999999
1
1
1
1
0.999976
0.999992
1
0.999993
1
0.999993
1
0.999997
0.999949 3.49296e-05
0.999999 1.31685e-06
1
1
1
1
1
0.999998
1
0.999998
0.999996
1
0.999897 0.000102679
0.999959
0.999914
0.999979
1
1
0.999916
0.999974
0.999974
0.999997
0.999979
1
0.999978
1
0.999999
0.999996
1
1
0.999998
0.999995
0.999994
0.999998
0.999976
0.999949
1
1
0.999989
1
1
1
1
0.999965
0.999968
0.999994
0.999999
0.999958 2.33777e-05
0.999995
0.999997
0.999914
0.999996
1
1
0.999994
0.999983
1
1
1
1
1
1
1
1
1
1
1
1
1
1
1
1
1
1
1
0.999999
1
1
0.999998
1
1
1
1
1
1
0.999975
0.999999
1
1
1
0.999995
0.999936 6.39931e-05
0.999984
0.999879
0.999998
0.999992
0.999959
0.999999
0.999758 1.99799e-05 0.000221439
0.999996
1
0.999997
