14365.5
14197.6
13239.5
13441.4
13170.2
12874
12822.6
13057.6
13085.6
13477.3
13694.5
12101
11674
11695.6
11355.5
10389.3
10920
10530.9
10527.3
9789.9
9564.73
9628.27
9544.44
9144.64
9379.19
9036.06
9602.32
9689.2
8972.36
8929.37
9411.91
9318.07
8747.71
8826.83
8712.71
8410.41
8031.83
8108.65
6416.33
6389.38
6058.71
6325.73
6047.95
6229.9
5566.12
5791.73
5709.86
4935.34
4816.14
4751.37
4574.53
4724.53
4572.43
4338.48
4462.67
4205.89
4046.27
4253.06
4117.98
3959.34
3906.67
3931.08
3587.75
3508.49
20666.7
20166.8
19694.1
19505.8
19096.4
18319.4
18127.3
18953.7
18344.6
17652.7
17983.7
18451.6
15879.8
15273.6
16172.1
14972.7
14970.3
15701.9
15524.6
14508
13609.4
13250.1
12588.3
12883.2
12544.9
12525.3
11697.6
11592.6
10697.8
10540
10281.5
10630.4
10190
10233.5
9922.38
9723.58
9977.42
9501.63
9804.58
7962.34
7995.61
7619.36
7742.83
7433.01
6938.23
6705.69
6495.46
6000.02
5835.42
5500.77
5941.73
5389.1
4711.66
4195.1
4031.84
4087.31
3812.73
3794.73
3925.44
3833.87
3309.62
3503.9
3356.76
3380.43
3375.94
3374.02
3145.28
3057.22
3096.04
3064.64
3104.91
2608.96
2690.02
2748.76
2432.24
2398
2379.68
2442.63
2278.11
2335.83
2234.26
2181.33
2280.75
2171.36
2245.02
2188.32
2160.78
2171.19
2143.61
2167.01
2225.11
2163.6
2261.2
2188.48
2166.86
2230.86
2177.73
2180.31
2140.61
2167.9
2170.53
2184.09
2158.9
2234.95
2209.57
2164.89
2186.16
2169.53
2116.24
2157.9
2161.66
2122.02
2188.25
2177.16
2204.04
2175.02
2179.2
2242.55
2165.23
2166.27
2148.46
2223.23
2220.5
2134.24
2152.87
2129.28
2108.02
2120.41
2248.99
2160.85
2187.4
2294.57
2069.12
2199.39
2165.47
2185.19
2165.3
2231.08
2161.02
2214.72
2175.53
2127.08
2128.41
2158.22
2272.02
2125.85
2201.6
2181.05
2183.37
2248.99
2189.06
2214.83
2170.17
2199.54
2158
2122.3
2222.87
2151.23
2152.41
2123.56
2188.46
2094.69
2163.69
2156.69
2236.64
2164.51
2201.8
2174.51
2120.26
2240.37
2189.88
2266.98
2210.53
2237.09
2112.48
2168.14
2174.25
2166.24
2128.61
2205.96
2161.79
2166.62
2117.77
2241.91
2106.39
2183.13
2172.66
2182.58
2267.08
2161.35
2167.79
2109.15
2195.83
2055.18
2192.77
2184.35
2135.45
2127.29
2169.12
2115.38
2097.02
2169.9
2180.6
2167.31
2242.13
2165.51
2225.58
2160.67
2135.88
2159.08
2160.49
2175.76
2197.92
2223.44
2238.8
2156.09
2222.31
2166.29
2147.88
2218.86
2171.04
2105.03
2278.86
2120.37
2141.8
2153.82
2133.69
2206.71
2215.99
2167.45
2126.42
2174.73
2204.01
2147.22
2140.34
2071.76
2188.26
2137.03
2063.12
2213.89
2119.7
2277.26
2115.13
2278.96
2037.1
2282.97
2147.18
2234.7
2139.45
2152.5
2164.42
2154.91
2165.95
2202.51
2148.47
2151.68
2191.16
2214.44
2215.34
2116.83
2215.06
2181.46
2193.65
2165.07
2120.84
2203.33
2143.56
2136.77
2203.38
2167.4
2188.7
2185.1
2162.13
2142.83
2158.34
2132.34
2163.53
2168.39
2158.03
2116.5
2167.62
2178.26
2228.27
2205.19
2118.54
2137.87
2192.93
2114.37
2121.39
2165.13
2206.34
2116.4
2188.76
2186.77
2150.1
2109.7
2123.77
2062.65
2149.24
2201.22
2141.05
2179.79
2219.46
2156.71
2152.46
2179.45
2091.71
2154.17
2192.57
2149.11
2171.48
2199.97
2090.39
2072.96
2159.41
2138.25
2113.35
2102.74
2219.73
19005.4
2244.08
20611.5
2239.49
21436.3
20599
19585.2
18625.6
19288.8
18298.2
18554.7
18179.7
18080.8
18305.7
17875.2
17590.6
17882
17820.2
18357
17553.3
17440.7
16754.7
17252.6
16839.7
16499
16096.4
16145.8
16393.4
16752.2
16183.8
16608.5
16142.2
16295.5
16489.6
15915.1
15756.9
14947.6
14944.1
14338.7
14701.1
13342.8
13057
13245.5
12628.1
12258.2
12836.5
13218.5
12872.7
13028.4
11989.2
11884.7
12013.8
12387.9
12107.4
12117
12021.7
11992.8
11673.1
10675.1
10245.8
10166.4
10361.9
10478.4
10269.3
9816.85
9362.27
8781.31
9151.5
8529.73
8615.25
7503.15
7057.9
6318.22
5752.18
5730.38
5778.26
5420.68
5324.53
20653.3
20771.6
20402.2
20371.5
20357.9
20201.7
19875.1
19759.6
20543.1
19842.4
19468.5
19218.2
19607.3
18520.6
18112.7
18048.7
16888.1
16897.7
15649.1
15025.7
14993
14373.7
14758.4
14920.7
13961.5
14075.2
13872.4
14090.6
13759.2
13387.2
12896.7
12560.8
12792
12639.3
12730.4
12628.3
11710
21163.4
20168.2
19826.4
19869
20886.1
21002.6
20058.2
18680.6
20674
19255.1
19379
19182.4
19576.7
18323.8
18443.4
17404.9
17641.2
18227.4
17267.4
21284.7
20282.3
20090.1
19725.6
19267.1
20024.8
19614.2
20540.9
18932.2
18601.2
19184.6
18608.5
17730.5
16944.1
15942.3
15489.7
14825.3
15225
14656
15181.7
14411.8
14382.8
13915.9
14015.8
13964
14281.3
13662.3
13345.9
12339.4
12112.9
12159.2
12202.4
10590.9
10537.7
11140.6
10084.6
10365.8
10242.3
10293.7
9865.8
10230.7
10183.7
9933.66
9902.9
9946.95
9860.58
10367.3
9484.12
9730.73
8781.06
8421.46
7900.19
7195.83
7096.86
7059.28
7005.84
6925.09
6355.31
6637.65
5898.4
5229.09
5053.76
5267.33
5094.19
4710.47
4584.14
4509.6
4614.96
4222.7
3875.1
4001.53
3554.44
3526.62
3580.51
3321.1
3407.06
3344.24
3245.28
3222.33
3201.38
3240.11
3270.53
3185.71
3087.43
3200.2
3004.73
2926.79
2812.92
2856.21
2576.06
2575.74
2628.84
2581.94
2682.43
2600.29
2549.33
2711.84
2649.82
2586.89
2596.09
2629.68
2537.76
2397.36
2514.69
2377.07
2438.96
2423.31
2261.48
2267.61
2321.41
2313.2
2358.27
2342.52
2330.28
2308.7
2288.29
2269.99
2186.18
2200.62
2215.13
2252.16
2226.12
2227.79
2212.95
2216.58
2163.18
2231.89
2210.65
2155.53
2175.24
2153.65
2171.72
2107.84
2159.61
2178.43
2079.04
2102.67
2153.15
2136.96
2171.33
2129.22
2142.31
2186.66
2121.57
2215.28
2154.93
2132.41
2160.59
2142.87
2165.64
2171.1
2142.99
2178.86
20312.8
19223.5
18725.4
17200.9
16401.4
16911.6
15470.6
15469.7
15964.8
15798.9
15510.9
15605.8
16181.7
14634.7
14260.4
14004.1
13826
14048.1
13993.2
13570.1
13586.5
14498.5
13521.2
14059.5
14259.1
13865
13552.1
12776.4
11948.2
12059
11233.2
11103.1
11514.5
11495.1
11321.4
11415.3
11136.9
11437
9756.03
9259.75
8719.12
8078.18
7193.17
6731.67
6035.01
6393.29
6121.55
6049.8
5393.08
5576.87
5535.21
5240.26
5170.04
5372.01
5268.04
5310.27
5136.32
5139.91
4846.53
4806.89
4899.58
4389.78
4037.87
3835
3933.05
3653.13
3694.13
3650.83
3494.74
3525.47
3632.41
3539.43
3442.1
3610.58
3378.76
3335.47
3305.34
3034.47
2977.9
2880.84
2963.56
2572.05
2561.77
2483.48
2552.43
2446.45
2396.28
2222.27
2256.01
2268.59
2233.63
2257.82
2176.82
2209.37
2147.01
2233.93
2189.89
2194.38
2115.01
2122.22
2169.62
2267.76
2124.87
2173.56
2203.72
2167.64
2230.56
2140.71
2141.29
2221.65
2172.77
2134.54
2125.11
2116.71
2175.96
2133.91
2113.71
2180.4
2066.56
2129.43
2157.06
2182.19
2164.19
2234.53
2126.39
2158.16
2185.05
2142.08
2155.92
2182.82
2164.47
2169.22
2142.64
2203.21
2199.45
2182.17
2156.43
2153.12
2217.8
2203.61
2163.13
2159.98
2118.14
2159.15
2167.38
2110.91
2176.59
2141.51
2174.44
2141.84
2154.06
2191.25
2136.99
2190.95
2112.44
2133.85
2174.88
2238.25
2141.33
2142.27
2165.07
2184.22
2152.23
2189.02
2182.46
2220.52
2128.75
2241.77
2174.61
2193.75
2157.53
2139.82
2086.72
2233.45
2150.13
2159.81
2125.63
2063.8
2118.52
2176.66
2186.1
2167.05
2106.7
2172.89
2150.33
2138.41
2104.17
2240.6
2155.1
2180.14
2148.36
2191.52
2126.32
2186.65
2128.32
2110.14
2155.54
2218.81
2169.34
2147.33
2219.54
2122.69
2131.66
2157.51
2227.23
2123.33
2090.61
2226
2207.97
2151.31
2190.11
2173.56
2144.92
2210.72
2237.01
2170.98
2087.12
2254.2
2162.21
2137.87
2176.82
2099.65
2121.5
2289.04
2241.9
2062.92
2125.61
2135.7
2176.91
2168.29
2124.05
2176.62
2233.57
2102.27
2196.83
2197.63
2181.24
2211.64
2210.85
2194.1
2131.48
2149.89
2122.84
2170.94
2144.7
2210.74
2126.98
2128.76
2177.67
2129.43
2145.32
2110.16
2090.01
2132.79
2141.8
2091.96
2160.87
2137.35
2209.18
2174.06
2122.09
2216.87
2223.9
2276.48
2146.43
2183.9
2206.77
2161.41
2196.25
2181.67
2212.23
2140.55
2046.77
2255.56
2244.81
2167.85
2164.32
2104.75
2170.62
2154.06
2193.59
2173.59
2201.96
2202.16
2169.19
2165.84
2151.45
2201.57
2203.23
2215.92
2145.44
2257.34
2200.51
2226.85
2211.67
2182.76
2197.1
2163.26
2195.51
2202.26
2169.28
2133.47
2147.14
2086.03
2145.35
2178.2
2128.83
2144.42
2179.09
2237.51
2186.28
2185.54
2170.8
2097.32
2153.97
2199.22
2120.27
2167.26
2165.1
2181.91
2160.65
2134.71
2175.63
2164.25
2200.64
2203.4
2187.2
2171.91
2157.84
2086.43
