0.469598 2.97834
0.469767 3.02438
0.469091 3.02438
0.472 3.11352
0.473913 3.17932
0.475745 3.24412
0.4775 3.30794
0.477551 3.32889
0.472 3.20496
0.466667 3.08277
0.464615 3.04261
0.460377 2.94359
0.457037 2.86543
0.456727 2.86543
0.453571 2.7893
0.452632 2.77051
0.451034 2.7334
0.452881 2.78838
0.453333 2.80648
0.452459 2.78859
0.455484 2.87698
0.457778 2.94687
0.46 3.01597
0.460923 3.05013
0.461818 3.08392
0.462687 3.11733
0.461176 3.08428
0.462029 3.11698
0.456 2.95515
0.456901 2.98719
0.458889 3.0506
0.45863 3.0506
0.46 3.09722
0.456 2.9895
0.453684 2.92854
0.450909 2.85307
0.447179 2.74839
0.445063 2.68913
0.445 2.68913
0.442469 2.6164
0.440488 2.55874
0.438554 2.50158
