0.429245 1.329
0.433488 1.46713
0.440909 1.6483
0.438222 1.58145
0.437391 1.55951
0.436596 1.53792
0.435 1.49537
0.435102 1.49537
0.4368 1.53668
0.439216 1.59777
0.438462 1.57769
0.44 1.6173
0.440741 1.63684
0.443636 1.71397
0.445 1.75204
0.444912 1.75204
0.446897 1.8077
0.447458 1.82603
0.448 1.84413
0.445902 1.79047
0.446452 1.80814
0.445079 1.7732
0.44625 1.80775
0.444308 1.7565
0.444848 1.7734
0.444179 1.75669
0.444706 1.77322
0.444058 1.75686
0.443429 1.74068
0.442254 1.70865
0.441667 1.69279
0.441644 1.69279
0.441622 1.69279
0.442133 1.70818
0.442632 1.72342
0.444156 1.76871
0.445641 1.81357
0.44557 1.81357
0.447 1.8576
0.44642 1.84306
0.445854 1.82864
