2178.75
2192.44
2184.51
2147.1
2178.7
2147.22
2149.53
2111.45
2135.27
2186.43
2175.23
2128.44
2170.93
2126.36
2127.24
2100.46
2179.99
2179.82
2207.08
2224.25
2189
2218.21
2189.89
2126.88
2189.22
2221.79
2253.53
2150.54
2169.89
2113.58
2157.91
2147.53
2179.58
2135.67
2169.15
2182.83
2148.02
2135.36
2121.02
2142.43
2142.23
2140.42
2217.56
2157.76
2137.74
2181.64
2193.18
2121.24
2140.6
2137.23
2183.36
2186.24
2145.23
2153.22
2229.06
2148.12
2111.78
2229.41
2163.04
2176.17
2159.64
2163.62
2199.25
2186.12
2199.81
2200.99
2187.66
2181.26
2208.33
2196.86
2212.19
2124.51
2164.53
2178.73
2215.86
2212.17
2197.98
2177.98
2147.26
2143.19
2248.03
2153.72
2111.7
2184.87
2201.73
2199.25
2226.92
2261.46
2231.76
2191.71
2097.9
2127.73
2147.51
2143.38
2182.64
2214.38
2175.54
2178.2
2190.84
2103.22
2217.57
2164.53
2180.8
2218.58
2184.46
2083.4
2148.19
2070.63
2108.86
2116.18
2089.08
2177.95
2179.28
2207.06
2137.47
2189.81
2151.4
2187.6
2135.85
2202.69
2182.05
2223.95
2297.54
2156.6
2225.08
2213.45
2145.58
2148.43
2077.09
2187.02
2141.14
2136.79
2172.92
2162.27
2185.08
2130.07
2195.73
2203.11
2141.77
2145.08
2185.22
2100.95
2166.77
2204.85
2203.16
2108.02
2109.94
2172.56
2244.5
2084.39
2233.88
2127.21
2180
2221.86
2153.8
2190.53
2129.95
2157.98
2071.52
2145.64
2143.36
2190.83
2083.07
2201.67
2191.5
2136.81
2171.66
2182.42
2161.34
2151.86
2212.2
2219.35
2187.4
2135.37
2182.54
2240.71
2171.1
2069.14
2219.41
2184.93
2159.53
2172.06
2166.89
2123.89
2178.9
2190.62
2132.21
2178.7
2170.98
2207.54
2157.22
2173.91
2237.86
2164.85
2240.48
2143.92
2083.61
2253.95
2134.37
2155.09
2202.81
2176.25
2292.26
2176.8
2179.7
2122.64
2237.69
2142.7
2210.41
2104.28
2135.8
2135.17
2193.59
2184.44
2191.2
2201.32
2166.32
2017.58
2137.04
2212.41
2295.18
2136.17
2236.15
2182.93
2201.69
2278.33
2174.19
2165.73
2156.68
2164.66
2204.95
2175.55
2085.17
2135.48
2260.59
2178.08
2154.77
2251.64
20174.4
19696.9
19652.7
20012.9
19385.8
19607.9
19760.5
20518.2
18825
19668.6
18272
18009.8
18801.5
18660.6
18295.7
18439.3
18160.9
17990.6
17407.6
17619.6
17363.5
17334.5
17106.4
17536.8
16530.3
16161.1
16077.6
15584.4
15635
15192.6
14840.3
14566.9
14915.6
15015.4
14726.6
13972.9
14290.8
13419.7
13534.6
12934.3
12938.2
12472.2
12754.2
12579.6
12516.6
12663.6
12428.7
12594.3
12045.7
12460
12544.4
12196.4
12679.5
12183.9
12052.5
11646.1
11541.5
11759.7
11579.5
11668.5
11370.4
12097.4
11661.8
11389.3
11535.1
11215.4
11510.6
11125.5
11024.1
10877
10528.9
10204.5
9857.84
9816.41
9622.54
9380.07
9473.38
9647.11
9424.95
9585.25
9067.2
9158.37
8846.89
9428.97
9146.99
8878.62
8750.69
8570.9
8525.67
8547.21
8576.7
8572.16
8043.86
8052.93
7799.76
7611.28
7229.37
7632.23
7324.83
7246.1
6897.2
6881.43
6733.87
6630.84
6733.86
6296.02
6204.11
6277.41
5989.7
6002.22
6143.69
5949.36
6028.9
6202.48
5964.7
6068.15
5757.68
6055.47
6164.04
5401.16
5610.46
5576.04
5166.95
4974.76
5027.27
4967.53
4914.68
4691.57
4830.47
4666.28
4494.87
4650.52
4592.5
4252.74
4397.65
4296.3
4189.81
4075.82
4155
4042.31
3888.37
3666.32
3851.12
3669.97
3341.64
3367.14
3353.31
3336.73
3240.38
3302.55
3258.93
3160.37
3157.72
3172.26
3114.88
3095.26
2984.61
2925.63
2873.29
2917.57
2990.73
2789.3
2794.45
2692.52
2701.18
2805.27
2563.41
2538.19
2594.61
2634.51
2458.25
2594.69
2694.8
2561.77
2449.52
2303.32
2351.09
2335.86
2362.7
2388.02
2347.42
2334.65
2173.33
2224.37
2132.15
2171.98
2162.69
2101.92
2115.78
2240.64
2161.63
2136.9
2215.7
2162.23
2117.81
2226.73
2138.76
2110.47
2190.43
2183.48
2216.26
2172.73
2167.69
2119.88
2098.28
2181.53
2139.47
2166.67
2181.72
2182.16
2213.1
2131.4
2192.1
2138.68
2207.42
2171.89
2193.82
2207.13
2118.12
2105.39
2200.63
2140.79
2165.17
2241.46
2266.9
2183.77
2203.65
2116.98
2140.62
2131.1
2175.89
2168.75
2164.42
2141.37
2158.87
2120.35
2120.68
2156.97
2176.13
2167.42
2213.35
2122.5
2190.47
2164.08
2188.65
2159.85
2102.68
2174.35
2166.12
2152.13
2164.12
2158.37
2223.32
2179.83
2158.22
2103.85
2168.04
2159.98
2154.01
2158.65
2165.3
2114.52
2197.54
2207.9
2150.72
2135.89
2166.58
2252.71
2209.4
2227.5
2203.64
2173.94
2136.55
2182.76
2182.66
2146.96
2083.32
2202.5
2267.63
2202.44
2177.26
2174.25
2189.81
2225.06
2113.32
2075.59
2074.43
2117.34
2121.87
2194.29
2235.26
2160.87
2123.38
2143.38
2114.64
2156.48
2084.32
2179.27
2222.25
2230.6
2225.52
2141.39
2153.64
2197.9
2208.77
2156.97
2133.66
2223.81
2176.37
2047.1
2147.97
2195.16
2169.88
2164.04
2195.47
2169.39
2140.96
2185.47
2125.61
2105.87
2066.86
2120.65
2233.32
2236.08
2218.44
2125.31
2235.96
2225.94
2215.89
2255.44
2216.67
2207.21
2179.54
2197.39
2144.22
2175.53
2144.35
2145.47
2219.66
2203.88
2215.57
2166.05
2098.47
2197.02
2124.63
2180.88
2141.99
2145.43
2210.11
2176.58
2149.98
2230.39
2190.01
2219.07
2153.23
2133.78
2180.89
2167.33
2170.69
2146.12
2153.45
2240.1
2141.95
2210.28
2093.96
2224.65
2137.49
2230.39
2212.67
2171.16
2269.61
2200.63
2099.91
2120.51
2210.99
2190.43
2166.06
2138.54
2153
2146.72
2135.67
2202.19
2191.85
2154.84
2155.73
2188.34
2142.18
2136.45
2248.78
2186.19
2121.28
2133.57
2083.49
2134.16
2211.95
2202.9
2270.15
2215.5
2177.77
2150.87
2119.99
2145.14
2192.64
2108.76
2248.5
2236.62
2117.08
2127.82
2143.54
2146.17
2159.54
2111.13
2130.26
2169.62
2172.14
2199.27
2092.33
2114.23
2184.15
2090.08
2103.65
2152.27
2152.79
2136.26
2174.59
2195.6
2079.79
2187.72
2107.32
2201.85
2168.48
2070.21
2126.07
2139.04
2209.5
2158.72
2110.68
2168.35
2111.05
2184.03
2209.25
2190.5
2173.94
2112.04
2193.15
2281.35
2117.23
2208.15
2129.84
2126.3
2183.73
2256.64
2209.91
2144.81
2253.76
2186.87
2147.37
2222.8
2138.56
2184.94
2229.75
2205.35
2202.68
2216.63
2169.64
2200.49
2104.03
2182.46
2176.91
2248.68
2148.74
2185.62
2125.68
2174.83
2193.43
2142.49
2120.68
2151.62
2152.61
2234.74
2216.22
2161.93
2249.06
2156.97
2185.53
2142.36
21444.1
21004.7
20299.9
20927.7
19174.6
20197.2
20093.3
20307.1
19905.7
20010.6
19461.5
19644.2
19356.6
19178.8
20004.7
19828.1
19203.8
18771.4
18614.5
18786.9
17903
18088
19097
18210
18581.7
18101.8
18200.6
17997.1
17716.2
18670.3
18022.8
17035.4
17665.9
17040.7
17101.1
16773.3
15999.3
16461.8
16614.8
16313.3
16406.3
16472.2
16683
16493.5
16549
16612.5
16927.5
16412.7
15917.8
15696.4
15663.5
15237.7
15425.3
15253.9
14635.7
15101.6
14703.3
15258.9
13739.4
13965.6
13286.1
13669.3
12966.8
13224.7
13759.9
13540.1
13211.3
12531.4
12341.3
11592.9
11360.5
11802.8
11687.1
11793.8
11781.4
11042.9
11438.3
11311
11208.6
11144.2
10812.3
10501.8
10938.9
10497.6
10163.6
10339.3
10385.1
9612.4
9911.22
10023.2
9724.68
9813.28
9695.72
9732.84
9408.69
8887.24
9163.6
9219.51
8846.15
8825.31
8834.91
8447.62
7907.02
8031.78
7755.84
7775.98
7740.28
7798.7
7571.35
7339.48
7340.32
7521.46
7412.8
7349.95
7220.33
7366.21
6845.42
7044.53
6449.42
6221.02
6098.33
5864.24
5488.75
5413.7
5447.63
5453.95
5319.99
5312.77
5469.27
5417.94
5220.96
4986.47
5252.75
5069.94
4886.39
20174.2
21228.8
19957
18834.4
19290.9
18377.8
18465.8
18690.4
17044
16987.4
17730.6
17146
17097.2
16360.2
16298.5
16197.6
15300.6
15081.2
15391.7
15589.5
16082.5
15398
15371.9
14811.7
14275.8
14422.1
14298
13991.5
13478.9
13182.4
12976.9
13591.8
13382.2
13186.6
13380.7
13317.9
13610.8
13091.9
13324.2
13087.2
13090.3
12848.3
13417.3
13068.5
12822.6
12430.3
12910.5
12078.6
12250.4
12714.5
12719.2
11868.9
11702.5
11684.1
11360.4
10973
11185.2
10766.1
10861.9
10354.8
10396.9
9866.48
9882.14
9791.33
9935.78
9856.34
9473.01
9730.88
9158.43
9317.82
9205.93
9152.25
8880.66
8897.61
8347.86
8413.43
8255.48
8480.24
8657.15
8373.31
8632.33
8086.32
8026.6
8072.28
7958.1
7868.63
7921.29
7828.4
7739.53
7776.68
7716.09
7881.02
7800.61
7757.73
7637.39
7564
7901.73
7354.71
7237.36
6972.61
6842.81
6564.22
6505.72
6196.19
6104.42
5927.77
5635.61
5376.3
5219.98
5463.41
5224.04
5247.86
5239.84
5197.65
5161.37
5293.51
5340.99
5136.83
5187.69
5171.24
5157.45
5193.95
4973.51
4946.42
4947.85
5106.31
4892.59
4807.83
4992.29
4884.16
4837.95
4567.81
4648.06
4693.86
4558.64
4510.58
4711.22
4478.81
4540.2
4447.87
4190.27
