1
1
1
0.999993
0.999999
0.999946
0.999984
0.999999
0.999993
1
0.999993
0.999992
0.999863 0.000137231
1
0.999965 3.08313e-05 3.78468e-06
0.99998
0.999994
0.9999
0.999987
1
0.999997
1
0.999956 3.98033e-05
1
1
0.999999
0.999853
0.99987 8.90542e-05
0.99997
0.99998
1
0.999457 0.000508029
1
1
1
0.999966
0.999969
0.999879
1
1
1
0.999929
0.999997
1
1
1
1
0.999632 0.000331112
0.999781 0.000176324
0.999956
0.999799 0.00017751
1
0.999915 6.70842e-06 6.84948e-05
1
0.99985
0.999996
0.999881
1
1
0.999996
1
1
0.999999
1
0.999985 1.46168e-05
0.999999
1
0.99999
1
1
0.99999
0.999799 0.000200522
1
0.999986
0.99998
0.999976
1
1
0.999997
0.999994
0.999812 0.000103928
1
0.999894 0.00010038
1
0.999998
0.999953
0.99997
0.999997
0.999998
1
0.999987
0.999998
1
1
0.999872
0.999859
0.999999
0.999995
0.999944
0.999991
0.999993
0.99996
0.999999
1
0.999969
0.999708 0.000290623
0.999962
0.999992
0.999972
0.999884 0.000115014
1
1
1
0.999965
0.999996
0.999848 3.16114e-05 0.000100431
0.999667 0.000331327
0.999992
1
1
0.999931 5.25913e-05
0.999967
0.999968
1
0.999985
0.999928 4.80945e-05 2.04145e-05
0.999972
0.999818
0.999953 4.65574e-05
1
0.999925
0.999996
0.999998
0.999948
0.999999
1
1
1
1
0.999921
1
1
1
1
1
1
0.999997
0.999999
0.999895 9.38099e-05
0.999944
1
0.999995
0.999934
1
1
0.999968
0.999998
0.999986
1
1
0.999901
0.999994
0.999814 0.000181233
1
0.999936 9.00825e-06 3.6389e-05
0.999702
0.999999
0.999993
0.999595 0.000340594
0.999993
0.999985
0.999996
1
0.999975
0.999968
0.999992
0.999999
0.999986 1.40204e-05
0.999984
0.999999
1
0.999951 4.94449e-05
0.999989
1
0.999997
1
1
1
1
0.999967
0.999988
0.999969
0.999939 5.89935e-05
0.99999
0.999993
1
0.999995
0.999929 6.3019e-05
0.999998
0.999777
0.999948
1
0.999986
1
0.999949
0.999864 0.000132793
0.999462 8.156e-05 1.85818e-05 1.86695e-05 0.000299915 5.90448e-05 3.63749e-05
0.999874 0.000108497
0.999991 4.59664e-06
0.999999
1
0.999994
0.999854 0.000125011
0.999911
1
1
1
1
1
1
1
0.999947
1
1
0.999992
0.999957
0.999988
1
0.999998
0.999999
1
1
0.999998
1
1
1
0.999989
0.999676 0.000318563
0.999804 7.27525e-05 4.43632e-06 9.7103e-05
0.999481 0.000348819
0.999747
0.999996
0.999834
0.999982
0.999997
1
1
1
1
0.999999
0.999936 1.63406e-05 4.01239e-05
0.999825 4.35198e-05 9.72304e-05
0.999975
0.999999
1
1
1
1
0.999999
0.999999
0.999994
0.999997
0.999966
0.999994
0.999961 3.46468e-05
0.999989
0.999974
0.999873
0.999628 0.000282072
0.999994
0.999995
0.999937
1
1
1
0.99988 0.000109125
1
0.999871 0.000129286
0.999996
1
1
1
1
1
1
0.999965
0.999843 2.50146e-05
0.999867
0.999989
1
1
0.999946
0.999872 0.000126236
0.99997
1
1
1
1
0.999775 0.000224403
1
1
1
1
0.999988
1
0.999952 4.78346e-05
0.999995
0.99987
0.999916
0.999982
0.999853 0.000146235
0.999999
0.999957
1
0.999998
0.999992
0.999965
0.999938
0.999728 0.000242585 2.80847e-05
0.999987
0.999999
1
1
0.999962
1
1
0.999732
1
1
1
0.999996
0.999997
0.999971 3.95467e-06 1.62621e-05 6.67883e-06
0.99994
1
0.999836 0.000151686
0.999998
0.999861
0.999997
0.99999
0.999959
1
0.999991
0.999995
0.999889 0.00011085
0.999998
0.999932
0.999999
0.999983
0.999999
1
0.999964
0.999999
0.999857 4.66397e-05 1.18699e-05 1.41392e-05
0.999769
0.999876
0.999921 7.65985e-05
0.999957
1
0.999992
1
0.999999
0.999968
1
1
1
1
0.999891 0.000108105
0.999978
0.999999
1
0.999999
0.999999
0.999921 7.728e-05
0.999998
0.999996
0.999957
0.999712
0.999999
0.999999
0.999991
1
0.999816
0.99999
0.999957
1
0.999988
1
0.999871 0.00012939
0.999936
0.999997
0.999877 0.000114848
1
0.999975
1
1
1
1
1
1
0.999996
1
1
1
0.999975
0.999911
0.999997
1
0.999954
1
0.999953
1
0.999998
0.999961
1
0.999993
0.999997
0.999949 5.11187e-05
1
1
1
0.999826 0.000137385
0.999988
0.999974 2.36224e-05
1
0.999973
1
0.999999
1
0.99997
1
1
0.999998
1
1
1
0.999999
0.999984
0.999989
0.999989
1
1
1
0.999963
1
0.999971 2.9021e-05
0.999815
1
1
1
1
0.999844 0.00014761
0.999999
0.999999
1
0.999998
0.999911
0.999979
0.999996
1
1
1
1
0.999984
1
0.99999
0.999961
1
0.999665 0.000302974
1
1
1
1
1
1
1
1
1
0.999997
0.999999
0.999994
1
0.999937
0.999948 2.6015e-05
0.999914
0.999856
0.999912 6.38476e-05 2.43018e-05
0.999834 0.000103319
0.999988
0.999999
1
0.999871 0.000121677
0.999586 0.000414331
0.999918
0.999994
0.999985
0.999983
0.999953 4.71299e-05
0.999999
0.999881
0.999992
1
1
0.999938 4.54029e-05
0.999996
0.999314 0.000678416
0.999954
0.99997 1.8822e-05
0.999997
1
0.999992
0.999925
0.999999
0.999998
0.999999
1
1
0.999951
1
1
0.999988
0.999989
0.99996
0.999987
0.999903
0.999997
0.999937
0.999984 1.57599e-05
0.999966
0.999785 0.000197725
1
0.99996
0.999872 0.000122048
0.99998
0.999997
0.999996
0.999932
0.999996
0.999914
0.999973
0.999994
0.999678 0.000170064
0.999998
0.99998
0.999947
0.999999
0.999999
0.999891
0.999993
1
0.999747 0.00023809
1
0.999993
0.999999
0.999782 0.000211659
0.999893 8.55465e-05
0.999994
0.999963 3.72004e-05
1
1
1
0.999999
0.999992
0.999964
0.999967
0.999982
0.999998
1
0.999998
0.999995
0.999868 0.000130381
0.99984
0.999989
0.999999
0.99994
0.999893
1
0.999996
1
0.999999
0.99997
1
0.999973
1
0.999936
0.999894
0.999999
0.999986 1.40465e-05
1
0.999982
0.999924
1
1
0.999996
0.999972
0.999999
0.999996 3.70884e-06
1
0.999903
1
0.999994
0.999997
1
0.999998
1
1
0.999988
0.999819 0.000176992
1
1
0.999983 1.61932e-05
0.99996
1
0.999993
0.999918 2.22882e-05
0.99997 2.53505e-05
0.999938
0.999702 0.000298197
0.999949
0.999688 0.000266241
0.999973
1
1
1
0.999998
1
0.999981
0.999994
0.999894 0.000105886
0.999868 0.000131307
1
0.999994
1
1
0.999996
0.999984
1
1
1
0.999966
1
1
0.999816 0.000178869
1
1
1
1
1
1
0.999915
0.999992
0.999785 0.000196603 1.88354e-05
0.999995
0.999994
0.999993
1
0.999996
0.99993
0.999992
0.999998
0.999969
0.999998
0.999998
1
1
0.999976
0.999891 0.000108615
0.999999
0.999999
1
0.999999
0.999999
0.999917
0.999999
0.999948
1
0.999997
0.999959
0.999991
1
1
1
1
0.999976
0.999996
1
0.99997
0.999999
0.999715 0.000206527 4.30781e-05 3.27151e-05
0.999752
0.999723 0.000106841 4.16809e-05 0.000128948
0.999905 5.64828e-05
0.999999
0.99996
0.999793
0.999939
1
0.999947 3.17403e-05
0.999986
0.999901
0.999988
1
0.999824
0.999999
0.999997
0.999851 0.000147205
0.999758 0.000158818
0.999997
1
1
0.999999
1
1
1
1
0.999942
0.999984 1.21059e-05 3.03713e-06
0.999982
0.999994
0.999974
0.999995
1
0.999993
0.999823 0.000175885
0.999781 0.000213294 5.02049e-06
1
0.999908
0.999937
0.999815
0.999862 0.000135917
0.999892
0.999949
0.999993
0.999999
1
0.999991
1
0.99997 2.96359e-05
0.999992
1
0.999995
0.999998
1
1
1
1
1
1
1
1
0.999986
0.999979
0.999924
0.999998
0.999995
0.99982
1
0.999994
1
1
0.999976 2.08909e-05
0.999957
0.999992
1
0.999999
1
1
1
1
1
1
1
0.999994
0.999987
1
0.999993
1
1
1
0.999999
1
0.999954
0.999999
0.999955
0.999999
1
1
0.99998
0.999996
0.999996
1
0.999942
0.999811 0.000189021
1
1
1
1
1
1
0.999993
0.999882 0.000117833
1
1
1
0.999977
1
0.999998
1
0.999994
0.999832 0.000167754
1
1
0.999981
1
1
1
1
0.999991
1
0.999999
0.999999
0.999998
1
1
0.999999
1
1
1
0.999975
0.999963
0.999999
0.999979
0.999998
1
0.999994
0.999998
0.999818
0.999992
0.999996
0.999988
0.99991
0.999748
0.999999
1
1
0.999935
0.99998
1
0.999998
1
0.999967
1
1
0.999999
1
0.999997
1
1
0.999932 6.57884e-05
0.999747 0.00024554
0.999968
0.999983
0.999992
0.999971
0.999999
0.999993
1
0.99999
0.999957
0.999832
0.999744 0.000206186 2.50671e-05
0.999913
0.999999
0.999964
0.999063 0.000855651
0.999966
1
0.999993
1
0.999997
1
1
0.999987
0.999881
0.999998
1
1
1
1
1
1
1
1
1
1
1
0.99987
0.999886 0.000114095
0.999982
0.999983
0.999999
0.999992
0.999998
0.999946
0.999987
1
0.999999
0.999945
1
0.999965 3.23658e-05
1
0.999991
1
0.999998
0.999996
0.999998
0.999993
0.999976
0.999891 0.000107956
0.999996
0.999954
1
0.999963
0.99996
0.999927
1
0.999999
0.999947
0.999981
0.999728 0.000271581
1
0.999999
1
1
1
0.999999
1
1
0.999996
1
1
1
1
0.999973
1
0.999991
1
1
0.999916
0.999786 0.000164825
0.999981
0.999988
0.999876 0.000113024
0.999765
0.999889
0.999799 0.000199281
0.999934
0.999845
0.999856 0.000142685
0.999981
0.999592 0.000396301
0.999998
0.99992
1
1
0.999999
1
0.999993
1
1
1
1
1
0.999815
0.999983
0.999746 0.000250662
1
0.999994
0.999862 0.000134023
1
1
1
1
1
1
0.999998
1
1
0.999998
0.999937
0.999969
1
0.999904
1
0.999965
0.999998
0.999997
0.99984 0.000107345 5.28524e-05
0.999966 2.65606e-05
1
