0.0203095
0.134509
0.21651
0.321661
0.321661
0.321661
0.112345
0.112345
0.301167
0.274557
0.11107
0.11107
0.0793615
0.0793615
0.219959
0.219959
0.169022
0.318674
0.269672
0.149039
0.149039
0.149039
0.149039
0.149039
0.149039
0.149039
0.166266
0.231833
0.237981
0.0983746
0.0983746
0.0942565
0.143414
0.0705685
0.214263
0.214263
0.214263
0.145478
0.145478
0.145478
0.145478
0.0569735
0.0569735
0.0143185
0.0143185
0.0143185
0.374605
0.374605
0.374605
0.343727
0.343727
0.343727
0.343727
0.354311
0.12103
0.12103
0.12103
0.12103
0.406027
0.0728626
0.0728626
0.0728626
0.149523
0.149523
0.149523
0.149523
0.140864
0.140864
0.140864
0.171422
0.211574
0.013448
0.013448
0.0911628
0.223142
0.157737
0.157737
0.335703
0.423535
0.423535
0.228328
0.416953
0.404892
0.291867
0.291867
0.291867
0.291867
0.291867
0.291867
0.291867
0.359473
0.250682
0.250682
0.250682
0.0932255
0.225205
0.278146
0.278146
0.0892953
0.496626
0.496626
0.496626
0.103343
0.103343
0.481113
0.481113
0.442302
0.442302
0.442302
0.301867
0.301867
0.301867
0.301867
0.32909
0.477579
0.477579
0.287397
0.287397
0.287397
0.287397
0.322948
0.322948
0.0554128
0.294529
0.294529
0.526784
0.607959
0.607959
0.607959
0.458387
0.297892
0.143099
0.236422
0.0984186
0.133376
0.0666192
0.0666192
0.0666192
0.0666192
0.0677087
0.0677087
0.0677087
0.0677087
0.0677087
0.0774699
0.0774699
0.0774699
0.261839
0.621684
0.17153
0.17153
0.300591
0.0653889
0.0653889
0.264574
0.264574
0.264574
0.322959
0.326364
0.326364
0.0695858
0.214948
0.214948
0.311665
0.311665
0.0882956
0.293274
0.293274
0.293274
0.293274
0.123279
0.123279
0.27506
0.325179
0.181846
0.181846
0.142589
0.142589
0.105818
0.105818
0.105818
0.105818
0.140373
0.140373
0.140373
0.140373
0.192131
0.192131
0.192131
0.108706
0.108706
0.135152
0.135152
0.274512
0.274512
0.274512
0.274512
0.451801
0.474578
0.474578
0.474578
0.738278
0.740908
0.751346
0.751346
0.751346
0.751346
0.667305
0.321664
0.321664
0.321664
0.321664
0.510501
0.0470721
0.0470721
0.0470721
0.0470721
0.0470721
0.0470721
0.0470721
0.0470721
0.195484
0.128937
0.122426
0.283206
0.283206
0.0863496
0.0863496
0.124284
0.124284
0.124284
0.124284
0.124284
0.13914
0.0184653
0.0184653
0.240706
0.240706
0.445787
0.398103
0.529379
0.529379
0.529379
0.379963
0.379963
0.0221827
0.0772388
0.0772388
0.0752227
0.319633
0.163039
0.28941
0.28941
0.133706
0.0755121
0.0755121
0.0755121
0.0755121
0.0755121
0.0755121
0.0755121
0.251099
0.323548
0.323548
0.390312
0.390312
0.390312
0.390312
0.390312
0.390312
0.390312
0.231442
0.231442
0.231442
0.231442
0.231442
0.231442
0.0651611
0.0651611
0.0651611
0.0651611
0.0651611
0.0651611
0.0651611
0.0651611
0.309768
0.309768
0.309768
0.309768
0.309768
0.171894
0.39028
0.39028
0.169251
0.0558873
0.0558873
0.0558873
0.0558873
0.0558873
0.0558873
0.0558873
0.0558873
0.0558873
0.0620572
0.155939
0.0899464
0.265851
0.265851
0.265851
0.265851
0.337298
0.337298
0.103441
0.103441
0.136982
0.136982
0.136982
0.220239
0.52673
0.52673
0.157787
0.157787
0.157787
0.157787
0.157787
0.157787
0.157787
0.18387
0.101223
0.101223
0.257232
0.306594
0.105684
0.105684
0.20845
0.20845
0.225439
0.239063
0.175415
0.175415
0.285347
0.285347
0.405601
0.597073
0.500263
0.304579
0.18047
0.188262
0.188262
0.188262
0.188262
0.188262
0.2829
0.2829
0.225647
0.515137
0.201457
0.0980756
0.0980756
0.0980756
0.0980756
0.242652
0.242652
0.242652
0.242652
0.119939
0.119939
0.119939
0.488776
0.488776
0.319749
0.131415
0.131415
0.340063
0.340063
0.422253
0.695042
0.565459
0.347854
0.347854
0.20326
0.20326
0.20326
0.20326
0.141899
0.110746
0.110746
0.110746
0.186599
0.2537
0.2537
0.127622
0.473029
0.151621
0.0363872
0.0363872
0.0777318
0.0777318
0.0777318
0.0777318
0.0777318
0.0777318
0.0777318
0.0777318
0.286619
0.286619
0.117645
0.117645
0.117645
0.136109
0.0859151
0.0859151
0.0677951
0.169424
0.169424
0.0506316
0.0506316
0.07188
0.0482768
0.0482768
0.0482768
0.0941918
0.0941918
0.0941918
0.0941918
0.0941918
0.158075
0.251838
0.251838
0.251838
0.251838
0.251838
0.0419315
0.0419315
0.0419315
0.0419315
0.231727
0.231727
0.17373
0.17373
0.060078
0.060078
0.060078
0.096032
0.096032
0.096032
0.096032
0.096032
0.0874792
0.0874792
0.296423
0.312782
0.248926
0.179105
0.265111
0.290634
0.290634
0.290634
0.0846019
0.0846019
0.0846019
0.0846019
0.134211
0.134211
0.163207
0.163207
0.164089
0.164089
0.164089
0.0497292
0.0497292
0.0497292
0.0497292
0.0497292
0.0497292
0.0497292
0.0771192
0.210499
0.210499
0.181901
0.181901
0.181901
0.0925174
0.427512
0.427512
0.229941
0.229941
0.150928
0.150928
0.25377
0.225215
0.225215
0.314532
0.314532
0.108682
0.325006
0.325006
0.187115
0.187115
0.187115
0.0607413
0.19304
0.217453
0.335455
0.335455
0.335455
0.335455
0.322715
0.322715
0.322715
0.322715
0.351843
0.216377
0.216377
0.216377
0.176602
0.176602
0.176602
0.127516
0.287139
0.397012
0.464075
0.464075
0.359056
0.405109
0.405109
0.235809
0.235809
0.436689
0.436689
0.344394
0.344394
0.233095
0.233095
0.233095
0.309221
0.309221
0.309221
0.309221
0.309221
0.309221
0.309221
0.309221
0.17136
0.17136
0.306891
0.331612
0.214188
0.214188
0.218429
0.218429
0.218429
0.218429
0.491915
0.358414
0.358414
0.358414
0.0573498
0.0573498
0.0573498
0.180225
0.180225
0.15898
0.249198
0.249198
0.142708
0.142708
0.154543
0.246282
0.246282
0.251463
0.251463
0.251463
0.1702
0.156633
0.0895953
0.0895953
0.0895953
0.121691
0.121691
0.121691
0.121691
0.142184
0.142184
0.142184
0.142184
0.106092
0.106092
0.253273
0.351129
0.180257
0.180257
0.180257
0.180257
0.180257
0.180257
0.152489
0.152489
0.0906751
0.147178
0.147178
0.128015
0.128015
0.147939
0.147939
0.147939
0.147939
0.147939
0.147939
0.147939
0.132154
0.132154
0.132154
0.308665
0.308665
0.308665
0.308665
0.234574
0.234574
0.234574
0.234574
0.0985588
0.0985588
0.0985588
0.11088
0.11088
0.11088
0.11088
0.152137
0.267609
0.267609
0.0428615
0.0428615
0.0428615
0.24414
0.045555
0.045555
0.045555
0.045555
0.0375148
0.0375148
0.0375148
0.0375148
0.0375148
0.0487098
0.0487098
0.0487098
0.0487098
0.084535
0.274758
0.274758
0.292885
0.292885
0.371455
0.0420335
0.0420335
0.41981
0.41981
0.196815
0.0781243
0.165817
0.165817
0.165817
0.165817
0.165817
0.165817
0.165817
0.114574
0.114574
0.10857
0.236189
0.236189
0.236189
0.186965
0.186965
0.186965
0.186965
0.171596
0.18247
0.18247
0.0855501
0.0855501
0.265031
0.298281
0.298281
0.298281
0.298281
0.328454
0.341033
0.341033
0.252001
0.298254
0.298254
0.408096
0.408096
0.383625
0.338012
0.384437
0.384437
0.384437
0.414346
0.241075
0.241075
0.241075
0.296892
0.291699
0.201628
0.201628
0.165555
0.165555
0.165555
0.165555
0.20624
0.20624
0.20624
0.277901
0.277901
0.111361
0.111361
0.16433
0.16433
0.326893
0.443656
0.0814178
0.0814178
0.19699
0.566257
0.566257
0.566257
0.566257
0.373665
0.373665
0.197343
0.127958
0.127958
0.184322
0.184322
0.173489
0.173489
0.173489
0.423727
0.0627015
0.0627015
0.0627015
0.0627015
0.0627015
0.0627015
0.0627015
0.0627015
0.0627015
0.470384
0.470384
0.353761
0.212489
0.212489
0.0292288
0.0292288
0.246529
0.246529
0.246529
0.246529
0.558777
0.142467
0.142467
0.142467
0.142467
0.144622
0.0397507
0.0956325
0.0956325
0.0956325
0.0956325
0.0956325
0.342832
0.0653239
0.0653239
0.0254745
0.0254745
0.134299
0.134299
0.134299
0.134299
0.134299
0.134299
0.134299
0.134299
0.134299
0.127101
0.127101
0.127101
0.127101
0.127101
0.127101
0.127101
0.0344527
0.0344527
0.0344527
0.0344527
0.0344527
0.0730474
0.0730474
0.150379
0.150379
0.150379
0.13734
0.13734
0.337909
0.337909
0.337909
0.0575448
0.171178
0.171178
0.0876351
0.0876351
0.0876351
0.0876351
0.0876351
0.0876351
0.0752918
0.0752918
0.0752918
0.0752918
0.139654
0.139654
0.139654
0.0893415
0.0893415
0.194293
0.194293
0.118574
0.118574
0.323112
0.169842
0.15081
0.15081
0.292284
0.292284
0.292284
0.292284
0.292284
0.349948
0.453616
0.25066
0.25066
0.129905
0.143778
0.0850024
0.0850024
0.15382
0.15382
0.15382
0.15382
0.15382
0.15382
0.141812
0.135606
0.135606
0.0929076
0.311708
0.344917
0.0849967
0.121772
0.121772
0.121772
0.097376
0.498854
0.498854
0.480902
0.480902
0.480902
0.291574
0.291574
0.291574
0.431648
0.521618
0.190385
0.190385
0.190385
0.158015
0.158015
0.224865
0.224865
0.224865
0.220077
0.0211863
0.0211863
0.0211863
0.0211863
0.0211863
0.0211863
0.0211863
0.0211863
0.0211863
0.0211863
0.0211863
0.0211863
0.467842
0.269907
0.269907
0.269907
0.385602
0.385602
0.198847
0.347302
0.294265
0.193216
0.311521
0.16867
0.16867
0.16867
0.16867
0.16867
0.16867
0.16867
0.256166
0.256166
0.315184
0.299184
0.299184
0.299184
0.456593
0.456593
0.434795
0.617744
0.436035
0.346429
0.390861
0.390861
0.390861
0.0528268
0.0528268
0.105239
0.105239
0.105239
0.0654313
0.0654313
0.0654313
0.0654313
0.0654313
0.125625
0.125625
0.125625
0.125625
0.125625
0.125625
0.125625
0.125625
0.125625
0.125625
0.390818
0.390818
0.390818
0.390818
0.390818
0.0995473
0.290637
0.290637
0.290637
0.557949
0.492864
0.457323
0.457323
0.105163
0.105163
0.105163
0.105163
0.105163
0.105163
0.122682
0.122682
0.122682
0.122682
0.122682
0.381344
0.199757
0.199757
0.199757
0.200728
0.152859
0.0769005
0.0747562
0.110481
0.110481
0.237344
0.237344
0.154822
0.154822
0.154822
0.154822
0.154822
0.269634
0.269634
0.18764
0.18764
0.0377023
0.0377023
0.264742
0.273299
0.255785
0.177564
