135.892
135.892
134.027
135.462
135.462
135.965
136
134.783
135.261
135.261
135.826
136.249
135.191 -2.8168
135.067
135.067 1.96703 -3.95081
135.699
135.699
135.457
134.879
135.799
135.356
135.587
135.587 4.27161
135.228
135.73
135.73
135.238
136.024 -0.907797
136.024
135.707
134.881
135.062 -4.0308
135.062
135.7
135.811
136.995
136.128
136.128
134.873
135.476
135.144
135.144
136.052
136.052
136.052
135.17
135.391
135.81 1.86947
135.81 -1.03931
136.009
136.009 -0.815648
136.009
136.009 2.49731 -3.38796
136.009
136.009
136.009
134.656
134.656
134.915
134.915
134.915
134.915
134.915
134.915
134.915 5.56485
135.529
135.529
135.529
135.529
135.529
135.529
135.206 -0.183433
134.884
134.884
134.884
134.884
136.113
134.511
134.511
134.821
134.821 2.36687
134.946
134.552 -1.92894
134.552
135.271
135.636
135.636
135.636
135.636
135.636
135.387
135.218
135.62
136.323
136.323
136.323
136.323
134.966
134.739
134.537
135.526
135.166
135.166
135.166
134.956
134.956 0.329871
134.956
134.956
134.956
134.956 -1.59628
134.956
134.956
134.956
134.956
134.956
136.433 -1.63202 -1.2173
136.433 0.737918
136.114
136.114
136.277
135.365 4.12832
135.365
135.365
135.716
135.716
135.716 0.193105 1.83433
135.716
135.716
135.716 0.882707
134.708
135.131
135.442
135.442
135.442
135.178
135.178
135.178
135.178
135.042
135.042
135.042
136.528
136.528
136.313
136.296
136.189
136.189
136.189
136.287 0.0606195
136.287
136.287
136.287
136.287
136.287
136.287
135.342
135.342
135.821
134.906
134.906
135.004
135.004
135.726 3.02119
135.726
135.726 0.447743 -1.84859
135.074
135.074
135.218
135.218 2.40598
135.218
135.218
134.986
135.353
135.353
134.877
134.768
134.768
135.048 4.82401
135.048
135.778
135.778
135.476 3.62748
135.476
135.476
135.366
135.366
134.598
135.014
135.608
134.916
134.916
136.14
134.576 4.66497
134.576
134.148
134.148
134.148
136.112 -1.25999
136.112
134.764
134.764
135.667
136.592
136.592
136.592
136.592 2.43822
136.605 -5.99235 9.85959 1.16104 3.07982 -3.13987 0.121469
135.611 0.596917
135.3 0.601749
134
134.684
134.684
134.745 -3.6185
134.745
135.209
135.209
135.209
134.691
134.691
134.691
134.691
136.105
136.105
136.105
136.105
136.105
136.105
135.981
135.981
134.91
134.91
134.91
134.91
135.386
135.323
135.323
134.451
134.451 -1.13786
-1.00397 134.845 -0.649001 -0.0672338
0.659183 -2.66668
0.659183
1.28253
2.02923
2.02923
2.37295
3.92541
3.92541
3.92541
7.14386
7.14386
7.60119 2.9165 5.26917
7.60119 0.16862 1.9439
7.60119
9.3519
9.5769
9.87173
12.0886
12.0886
12.5519
12.5519
14.0751
14.0751
14.0751
15.6877
15.6877 2.76974
17.0201
19.8578
19.8578
22.108 0.134092
22.2305
22.2305
23.5053
23.5053
25.428
25.428
28.9604 -3.76189
29.5234
31.596 -1.91421
32.1852
32.1852
32.9715
32.9715
32.9715
32.9715
34.2909
34.2909
34.2909 1.92215
34.2909
34.2909
34.2909
34.2909
34.2909
35.4671 0.665753
36.9836
36.9836
37.61
37.61
37.6973
37.9876 2.23751
38.5898
38.5898
38.5898
39.4568
39.4826
39.4826
40.0943 5.39722
41.7446
41.7446
43.0098
44.1447
46.8069 1.36418
46.8069
49.0835
49.0835
50.3281
50.3281
50.3281
50.3281
51.1849 -3.02022 -4.51573
51.1849
52.5779
52.5779
52.5779
53.6718
53.6718
55.1705
55.5748
55.5748
55.5748
55.6745
58.2851
58.2851
58.2851 -2.81591 4.58862 -2.47508
61.3269
63.5793
63.5793 -2.80915
63.8282
64.996
66.2166
67.142
67.142
67.142
67.142
70.0447
71.7004 5.35894
73.0113
73.0113
73.0113
73.3259
73.3259
73.3259
73.4001
73.683
73.9749 1.86578 1.49287 -0.168622
73.9749
73.9749
73.9749 -0.661161
77.0318
77.0318
77.8355
81.8855
81.8855
81.8855
81.8855
83.826
83.826
85.8631
85.8631 5.93964
85.8631
85.8631
86.5564
89.2073
89.3117
89.664 -2.41839
91.329
91.329
91.329
93.0372
94.2302
95.1847
95.1847
97.2644
100.293
101.217
101.217
101.217
101.217
103.339
103.743 0.769452
103.743
103.743
103.743 -3.2911
104.451
104.614
107.376
107.376
107.376
107.376
107.376
109.461
110.055
111.329
112.311
112.311
114.982
114.982
114.982
114.982
115.22
115.22
115.22
118.378
118.378
121.097
121.665
122.61
122.61
122.61 3.20457
122.61
122.61
127.71
128.137 -4.73819
135.292
135.292 -4.85717
135.292
135.763
136.453
136.453
135.563
135.563
135.563
133.918
133.918
133.918
134.289
133.848
134.85
136.221
136.221
136.221
136.221
136.221
135.377
135.377
135.377
135.377 -0.223265
135.377
134.866
134.866
136.102
135.848
135.848 0.553237
135.848
135.848
135.387
135.07
135.07
135.07
135.07
135.07
135.07
134.699
134.699
135.473
135.473
135.588
135.588
135.687
135.687 -0.587891
135.687
135.687
135.096
134.819
134.819
134.819
135.95
135.912
135.912
135.107
135.107
135.107
135.107
135.063
135.063 -0.134635
135.129
135.129
135.129 -0.720257 -5.34311
135.015 -6.40561
135.156
134.604
135.612
135.612 2.03304
135.612 -2.45959
135.612
135.612
135.612
135.612
135.612 7.38901
135.013
135.013
135.013
134.855
134.855
134.855 -0.980609
134.104
133.908 -0.976318
134.934
134.934 0.576791
137.298
137.298
135.307
135.307
135.307
135.307
135.043
135.043
135.029
135.029
135.029
135.017
134.676
136.107
135.541
135.541
134.398
134.73
134.623
134.623 -1.06341
134.623
134.623 -2.62088
136.289
136.471
136.471 -2.15934
137.131
137.131
137.131
134.22
135.056
135.056
135.056
135.847
135.847 0.707678
134.465
134.465
134.465
134.465
134.465
134.465
134.79
134.79
134.79 3.03743
134.79
134.79
134.79
134.79 1.27838
136.13 -2.56748
136.49
136.49 -0.158665
136.49
136.49
135.954
135.954
135.954
135.486
135.051
135.051
135.051
135.051
135.051
136.085
136.085 5.94442
136.219
136.219
135.565
135.565
135.565
135.205
134.974
135.103
135.103
135.77
135.093
135.174
136.671
135.147
134.546
134.546
134.546 2.02827
134.546
134.546
135.724
135.724
135.724
135.154
135.154
136.021
136.021 -5.6573
136.021
136.021
136.021
136.021
136.021
135.566
135.127
134.402
134.834
134.834
134.834 0.728014
134.327
134.327
134.327 -3.04603
134.345
134.3
134.3
134.3 -0.97817
134.548 -0.39313
137.149
137.149 -2.43624
137.149
137.149 3.12144
135.58
135.58
134.72
135.142
134.83
134.75
135.046
135.046
135.046 -2.51063
135.046 2.53806
135.046
135.627
134.865
134.865
135.511
135.511
135.511
135.511
135.511
134.962
134.962
134.962
134.962 -1.2203
134.962
134.962
134.962
135.066
135.066
134.953
135.013
135.375
135.375 -0.626447 -1.28508
135.647
135.647
135.196
135.196
135.196
135.349
135.349
135.463
135.594
135.594
135.594
135.594
136.296
136.296
136.296 3.84036
136.296
135.355
135.334
135.334
135.334
135.92
135.92
137.224
136.289
136.289
135.485
136.03
136.03
136.03
136.03
136.03
136.03
135.628
135.628
135.628
136.147
136.147 0.748103 -2.19135 4.20581
135.629
135.015 1.27631 -6.3736 2.09731
135.015 0.75102
135.035
135.035
135.035
136.255
136.255
136.255 -1.44394
136.255
135.973
135.973
136.145
136.051
136.078
136.078
135.006 -0.542633
135.006 -3.236
135.006
135.006
136.138
136.138
136.138
136.138
136.138
136.138
136.788
136.788 -1.37694 -2.2125
136.788
135.554
135.554
135.554
135.554
135.578
135.578 -1.33367
-1.33367 137.364 -7.46044
-0.553367
0.358731
0.808548
0.808548
0.808548 -6.2498
0.808548
0.808548
0.808548
0.808548
2.73629
2.73629
3.5499
5.37476 0.747831
5.37476
5.37476
5.37476
5.69348
7.26438
7.26438
7.26438
7.54299
7.54299
7.54299
7.54299
8.54866
10.4066
10.747
10.747
10.747
11.2924
12.2852
13.3565
13.4546
13.4546
15.2412
15.2412 3.44565
15.2412
15.2412
15.2412
15.2412
15.2412
15.2412
15.2412
15.2412
15.2412
16.1491
16.1491
16.6711
18.4094
19.6216
20.7
20.857
22.5829
23.0667
23.0667
23.0667
23.0667
27.157
27.157
28.7947
28.7947
28.9627
28.9627
28.9627
28.9627
31.4675
34.2937
34.2937 2.20629
36.9521
36.9279
36.9279
36.9279
37.6191
37.739
40.3486
40.3486 -0.673479
40.3486
40.3486
42.1397
42.1397
42.1397
42.1397
44.2284
45.4576
45.4576 1.18935
45.6601
48.3997
48.3997
48.3997
48.3997
48.3997
48.3997
49.3195
51.413
51.413
51.413
51.4066
54.6344
54.6344
54.6344
56.125
58.8531
59.2458
59.2163
60.0529
60.6021
61.4737
61.4737
61.4737
61.4737
63.3284
63.3284
63.3284
63.3284
63.8455
66.5852
66.5852
69.5958
70.6682
74.3435
74.3435
76.8731
76.8731
77.9448
77.9448
79.1186
79.1186
79.1186
79.1186
80.5673
80.5673
80.5673
81.2263
83.2608 0.275095
0.275095 81.4087
0.275095
1.44067
6.28336
6.28336
6.28336
6.28336
8.90614
10.9235
10.9235
11.7987
11.7987 -0.725742 -3.23836
15.8091
16.7919
17.1772
18.3977 3.20851
18.3977
19.6957
20.5967
20.5967
20.5967
20.5967
20.9101
22.3968
24.8558
24.8558
26.4443
26.4443
28.1343
28.5383
29.625
29.625
29.625
29.625
29.625
29.625
29.625
30.9038
30.9038 -1.53535
30.9038
31.2625
31.2625
31.2625
31.9978
32.3396
32.4555
33.4609
33.4609
33.4609
34.3953
34.3953 0.0257047
37.5939
37.9388
37.9388
39.4633
41.1141
41.5776
41.8861
43.388
44.6071 2.62298
44.6071
46.3779
47.5009
47.5009
48.6667
48.6667
48.6667
48.7102
50.852
50.852
50.8896 -0.786365
53.056
53.056
53.056
55.7104
55.7104
55.7104
55.7104
55.7104
55.7104
55.7104
55.7104
58.5039
58.6363
58.907
60.1007
60.1007
60.1007
60.9227
60.9227
60.9227 0.304425
60.9227
60.9196
60.9196 1.46928
60.9196
60.9196
60.9196 7.3531
63.5275
63.5275
66.2659 -2.48652
66.2659
68.4277 2.92693
69.4574
69.4574
71.9261
73.5712
76.9258
78.6383
78.6383
78.8543
78.8543
79.683
80.4669
80.4669
80.4669
80.4669
80.4669 -1.65505
80.7973
80.7973
80.7973 -0.906288
80.7973
80.7973
81.8123
81.8123
81.8123
81.8123
83.4434
83.4434
83.4434
83.4434
83.999
84.6315
86.2814
86.2814
86.5659
86.6898
86.7456
86.8527
86.8527 -2.19426 5.10123
87.078 2.50759
89.3403
