0.423576 0.239644
0.426341 0.287286
0.428571 0.334113
0.428837 0.334113
0.431818 0.402051
0.431111 0.379768
0.433913 0.445571
0.436596 0.510365
0.435 0.467819
0.435102 0.467819
0.4368 0.509132
0.43451 0.448041
0.430769 0.347641
0.430189 0.327835
0.434074 0.425534
0.434182 0.425534
0.436429 0.482631
0.435789 0.463841
0.433793 0.408178
0.433898 0.408178
0.435333 0.444385
0.437377 0.498048
0.436774 0.480371
0.43746 0.497844
0.436875 0.48057
0.434462 0.412247
0.433333 0.378463
0.433433 0.378463
0.434706 0.411521
0.435942 0.444228
0.434857 0.411862
0.435493 0.427878
0.432222 0.332755
0.430685 0.28567
0.432432 0.33229
0.4336 0.363066
0.431579 0.302106
0.433247 0.347391
0.431282 0.287577
0.43038 0.257948
0.432 0.301985
