0.425574 0.400354
0.427317 0.447996
0.428571 0.47141
0.426977 0.425365
0.427273 0.425365
0.426667 0.403081
0.423478 0.315343
0.421277 0.250549
0.425833 0.356915
0.426939 0.377875
0.4296 0.439844
0.429804 0.439844
0.43 0.439844
0.430189 0.439844
0.43037 0.439844
0.429091 0.40128
0.432143 0.477409
0.431579 0.458619
0.429655 0.402956
0.431186 0.439608
0.431333 0.439608
0.432131 0.457495
0.432258 0.457495
0.432381 0.457495
0.43125 0.422947
0.430769 0.405866
0.431515 0.422758
0.432239 0.439466
0.433529 0.472523
0.432464 0.439816
0.432571 0.439816
0.433239 0.455832
0.434444 0.48754
0.431233 0.393369
0.432432 0.424449
0.431467 0.393672
0.432632 0.424153
0.434286 0.469438
0.435385 0.499345
0.435443 0.499345
0.433 0.42595
