156.637
156.637
155.896 2.9315
154.956
154.956
154.956 -1.62832
155.505
155.505
155.455
155.455
155.455
155.455
155.455
156.579
156.579 -2.26791
156.579
156.579
156.016
156.016
156.016
156.197
156.197
156.197
156.197
156.225
156.225
156.734
156.175
156.175
156.175
156.175
156.175
156.175
156.175
156.025 -1.81632
156.025
156.025
156.025
156.025 -0.397171
156.025
155.629
155.629 -1.26718
155.629
155.629
155.629
156.765
156.765
156.237
156.237
155.658
155.658
155.658
156.073
154.603 -3.2801
154.603
154.603
155.351
155.351
155.351
155.351
154.733
154.733
154.648
155.883
155.738
155.738
154.414 2.76705 -0.115322
157.596
157.596
157.006
155.821
155.821
155.821
155.821
155.356
155.017
155.673
155.673
156.499 2.41343
156.511
156.203
156.203
156.203
156.203
156.203
155.504 2.4672
155.464
155.464 1.33301
156.044 2.13229 -3.65724
156.044
157.281
156.502
154.471 -0.613112 -0.468442
154.471 -7.76571
155.187
155.287
156.555
156.555 2.35371
156.555
156.555
155.234
156.103
155.441
155.441
155.441
154.968 1.01789 -4.09316 -4.04653
154.968
156.617
156.617 1.59296
156.617 2.01981
156.617
155.772
155.205
155.205
155.205
155.205
155.205
156.355
156.355 1.43577
156.355 -1.53889
154.977
154.977 1.07834
155.299
155.299
155.299 1.50462
156.664
155.277
155.277
155.277
155.277
155.277 2.12952
153.861
154.119
154.119
156.952 -7.98192
156.027
156.027
156.027
156.027
156.208
156.208
155.037
155.037
156.83
156.83
157.212 1.4641
157.369
156.025
156.025 2.69506
154.281
155.108
155.108
155.497
154.402
155.215
155.215 -0.572806
155.215
155.215
155.215
155.215
155.457
155.457
155.457
155.457
155.457
155.457
155.457
155.457
155.457
155.457
155.457
155.457
155.457
155.457
155.457
156.453
156.453
156.123
156.275
155.616
155.616
155.616
155.616
154.817
157.023
157.023
157.023
157.023
157.023 -4.15685
157.023
157.023
156.634 0.663244 2.1334 1.87058
154.49
154.49 -0.388956
155.458
155.458
155.458
154.77 -3.5862
154.77 -3.60676
154.77
154.966
154.966
154.966 -1.18226
154.966
155.412
154.857
154.857
155.313
156.869
156.869
156.869
156.869
156.869
156.869
156.869 -1.16533
156.869
155.814 2.62395 -0.00480672
156.642 2.22049
156.642 -0.455006
156.642 1.56178
155.647 1.38623 -1.46042 -2.85804
155.647 -4.98903 -3.20436 5.5424
156.919
156.605 -0.339748 -0.924972 0.226783
156.605
155.311
155.683 1.1294
155.683
155.246
155.446
155.446
155.446
155.446
155.446
155.446
155.446
155.446
155.446
155.446
155.446
155.446 2.82321 3.94225 0.742124
155.446
156.262
156.262
156.262
155.777 -1.11326 0.651383
155.777
155.777
155.777
155.777
155.777 -2.14746 -0.99968 -2.72728 -1.55669
155.777 -0.157763
155.546
156.257
156.257
155.626 -4.21221 -1.91866
156.762
156.683
156.242
156.242 2.14508
156.242 -1.17263 -1.73541 -0.170234 0.90383 3.24313
156.242 -2.51334
156.242
156.478
156.478
156.064
154.793 -2.13885
154.877
156.266
156.266
156.266
156.486 -3.2034
156.451
156.223
154.993
154.544 -2.18424
154.486
156.477
156.477
156.586
156.639
156.608
156.608
156.608
156.609
155.764
155.764
155.764
155.762 -2.34444
155.864
155.864
155.864
155.864
155.864
155.084
155.084
156.776
156.239
157.326
157.326
157.326
155.814 -1.24036 4.62392 1.46148 -5.24153
155.651
155.651
155.651 -0.780751 3.82902 1.04717 0.357826 3.80243
155.839
155.839
155.129
155.129
155.129
155.537
155.537
156.487
156.487
156.487
156.691
156.691
156.691
156.691
156.691
155.978
155.978
154.693
154.693
155.87
155.87
155.87 5.54876 -2.13199
156.861 -2.55232
156.524
156.524
156.524
155.645
155.366
155.366
155.366
155.366
155.366
156.974
155.38
156.301
156.301
156.301
156.301
155.621
155.621
154.391
154.391
154.391 0.226393
153.062 -1.24614
155.153
154.787
155.547
155.547
156.078
156.078
156.078
156.078
155.809
155.809
155.809
155.809
157.78
157.78
156.878
157.151
154.398
154.398
154.398
154.398
154.398
155.303
155.303
155.303
155.303
155.943
155.943
155.958
155.958 -0.44059 -4.37425
155.958
155.958
155.958
155.958
155.958
155.958
154.484
154.484
154.529
154.529
154.529
156.452
155.738
155.738
155.738
155.738 -8.18607
156.198
155.89
155.89
155.984
155.984
155.637
155.637
155.637
155.637 0.0955648
155.396
155.396
155.396
155.396
156.251
156.251
156.251
156.251
156.251
155.404
155.404
155.404
155.739 2.40238
155.739
155.739
155.739
155.739
155.739
155.497
155.923
155.377
155.377
155.377
155.377
155.752
154.524 -6.58041
156.938
156.041
154.658
154.658 -1.69755
155.177
155.177
155.177
155.754
155.754
156.119
156.187
156.187
155.488
156.104
156.104
156.574
156.574
156.574 0.549671
156.138 -1.17878
156.011
156.011
156.011
156.011
156.011
156.633
155.453
155.243
154.21
156.295
156.295
156.295
155.302
154.664
154.664
155.83
155.628 0.603654
156.52
156.52
155.54
155.54
155.54
155.54
156.12
154.416
157.25
154.318
154.318
154.765
154.418
154.418
157.072
155.956
154.497
154.497
157.53
157.53
157.054
157.054
157.054
156.694
155.664
155.664
155.664
156.057 -0.908349 -3.21898
155.349
156.264
156.264
156.264
156.264
156.264
156.252
155.955 -2.01129
155.955
155.955
156.659
156.712
156.712
155.505
156.122
156.122
156.122
156.122
156.122
155.921
155.921
155.272
154.552
155.857
155.857
155.857
155.857
155.857 -0.511109
155.857
155.857
155.857
155.857
155.937
155.43
155.43
154.754
154.754
154.754
154.754
154.754
154.754
154.754
154.754
154.754
154.754
154.754
156.009 3.15205
156.009
156.009 2.87278
156.009
156.009
156.009
156.009 -7.04614 -2.03355
156.118
156.118
155.313 -0.0881068
155.016
153.722
155.507
155.507
155.507
155.507
155.507 2.64231 -1.56917 0.248805
155.507
156.65
156.65
156.65
156.65 3.56519
156.538
155.73
155.73 2.04359
155.73
155.73
155.73 3.23347 5.49403
155.329
155.329 -0.660928
155.329
155.329
156.081 2.98482
156.081
156.081
156.593
156.593
156.499
156.499
156.499 -8.10735 1.43707 2.26204 -5.06365
156.499 -1.04576
155.013
155.013
155.013
155.013
155.125
156.136
156.307
156.148
156.953
157.156
155.472
154.784
156.618
158.12
156.443
156.443
155.488
155.488
155.253
155.372
155.372
156.458
155.153
155.06
155.06
155.06
157.011
157.011
156.657
156.508
156.508
156.508
154.604
154.604
155.248
155.248 -1.90762
156.894
156.894
156.894 -6.62642
156.168
157.213
155.263
155.263
156.67
156.67
156.683
156.683
156.718
156.718
156.718
156.718
155.821
155.821
155.821
155.821 -1.84629
155.821
154.932
154.932
154.932
154.932
154.94
154.94
156.12
156.139
156.139
156.139 -2.88327
156.139
157.222
157.06
157.06
156.076
156.076
156.076
156.076
156.278 1.0716 -0.47649 -0.650375 -4.35097
156.278
156.278
157.072 -1.75419
157.072
157.279
157.279
157.279
157.279
157.279
154.904
155.777
155.777
155.777
155.777
156.867
156.867
156.867
156.735
155.113
155.719
155.24
155.24
155.24 -2.96333 -0.713303 0.0117272 3.99925
155.24
156.538
155.528
155.528
155.823
155.288
155.288
155.288
155.288
155.288
155.288
155.288
156.483
156.483
156.483
156.483
156.483
156.062
156.062
155.826
154.892
154.892
154.892
156.009
155.714
155.714
155.714
155.714
155.397
155.397
155.397
156.902
156.902
154.783
156.409
156.409 0.301153
156.409
154.302 5.45036
154.302
154.302
156.757 -0.850111 -1.12704 -1.98401 -3.01322
155.376
156.027 -2.28638
156.027
154.967
154.967
156.443
155.656
155.656
155.656
155.656
155.656 -4.62969
155.656
156.427
156.427 -4.63274 1.80956
156.427
156.427
156.427 -2.94622
156.333
156.074
156.074
155.161 6.85095
154.722
154.722
154.722 -1.71166 1.48105 -4.13195 4.60285
154.722
155.447
155.447
155.447
156.274
154.025
154.025
154.462 -0.944735 -1.9635
154.462
154.462
155.194 4.48993
155.194
156.728 2.92584
157.129
156.909
155.866
155.866
156.089
156.089
155.335 -3.48666 4.21016
155.335 -2.06481 -3.3811 2.51394
155.335
155.335
155.753
155.847
156.514
156.514
156.514
156.176 -1.64784 -5.05995 -0.870332
154.959
155.886 0.342678 1.65193
157.728
157.728
157.728
156.057 5.64154
156.102 -5.01905 0.643148
156.238 -0.415201 -0.391381 1.33578 -0.390308
156.238 0.707996 4.6798 -3.42251
156.124
155.826
157.08 -2.7851 -3.68906
156.906 2.00674 -1.17209 0.412721 -4.76338 -2.28423 2.08712 -1.8155 1.47401 -1.567 0.671561
157.332 4.27987 -5.03966
157.332 4.87152
153.825
153.825
153.825
153.825
154.637
156.094
155.607
155.607 -0.326619
156.198
154.471
155.911
155.911
155.911
155.911
155.459
155.459
154.884
154.884
154.884
154.884
155.816
155.816
155.816
155.124
155.124 -1.72164 2.09105
156.537
155.84 5.52695
155.84 -5.68884
155.84
155.84
155.583
155.583
155.583
155.239
155.239
155.833
156.292
156.416
156.416
154.605
154.605
154.605
154.605
156.685
156.685
157.155
157.155
157.155
157.155
157.155
156.311
156.195 -0.396783
156.195
156.195
157.154
157.154
156.688
156.688 7.46465 2.20985 -0.0455442 2.03243
156.688
156.688 -0.109703 6.36284 0.122075
156.273
155.907
155.907
155.907
155.907
155.907
155.907
155.343
155.343
155.343
155.343
155.343
155.343
155.343 -4.41919 -0.986966 0.280971
155.343
155.096
155.096
156.062
156.302
155.326
154.882
154.882
157.041
157.368
157.368
155.566 1.37044
156.201
156.201
156.201 -5.56167
156.201
156.179
155.251
155.251
155.7
156.118
156.118 -1.32541 -2.25011
156.118
156.118
156.118
156.118
155.601
155.601
155.601
155.601 4.26502
155.601 -0.216911
155.257
155.257 3.39056 0.283388
155.257 -1.58097
155.257
156.037
156.037
156.037
156.037
156.037
154.271 0.812756 -0.795678
154.271
154.271
154.271 -1.39059 -0.0720921
154.271
154.271
156.307
155.675
155.61
155.61
155.61
155.61
155.61
155.61
156.784
156.368 -4.65109 -1.47938
156.368
156.368 1.39092
156.368
156.368 2.24773
156.368
156.368
156.368
156.368
156.368
156.368
155.239
155.239
155.239
155.239
155.239
155.691
155.691
156.656
156.656
156.656 -0.222068
155.958
155.302
155.302 0.870684
155.302 6.57336
155.302
155.302 -0.0024793
155.302
155.474
155.474
155.271
155.271
155.271
155.271
155.271
155.271
155.692
156.2
156.58
156.58
155.525
155.525
156.245
155.063
156.215
156.215 2.14161
156.215
156.215 0.904035 0.0926738
157.407
157.407 -6.50624 -1.10808 3.87115
157.407
156.619
156.619 -5.14111
156.619
156.619 1.65339 -1.27739 1.86651
156.126
156.126
156.126
156.001
156.001
156.001
156.001 -1.21606
156.001
155.12
154.571
154.571
156.038
156.038
156.038
156.038
156.152
156.152
156.152
156.152 -4.88811
156.152 -2.42894
156.152
156.42
156.42
156.42
155.247
156.566
156.566
156.716
156.716
