0.0919478
0.0919478
0.809639
1.20874
0.55596
0.55596
0.613394
0.613394
0.164943
0.081926
0.081926
0.261317
0.261317
0.287137
0.287137
0.287137
0.0774821
0.0774821
0.0774821
0.0774821
0.0366134
0.158783
0.158783
0.158783
0.300997
0.163113
0.163113
0.237747
0.156156
0.251268
0.251268
0.0850749
0.0524613
0.226922
0.226922
0.226922
0.226922
0.261305
0.386206
0.386206
0.386206
0.386206
0.127602
0.0620944
0.0620944
0.0620944
0.0620944
0.0620944
0.173711
0.173711
0.173711
0.173711
0.503123
0.503123
0.503123
0.503123
0.503123
0.643238
0.154051
0.177193
0.458056
0.458056
0.458056
0.458056
0.458056
0.51593
0.51593
0.390616
0.390616
0.390616
0.390616
0.176357
0.176357
0.176357
0.13801
0.126796
0.126796
0.126796
0.212681
0.212681
0.212681
0.0750414
0.0750414
0.0750414
0.0750414
0.280488
0.280488
0.831451
0.831451
0.831451
0.831451
0.831451
0.786585
0.786585
0.740631
0.419814
0.125604
0.102937
0.102937
0.242873
0.199551
0.199551
0.199551
0.199551
0.199551
0.641874
0.641874
0.455636
0.455636
0.709123
0.288503
0.288503
0.288503
0.288503
0.284004
0.284004
0.284004
0.284004
0.454537
0.454537
0.463558
0.463558
0.175813
0.175813
0.117554
0.139999
0.235069
0.235069
0.225256
0.199925
0.199925
0.199925
0.199925
0.199925
0.1633
0.1633
0.178741
0.178741
0.178741
0.178741
0.178741
0.178741
0.181597
0.181597
0.181597
0.181597
0.181597
0.181597
0.181597
0.181597
0.181597
0.392303
0.391211
0.232587
0.232587
0.232587
0.232587
0.232587
0.0429305
0.0429305
0.0429305
0.0901899
0.0901899
0.0901899
0.0494828
0.0494828
0.0494828
0.0494828
0.0295408
0.0295408
0.0295408
0.0295408
0.0295408
0.0295408
0.0689348
0.140585
0.145506
0.145506
0.136466
0.136466
0.136466
0.136466
0.136466
0.0507381
0.319157
0.175084
0.175084
0.175084
0.400417
0.350106
0.350106
0.265826
0.139149
0.470375
0.544424
0.405363
0.432556
0.432556
0.411156
0.535198
0.535198
0.535198
0.169926
0.169926
0.169926
0.110736
0.110736
0.110736
0.133393
0.133393
0.220425
0.220425
0.241903
0.396866
0.396866
0.396866
0.490179
0.511899
0.32098
0.32098
0.594268
0.594268
1.01285
1.01285
1.02436
0.471367
0.0990804
0.0990804
0.0807891
0.158643
0.120404
0.120404
0.120404
0.120404
0.120404
0.167201
0.0709981
0.0814474
0.0814474
0.0606992
0.46847
0.122375
0.122375
0.122375
0.122375
0.235256
0.235256
0.499198
0.457159
0.457159
0.541331
0.266568
0.266568
0.266568
0.266568
0.112732
0.248927
0.248927
0.248927
0.248927
0.393219
0.393219
0.436203
0.436203
0.560019
0.560019
0.864548
0.655932
0.655932
0.274612
0.334729
0.334729
0.334729
0.334729
0.334729
0.334729
0.334729
0.334729
0.334729
0.290312
0.252034
0.252034
0.252034
0.189774
0.189774
0.189591
0.189591
0.10421
0.179228
0.179228
0.106649
0.106649
0.0365499
0.0365499
0.0764315
0.185391
0.185391
0.185391
0.0548569
0.0548569
0.541199
0.541199
0.584538
0.584538
0.617297
0.169481
0.105711
0.105711
0.105711
0.105711
0.105711
0.105711
0.105711
0.105711
0.0636321
0.0636321
0.0864728
0.0785344
0.0785344
0.131051
0.131051
0.131051
0.427508
0.259093
0.259093
0.259093
0.259093
0.259093
0.180105
0.180105
0.0813139
0.0813139
0.0849727
0.0849727
0.0849727
0.105201
0.0721498
0.0721498
0.207944
0.207944
0.0432115
0.0432115
0.0432115
0.0432115
0.0634871
0.34444
0.34444
0.312005
0.312005
0.0554089
0.243066
0.243066
0.243066
0.243066
0.243066
0.243066
0.243066
0.243066
0.188988
0.188988
0.180093
0.180093
0.157164
0.140169
0.140169
0.140169
0.140169
0.121695
0.121695
0.121695
0.324818
0.0629922
0.0629922
0.119991
0.119991
0.240239
0.240239
0.415962
0.427566
0.233879
0.245687
0.245687
0.122277
0.0593179
0.0593179
0.0593179
0.0983654
0.149108
0.111514
0.111514
0.111514
0.111514
0.0607143
0.158221
0.158221
0.109979
0.31364
0.0538992
0.0538992
0.0538992
0.116161
0.116161
0.116161
0.116161
0.124993
0.424429
0.497824
0.497824
0.373902
0.354807
0.354807
0.211529
0.211529
0.130498
0.130498
0.130498
0.253918
0.253918
0.0528542
0.0528542
0.0528542
0.0528542
0.0528542
0.0528542
0.0528542
0.235539
0.235539
0.324871
0.324871
0.324871
0.324871
0.137227
0.137227
0.353397
0.353397
0.353397
0.109733
0.109733
0.109733
0.109733
0.135666
0.135666
0.135666
0.135666
0.174586
0.174586
0.343059
0.343059
0.343059
0.343059
0.284016
0.318834
0.216688
0.216688
0.216688
0.216688
0.245811
0.245811
0.266822
0.266822
0.0797686
0.0797686
0.515658
0.515658
0.515658
0.753206
0.507432
0.335089
0.33133
0.33133
0.33133
0.100399
0.100399
0.162906
0.162906
0.283198
0.283198
0.325693
0.325693
0.338322
0.338322
0.338322
0.260033
0.260033
0.282737
0.110907
0.110907
0.110907
0.110907
0.523068
0.523068
0.308008
0.308008
0.112477
0.112477
0.134048
0.134048
0.134048
0.134048
0.381271
0.0364571
0.102098
0.102098
0.150937
0.135642
0.135642
0.135642
0.135642
0.135642
0.161365
0.161365
0.161365
0.161365
0.0650668
0.0650668
0.0640152
0.0640152
0.416164
0.416164
0.437464
0.437464
0.437464
0.465473
0.213153
0.18883
0.18883
0.260933
0.0576766
0.111689
0.111689
0.111689
0.111689
0.111689
0.111689
0.111689
0.111689
0.134159
0.199658
0.199658
0.199658
0.287231
0.287231
0.310313
0.310313
0.615009
0.33191
0.35093
0.35093
0.0510056
0.0510056
0.0510056
0.0510056
0.0510056
0.0510056
0.545246
0.395063
0.395063
0.36323
0.124101
0.124101
0.124101
0.14009
0.879634
0.492349
0.492349
0.518926
0.518926
0.518926
0.71741
0.71741
0.71741
0.680736
0.0674405
0.0674405
0.0674405
0.492807
0.492807
0.478149
0.478149
0.0848847
0.0848847
0.0848847
0.0727501
0.0727501
0.0727501
0.269732
0.0485244
0.292938
0.033042
0.033042
0.033042
0.033042
0.033042
0.033042
0.033042
0.033042
0.033042
0.033042
0.194853
0.194853
0.194853
0.194853
0.194853
0.111331
0.111331
0.0618453
0.218804
0.11037
0.11037
0.201709
0.239321
0.239321
0.239321
0.0741117
0.0741117
0.261437
0.261437
0.261437
0.261437
0.261437
0.246333
0.171014
0.171014
0.171014
0.171014
0.171014
0.171014
0.171014
0.171014
0.171014
0.171014
0.241967
0.241967
0.0647948
0.108632
0.231123
0.231123
0.196569
0.196569
0.116187
0.128175
0.128175
0.128175
0.128175
0.173396
0.304876
0.455127
0.423542
0.0343899
0.0343899
0.193947
0.859309
0.859309
0.859309
0.71848
0.412075
0.384988
0.384988
0.453768
0.453768
0.696744
0.211691
0.211691
0.183021
0.099919
0.099919
0.099919
0.099919
0.099919
0.099919
0.0953615
0.208985
0.208985
0.208985
0.208985
0.251321
0.251321
0.251321
0.251321
0.467514
0.163204
0.163204
0.428958
0.549051
0.549051
0.456293
0.456293
0.389503
0.0906637
0.0360424
0.0360424
0.0360424
0.0360424
0.0360424
0.0360424
0.0831823
0.253235
0.253235
0.108412
0.274983
0.232419
0.0545538
0.128587
0.128587
0.128587
0.128587
0.128587
0.128587
0.255859
0.255859
0.255859
0.195721
0.195721
0.195721
0.195721
0.195721
0.195721
0.195721
0.294474
0.294474
0.294474
0.321034
0.315316
0.237468
0.237468
0.237468
0.237468
0.237468
0.237468
0.237468
0.237468
0.465527
0.590575
0.491258
0.414281
0.414281
0.470578
0.470578
0.322121
0.322121
0.322121
0.322121
0.858998
0.422469
0.422469
0.422469
0.257175
0.0863539
0.0863539
0.256705
0.256705
0.256705
0.309383
0.309383
0.187981
0.515783
0.167973
0.167973
0.304263
0.18208
0.378723
0.378723
0.378723
0.378723
0.378723
0.596404
0.596404
0.38135
0.38135
0.38135
0.38135
0.38135
0.384633
0.595279
0.528617
0.528617
0.670644
0.95656
1.1354
1.1354
1.1354
1.10701
1.10701
1.10701
1.06713
1.06713
0.539391
0.539391
0.539391
0.752203
0.448925
0.631841
0.521019
0.521019
0.237705
0.237705
0.237705
0.237705
0.351023
0.0975272
0.0792192
0.0792192
0.0792192
0.0792192
0.0792192
0.0792192
0.166139
0.166139
0.166139
0.166139
0.166139
0.489307
0.489307
0.489307
0.171115
0.171115
0.171115
0.171115
0.171115
0.171115
0.171115
0.158211
0.158211
0.158211
0.158211
0.0939695
0.0939695
0.0939695
0.0939695
0.0939695
0.0939695
0.134312
0.134312
0.0663685
0.0663685
0.128888
0.128888
0.128888
0.781419
0.924594
0.508881
0.508881
0.508881
0.326539
0.492999
0.438818
0.291348
0.0939883
0.186812
0.186812
0.0525342
0.0525342
0.0525342
0.0525342
0.0525342
0.0525342
0.265106
0.265106
0.265106
0.328755
0.288518
0.398949
0.398949
0.397451
0.301668
0.301668
0.301668
0.301668
0.199188
0.199188
0.199188
0.199188
0.199188
0.199188
0.23495
0.402341
0.398095
0.398095
0.328814
0.0981787
0.0981787
0.170203
0.506516
0.506516
0.67224
0.30777
0.473236
0.473236
0.473236
0.473236
0.442644
0.442644
0.442644
0.442644
0.615857
0.618267
0.618267
0.618267
0.474694
0.474694
0.442877
0.467451
0.467451
0.467451
0.612435
0.0639989
0.268427
0.268427
0.268427
0.268427
0.321294
0.357821
0.357821
0.357821
0.404005
0.404005
0.666719
0.547457
0.240228
0.366553
0.304765
0.304765
0.304765
0.286133
0.286133
0.241267
0.264909
0.264909
0.185217
0.185217
0.185217
0.185217
0.116317
0.130102
0.130102
0.285785
0.285785
0.285785
0.343018
0.343018
0.269385
0.269385
0.269385
0.269385
0.322394
0.322394
0.299705
0.315973
0.0655985
0.0751448
0.0751448
0.092474
0.092474
0.092474
0.092474
0.092474
0.22984
0.106295
0.106295
0.106295
0.106295
0.106295
0.164476
0.47597
0.671709
0.395661
0.395661
0.395661
0.583417
0.583417
0.583417
0.473887
0.45966
0.45966
0.106597
0.106597
0.106597
0.106597
0.106597
0.106597
0.106597
0.169195
0.169195
0.169195
0.186818
0.186818
0.186818
0.186818
0.273131
0.273131
0.373339
0.193579
0.193579
0.193579
0.193579
0.193579
0.0559358
0.0559358
0.0559358
0.0559358
