0.450797 2.26806
0.451163 2.29108
0.446364 2.17785
0.443556 2.111
0.446087 2.1768
0.448511 2.2416
0.446667 2.19905
0.448163 2.24097
0.444 2.13769
0.443137 2.11732
0.441538 2.07716
0.439245 2.01775
0.442222 2.09591
0.442909 2.11519
0.442143 2.09616
0.442105 2.09616
0.43931 2.02194
0.438644 2.00361
0.438667 2.00361
0.44 2.03939
0.443226 2.12778
0.44381 2.14525
0.44125 2.07615
0.438769 2.00783
0.436364 1.94026
0.441194 2.07393
0.441176 2.07393
0.44 2.04122
0.440571 2.0574
0.43831 1.99334
0.438333 1.99334
0.439452 2.02473
0.441622 2.08689
0.442133 2.10227
0.442105 2.10227
0.44 2.04189
0.441026 2.0718
0.438481 1.99773
0.4355 1.90965
0.435062 1.8951
0.434146 1.86627
