675.519
656.719
638.369
625.768
624.243
731.858
648.183
752.616
649.729
671.003
676.622
637.922
719.59
676.143
729.408
662.203
662.687
673.395
710.962
717.518
708.949
746.325
637.921
708.722
647.099
664.461
635.702
677.005
629.472
710.056
727.292
656.003
689.288
693.693
685.933
709.394
668.319
692.247
683.216
666.008
666.63
693.853
687.557
665.726
695.493
645.541
703.73
669.333
692.091
709.321
636.808
669.769
672.57
696.148
669.418
724.004
653.198
723.999
632.143
725.73
684.319
639.713
670.727
674.808
659.659
674.757
704.145
674.14
673.555
645.347
692.822
694.897
618.415
718.034
658.729
657.29
606.627
674.945
783.681
746.414
658.121
663.636
711.675
709.978
729.505
620.253
678.252
645.362
657.433
670.083
718.108
632.046
708.385
645.482
730.4
682.327
675.419
692.731
667.22
678.715
661.023
679.944
675.176
641.432
689.841
716.492
687.45
674.828
692.451
662.806
682.832
624.584
681.149
663.008
705.699
678.331
687.348
715.165
688.771
668.887
704.091
659.173
723.11
688.998
711.873
650.705
678.272
706.809
683.107
655.624
698.044
683.014
757.454
669.732
689.099
624.707
694.158
709.777
601.898
674.263
662.766
685.85
654.358
670.41
658.577
684.784
653.01
629.384
743.811
720.461
726.84
705.537
715.727
663.55
683.178
691.744
691.969
689.278
740.283
711.365
691.812
676.436
660.274
633.314
682.52
665.936
664.591
688.001
680.358
661.279
760.277
690.818
672.164
714.91
645.773
652.068
656.142
666.844
657.402
668.673
679.151
708.199
699.15
718.138
655.417
713.101
690.776
682.095
699.846
686.928
746.831
659.945
681.62
690.855
649.791
680.374
645.646
698.887
648.383
668.752
662.61
664.816
634.854
682.479
688.436
652.842
668.182
698.364
714.113
687.961
725.937
734.576
726.513
639.208
623.964
694.054
714.853
672.262
659.491
700.481
716.724
726.623
635.848
738.695
646.1
684.284
725.694
656.793
629.639
662.239
682.223
685.124
640.868
673.004
688.785
702.479
654.363
716.687
687.883
674.123
669.133
646.237
678.403
690.469
656.947
653.679
699.293
755.819
743.4
685.778
643.045
660.649
660.503
679.255
674.813
720.268
648.257
655.901
664.705
652.948
741.433
711.114
652.581
699.191
693.859
684.544
694.553
672.705
667.725
672.698
683.804
721.522
712.624
723.312
679.821
645.234
713.587
736.651
705.841
668.87
667.844
653.63
685.679
699.162
636.374
647.262
709.548
675.034
637.669
667.147
683.183
677.364
692.872
650.776
633.262
673.178
680.451
686.041
733.048
709.119
663.613
708.679
669.933
721.262
715.681
697.496
703.583
644.56
671.346
679.536
663.492
705.62
728.27
654.196
725.987
672.78
670.33
649.474
745.603
689.843
688.54
659.019
709.915
646.494
651.656
674.284
667.76
754.633
696.535
652.544
738.489
687.9
681.902
716.358
694.858
670.189
635.024
719.976
657.86
732.356
686.841
700.96
716.117
643.799
653.374
720.006
681.298
734.779
767.247
702.385
709.866
670.154
708.554
673.315
638.867
698.09
696.321
712.862
709.369
686.489
673.326
671.656
688.583
715.877
708.889
725.003
655.437
683.222
712.44
769.582
676.756
702.588
642.698
645.652
709.573
641.255
686.987
649.204
717.789
658.121
687.895
644.673
705.296
729.466
701.471
662.035
644.665
731.826
654.559
619.11
695.56
647.078
706.827
674.755
614.793
672.014
715.219
705.177
687.019
666.171
701.312
710.94
675.601
705.265
701.268
640.257
708.861
642.28
655.709
664.733
649.656
716.614
645.395
640.208
752.214
677.308
619.403
699.87
677.326
703.096
712.246
684.959
722.601
667.956
697.964
645.413
687.896
676.544
686.893
677.99
738.437
655.085
678.656
631.632
720.501
668.247
686.504
735.833
681.104
693.99
679.759
666.341
685.096
661.337
674.803
650.791
627.779
697.277
654.966
692.824
680.274
711.032
671.31
693.279
674.019
694.13
644.574
689.099
662.579
666.492
706.648
646.654
653.72
694.744
707.759
694.841
679.042
663.521
700.201
679.612
691.22
704.387
671.603
685.905
777.006
706.878
719.538
652.287
694.335
670.805
694.06
662.489
719.072
685.446
679.026
739.125
706.794
697.653
682.561
727.335
715.492
739.885
721.855
670.852
700.672
674.057
707.77
699.127
696.228
655.519
683.936
662.037
682.013
686.889
698.023
708.814
631.824
690.708
706.034
677.657
729.265
682.152
707.942
662.479
663.194
662.53
660.538
734.63
656.547
669.446
695.34
800.481
671.978
733.784
680.794
690.573
689.955
650.477
666.546
671.42
655.753
783.347
661.212
665.195
667.976
657.503
655.124
671.313
687.129
740.501
710.015
745.708
698.786
710.627
626.539
662.85
705.936
642.181
672.419
669.996
678.273
656.494
699.99
689.023
648.458
739.814
635.711
689.806
684.499
636.993
725.606
720.206
663.434
677.879
640.694
734.117
674.073
700.977
670.637
648.024
693.562
717.012
707.008
664.087
674.892
718.124
692.374
662
722.678
678.756
761.594
692.796
674.869
664.521
638.282
720.466
690.19
614.675
716.392
746.112
653.531
711.089
686.432
687.259
719.043
692.309
631.602
667.187
652.598
675.485
721.061
684.863
676.951
699.896
684.722
728.288
660.113
712.292
650.922
711.105
651.652
663.143
648.644
677.889
758.816
674.832
722.206
688.321
690.288
689.955
657.717
765.411
648.572
699.635
626.271
746.511
671.61
708.355
617.512
702.123
688.872
616.14
713.418
694.635
671.626
665.306
656.253
680.045
697.603
684.873
709.221
649.835
716.308
691.947
670.813
664.496
645.477
708.779
695.495
676.986
662.771
700.247
666.686
704.973
699.674
724.144
712.885
713.828
689.66
708.953
639.346
654.263
674.393
707.35
677.239
691.902
649.414
656.651
694.85
687.783
692.008
730.007
703.431
703.704
679.409
690.359
677.356
663.106
678.728
673.914
671.389
717.923
663.387
676.964
680.658
766.237
676.491
680.506
701.515
624.949
699.545
699.861
684.394
659.975
655.581
647.1
774.934
677.221
688.416
739.876
668.518
707.985
687.533
629.935
663.311
666.109
693.538
651.811
654.072
684.309
712.514
687.92
729.766
705.172
714.068
657.171
669.081
671.079
708.888
663.57
668.211
664.429
630.672
657.141
727.42
673.123
704.897
694.689
737.813
644.459
643.767
645.43
688.12
702.76
617.671
742.112
731.875
682.072
675.429
711.821
695.006
690.617
692.579
742.056
666.178
676.823
696.838
728.486
734.626
730.344
734.265
689.213
685.522
702.146
750.44
711.09
727.698
645.924
711.91
704.447
716.088
652.007
668.445
712.314
640.051
642.173
699.74
676.632
654.261
647.783
706.685
673.653
698.994
673.438
719.628
708.125
660.032
707.865
689.644
654.042
719.213
655.62
705.866
680.763
670.184
707.984
656.278
762.244
673.032
712.536
756.39
694.59
729.513
701.85
726.103
673.865
720.136
666.21
663.521
699.379
655.903
667.294
624.868
710.279
687.618
691.559
700.818
653.452
677.791
675.596
716.209
666.672
630.132
681.524
713.31
669.933
660.552
670.919
745.725
680.601
689.362
689.936
664.049
692.634
688.995
717.393
607.779
739.832
645.182
691.542
649.97
685.639
626.944
684.07
695.498
690.915
660.752
680.773
706.635
717.72
708.699
660.8
673.18
726.57
724.623
717.214
703.36
702.425
666.378
705.522
682.299
685.012
670.489
665.783
623.891
760.984
686.663
701.083
707.288
713.577
647.792
643.651
663.92
719.029
679.066
805.664
608.721
655.463
746.508
720.783
671.213
708.673
690.022
690.114
695.606
705.087
714.156
682.223
692.666
665.886
678.092
675.793
731.091
666.965
717.541
761.441
641.641
704.967
713.366
636.681
708.102
699.117
673.87
680.285
652.418
696.23
746.75
647.534
662.286
667.405
719.531
691.715
691.662
671.485
634.626
620.666
764.58
693.246
665.247
671.825
622.474
696.339
627.008
666.34
669.725
652.004
671.573
667.408
660.156
657.46
697.619
704.495
659.344
716.576
677.821
684.886
684.555
631.705
796.976
711.231
727.152
683.861
640.599
669.067
620.589
678.098
673.701
696.724
664.98
631.454
693.658
653.229
658.66
677.051
659.156
683.959
671.372
686.91
671.618
712.435
668.91
708.969
686.56
729.112
731.286
668.663
685.583
751.847
730.734
657.122
683.733
678.711
664.827
773.067
685.266
719.594
628.89
672.261
634.352
705.196
722.518
643.301
670.318
767.538
693.795
689.775
697.011
694.859
680.845
694.669
684.718
726.747
747.203
667.428
635.032
688.088
688.935
704.331
642.477
738.839
670.117
648.438
700.609
734.05
722.556
658.584
692.623
685.73
695.206
672.205
