999
15
1
14
Pedi
windDirMax
windDirMin
solarMax
rainMax
soilMoistMax
soilMoistMin
tempMin
soilTempMax
dewMin
windGustMax
windSpdMax
dewMax
soilTempMin
windGustMin
0
634
160.8268 0 360 0 932 14.986 27 20.1 8.17 28.56 -1.11 10.28 5.36 24.83 13.06 0.89
175.1692 0 360 0 932 14.986 27 20.1 8.17 28.56 -1.11 10.28 5.36 24.83 13.06 0.89
169.2724 1 360 0 932 14.986 27 20.1 8.17 28.56 -1.11 10.28 5.36 24.83 13.06 0.89
179.3311 1 360 0 932 14.986 27 20.1 8.17 28.56 -1.11 10.28 5.36 24.83 13.06 0.89
122.4805 2 360 0 932 14.986 27 20.1 8.17 28.56 -1.11 10.28 5.36 24.83 13.06 0.89
185.7406 3 360 0 932 14.986 27 20.1 8.17 28.56 -1.11 10.28 5.36 24.83 13.06 0.89
136.8725 4 360 0 932 14.986 27 20.1 8.17 28.56 -1.11 10.28 5.36 24.83 13.06 0.89
133.2998 5 360 0 932 14.986 27 20.1 8.17 28.56 -1.11 10.28 5.36 24.83 13.06 0.89
141.3407 6 360 0 932 14.986 27 20.1 8.17 28.56 -1.11 10.28 5.36 24.83 13.06 0.89
150.9436 7 360 0 932 14.986 27 20.1 8.17 28.56 -1.11 10.28 5.36 24.83 13.06 0.89
135.4308 8 360 0 932 14.986 27 20.1 8.17 28.56 -1.11 10.28 5.36 24.83 13.06 0.89
149.0721 9 360 0 932 14.986 27 20.1 8.17 28.56 -1.11 10.28 5.36 24.83 13.06 0.89
153.8334 10 360 0 932 14.986 27 20.1 8.17 28.56 -1.11 10.28 5.36 24.83 13.06 0.89
160.6391 11 360 0 932 14.986 27 20.1 8.17 28.56 -1.11 10.28 5.36 24.83 13.06 0.89
164.0153 12 360 0 932 14.986 27 20.1 8.17 28.56 -1.11 10.28 5.36 24.83 13.06 0.89
171.0374 13 360 0 932 14.986 27 20.1 8.17 28.56 -1.11 10.28 5.36 24.83 13.06 0.89
168.5686 14 360 0 932 14.986 27 20.1 8.17 28.56 -1.11 10.28 5.36 24.83 13.06 0.89
138.5218 15 360 0 932 14.986 27 20.1 8.17 28.56 -1.11 10.28 5.36 24.83 13.06 0.89
146.9088 16 360 0 932 14.986 27 20.1 8.17 28.56 -1.11 10.28 5.36 24.83 13.06 0.89
186.1719 17 360 0 932 14.986 27 20.1 8.17 28.56 -1.11 10.28 5.36 24.83 13.06 0.89
164.8528 20 360 0 932 14.986 27 20.1 8.17 28.56 -1.11 10.28 5.36 24.83 13.06 0.89
170.8594 21 360 0 932 14.986 27 20.1 8.17 28.56 -1.11 10.28 5.36 24.83 13.06 0.89
143.8119 23 360 0 932 14.986 27 20.1 8.17 28.56 -1.11 10.28 5.36 24.83 13.06 0.89
176.0926 24 360 0 932 14.986 27 20.1 8.17 28.56 -1.11 10.28 5.36 24.83 13.06 0.89
110.8994 25 360 0 932 14.986 27 20.1 8.17 28.56 -1.11 10.28 5.36 24.83 13.06 0.89
141.2237 25 360 0 932 14.986 27 20.1 8.17 28.56 -1.11 10.28 5.36 24.83 13.06 0.89
157.1715 26 360 0 932 14.986 27 20.1 8.17 28.56 -1.11 10.28 5.36 24.83 13.06 0.89
112.3726 27 360 0 932 14.986 27 20.1 8.17 28.56 -1.11 10.28 5.36 24.83 13.06 0.89
147.1836 27 360 0 932 14.986 27 20.1 8.17 28.56 -1.11 10.28 5.36 24.83 13.06 0.89
100.8394 28 360 0 932 14.986 27 20.1 8.17 28.56 -1.11 10.28 5.36 24.83 13.06 0.89
121.2925 28 360 0 932 14.986 27 20.1 8.17 28.56 -1.11 10.28 5.36 24.83 13.06 0.89
111.4168 29 360 0 932 14.986 27 20.1 8.17 28.56 -1.11 10.28 5.36 24.83 13.06 0.89
153.2764 29 360 0 932 14.986 27 20.1 8.17 28.56 -1.11 10.28 5.36 24.83 13.06 0.89
121.887 30 360 0 932 14.986 27 20.1 8.17 28.56 -1.11 10.28 5.36 24.83 13.06 0.89
155.2919 33 360 0 932 14.986 27 20.1 8.17 28.56 -1.11 10.28 5.36 24.83 13.06 0.89
149.8055 34 360 0 932 14.986 27 20.1 8.17 28.56 -1.11 10.28 5.36 24.83 13.06 0.89
152.3425 59 360 0 932 14.986 27 20.1 8.17 28.56 -1.11 10.28 5.36 24.83 13.06 0.89
150.7634 59 360 0 932 14.986 27 20.1 8.17 28.56 -1.11 10.28 5.36 24.83 13.06 0.89
180.3242 60 360 0 932 14.986 27 20.1 8.17 28.56 -1.11 10.28 5.36 24.83 13.06 0.89
168.3498 60 360 0 932 14.986 27 20.1 8.17 28.56 -1.11 10.28 5.36 24.83 13.06 0.89
163.2024 61 360 0 932 14.986 27 20.1 8.17 28.56 -1.11 10.28 5.36 24.83 13.06 0.89
186.6988 61 360 0 932 14.986 27 20.1 8.17 28.56 -1.11 10.28 5.36 24.83 13.06 0.89
168.8887 62 360 0 932 14.986 27 20.1 8.17 28.56 -1.11 10.28 5.36 24.83 13.06 0.89
190.2084 62 360 0 932 14.986 27 20.1 8.17 28.56 -1.11 10.28 5.36 24.83 13.06 0.89
156.6051 63 360 0 932 14.986 27 20.1 8.17 28.56 -1.11 10.28 5.36 24.83 13.06 0.89
178.9779 63 360 0 932 14.986 27 20.1 8.17 28.56 -1.11 10.28 5.36 24.83 13.06 0.89
163.5001 64 360 0 932 14.986 27 20.1 8.17 28.56 -1.11 10.28 5.36 24.83 13.06 0.89
212.9407 64 360 0 932 14.986 27 20.1 8.17 28.56 -1.11 10.28 5.36 24.83 13.06 0.89
173.9948 67 360 0 932 14.986 27 20.1 8.17 28.56 -1.11 10.28 5.36 24.83 13.06 0.89
170.8393 68 360 0 932 14.986 27 20.1 8.17 28.56 -1.11 10.28 5.36 24.83 13.06 0.89
168.8603 68 360 0 932 14.986 27 20.1 8.17 28.56 -1.11 10.28 5.36 24.83 13.06 0.89
113.5508 71 360 0 932 14.986 27 20.1 8.17 28.56 -1.11 10.28 5.36 24.83 13.06 0.89
128.8477 72 360 0 932 14.986 27 20.1 8.17 28.56 -1.11 10.28 5.36 24.83 13.06 0.89
139.7394 73 360 0 932 14.986 27 20.1 8.17 28.56 -1.11 10.28 5.36 24.83 13.06 0.89
153.7216 74 360 0 932 14.986 27 20.1 8.17 28.56 -1.11 10.28 5.36 24.83 13.06 0.89
128.5954 75 360 0 932 14.986 27 20.1 8.17 28.56 -1.11 10.28 5.36 24.83 13.06 0.89
125.7225 76 360 0 932 14.986 27 20.1 8.17 28.56 -1.11 10.28 5.36 24.83 13.06 0.89
101.9604 77 360 0 932 14.986 27 20.1 8.17 28.56 -1.11 10.28 5.36 24.83 13.06 0.89
137.7534 78 360 0 932 14.986 27 20.1 8.17 28.56 -1.11 10.28 5.36 24.83 13.06 0.89
107.1685 79 360 0 932 14.986 27 20.1 8.17 28.56 -1.11 10.28 5.36 24.83 13.06 0.89
125.4194 80 360 0 932 14.986 27 20.1 8.17 28.56 -1.11 10.28 5.36 24.83 13.06 0.89
132.9231 83 360 0 932 14.986 27 20.1 8.17 28.56 -1.11 10.28 5.36 24.83 13.06 0.89
120.9149 84 360 0 932 14.986 27 20.1 8.17 28.56 -1.11 10.28 5.36 24.83 13.06 0.89
139.0389 85 360 0 932 14.986 27 20.1 8.17 28.56 -1.11 10.28 5.36 24.83 13.06 0.89
153.0755 86 360 0 932 14.986 27 20.1 8.17 28.56 -1.11 10.28 5.36 24.83 13.06 0.89
142.5871 87 360 0 932 14.986 27 20.1 8.17 28.56 -1.11 10.28 5.36 24.83 13.06 0.89
106.2351 88 360 0 932 14.986 27 20.1 8.17 28.56 -1.11 10.28 5.36 24.83 13.06 0.89
133.5983 89 360 0 932 14.986 27 20.1 8.17 28.56 -1.11 10.28 5.36 24.83 13.06 0.89
152.7961 90 360 0 932 14.986 27 20.1 8.17 28.56 -1.11 10.28 5.36 24.83 13.06 0.89
148.3644 91 360 0 932 14.986 27 20.1 8.17 28.56 -1.11 10.28 5.36 24.83 13.06 0.89
154.6509 92 360 0 932 14.986 27 20.1 8.17 28.56 -1.11 10.28 5.36 24.83 13.06 0.89
160.6406 92 360 0 932 14.986 27 20.1 8.17 28.56 -1.11 10.28 5.36 24.83 13.06 0.89
131.9289 94 360 0 932 14.986 27 20.1 8.17 28.56 -1.11 10.28 5.36 24.83 13.06 0.89
121.2803 95 360 0 932 14.986 27 20.1 8.17 28.56 -1.11 10.28 5.36 24.83 13.06 0.89
116.2904 96 360 0 932 14.986 27 20.1 8.17 28.56 -1.11 10.28 5.36 24.83 13.06 0.89
159.083 97 360 0 932 14.986 27 20.1 8.17 28.56 -1.11 10.28 5.36 24.83 13.06 0.89
159.0582 98 360 0 932 14.986 27 20.1 8.17 28.56 -1.11 10.28 5.36 24.83 13.06 0.89
171.8376 98 360 0 932 14.986 27 20.1 8.17 28.56 -1.11 10.28 5.36 24.83 13.06 0.89
144.4357 99 360 0 932 14.986 27 20.1 8.17 28.56 -1.11 10.28 5.36 24.83 13.06 0.89
161.2095 100 360 0 932 14.986 27 20.1 8.17 28.56 -1.11 10.28 5.36 24.83 13.06 0.89
160.7599 100 360 0 932 14.986 27 20.1 8.17 28.56 -1.11 10.28 5.36 24.83 13.06 0.89
160.2944 102 360 0 932 14.986 27 20.1 8.17 28.56 -1.11 10.28 5.36 24.83 13.06 0.89
179.1856 103 360 0 932 14.986 27 20.1 8.17 28.56 -1.11 10.28 5.36 24.83 13.06 0.89
143.2874 104 360 0 932 14.986 27 20.1 8.17 28.56 -1.11 10.28 5.36 24.83 13.06 0.89
169.2959 105 360 0 932 14.986 27 20.1 8.17 28.56 -1.11 10.28 5.36 24.83 13.06 0.89
134.1301 105 360 0 932 14.986 27 20.1 8.17 28.56 -1.11 10.28 5.36 24.83 13.06 0.89
165.099 106 360 0 932 14.986 27 20.1 8.17 28.56 -1.11 10.28 5.36 24.83 13.06 0.89
139.2385 106 360 0 932 14.986 27 20.1 8.17 28.56 -1.11 10.28 5.36 24.83 13.06 0.89
152.9944 107 360 0 932 14.986 27 20.1 8.17 28.56 -1.11 10.28 5.36 24.83 13.06 0.89
150.1143 108 360 0 932 14.986 27 20.1 8.17 28.56 -1.11 10.28 5.36 24.83 13.06 0.89
151.8658 108 360 0 932 14.986 27 20.1 8.17 28.56 -1.11 10.28 5.36 24.83 13.06 0.89
139.9333 109 360 0 932 14.986 27 20.1 8.17 28.56 -1.11 10.28 5.36 24.83 13.06 0.89
163.2059 110 360 0 932 14.986 27 20.1 8.17 28.56 -1.11 10.28 5.36 24.83 13.06 0.89
143.1371 111 360 0 932 14.986 27 20.1 8.17 28.56 -1.11 10.28 5.36 24.83 13.06 0.89
142.3913 112 360 0 932 14.986 27 20.1 8.17 28.56 -1.11 10.28 5.36 24.83 13.06 0.89
170.7637 113 360 0 932 14.986 27 20.1 8.17 28.56 -1.11 10.28 5.36 24.83 13.06 0.89
102.1509 114 360 0 932 14.986 27 20.1 8.17 28.56 -1.11 10.28 5.36 24.83 13.06 0.89
144.3151 115 360 0 932 14.986 27 20.1 8.17 28.56 -1.11 10.28 5.36 24.83 13.06 0.89
147.1331 116 360 0 932 14.986 27 20.1 8.17 28.56 -1.11 10.28 5.36 24.83 13.06 0.89
162.5602 117 360 0 932 14.986 27 20.1 8.17 28.56 -1.11 10.28 5.36 24.83 13.06 0.89
136.4144 118 360 0 932 14.986 27 20.1 8.17 28.56 -1.11 10.28 5.36 24.83 13.06 0.89
166.4857 119 360 0 932 14.986 27 20.1 8.17 28.56 -1.11 10.28 5.36 24.83 13.06 0.89
161.9698 120 360 0 932 14.986 27 20.1 8.17 28.56 -1.11 10.28 5.36 24.83 13.06 0.89
138.1598 121 360 0 932 14.986 27 20.1 8.17 28.56 -1.11 10.28 5.36 24.83 13.06 0.89
165.2756 122 360 0 932 14.986 27 20.1 8.17 28.56 -1.11 10.28 5.36 24.83 13.06 0.89
177.0003 123 360 0 932 14.986 27 20.1 8.17 28.56 -1.11 10.28 5.36 24.83 13.06 0.89
166.3428 124 360 0 932 14.986 27 20.1 8.17 28.56 -1.11 10.28 5.36 24.83 13.06 0.89
138.361 125 360 0 932 14.986 27 20.1 8.17 28.56 -1.11 10.28 5.36 24.83 13.06 0.89
139.3411 125 360 0 932 14.986 27 20.1 8.17 28.56 -1.11 10.28 5.36 24.83 13.06 0.89
122.9885 127 360 0 932 14.986 27 20.1 8.17 28.56 -1.11 10.28 5.36 24.83 13.06 0.89
156.1203 128 360 0 932 14.986 27 20.1 8.17 28.56 -1.11 10.28 5.36 24.83 13.06 0.89
141.2197 129 360 0 932 14.986 27 20.1 8.17 28.56 -1.11 10.28 5.36 24.83 13.06 0.89
125.9818 130 360 0 932 14.986 27 20.1 8.17 28.56 -1.11 10.28 5.36 24.83 13.06 0.89
127.1853 130 360 0 932 14.986 27 20.1 8.17 28.56 -1.11 10.28 5.36 24.83 13.06 0.89
147.956 131 360 0 932 14.986 27 20.1 8.17 28.56 -1.11 10.28 5.36 24.83 13.06 0.89
146.777 132 360 0 932 14.986 27 20.1 8.17 28.56 -1.11 10.28 5.36 24.83 13.06 0.89
143.2162 133 360 0 932 14.986 27 20.1 8.17 28.56 -1.11 10.28 5.36 24.83 13.06 0.89
151.2634 134 360 0 932 14.986 27 20.1 8.17 28.56 -1.11 10.28 5.36 24.83 13.06 0.89
182.3843 135 360 0 932 14.986 27 20.1 8.17 28.56 -1.11 10.28 5.36 24.83 13.06 0.89
174.1693 136 360 0 932 14.986 27 20.1 8.17 28.56 -1.11 10.28 5.36 24.83 13.06 0.89
161.0675 137 360 0 932 14.986 27 20.1 8.17 28.56 -1.11 10.28 5.36 24.83 13.06 0.89
181.4165 138 360 0 932 14.986 27 20.1 8.17 28.56 -1.11 10.28 5.36 24.83 13.06 0.89
146.3501 139 360 0 932 14.986 27 20.1 8.17 28.56 -1.11 10.28 5.36 24.83 13.06 0.89
150.4753 140 360 0 932 14.986 27 20.1 8.17 28.56 -1.11 10.28 5.36 24.83 13.06 0.89
176.7178 141 360 0 932 14.986 27 20.1 8.17 28.56 -1.11 10.28 5.36 24.83 13.06 0.89
151.1537 144 360 0 932 14.986 27 20.1 8.17 28.56 -1.11 10.28 5.36 24.83 13.06 0.89
131.1094 145 360 0 932 14.986 27 20.1 8.17 28.56 -1.11 10.28 5.36 24.83 13.06 0.89
179.6143 153 360 0 932 14.986 27 20.1 8.17 28.56 -1.11 10.28 5.36 24.83 13.06 0.89
189.8094 153 360 0 932 14.986 27 20.1 8.17 28.56 -1.11 10.28 5.36 24.83 13.06 0.89
203.155 154 360 0 932 14.986 27 20.1 8.17 28.56 -1.11 10.28 5.36 24.83 13.06 0.89
214.8718 154 360 0 932 14.986 27 20.1 8.17 28.56 -1.11 10.28 5.36 24.83 13.06 0.89
210.7073 155 360 0 932 14.986 27 20.1 8.17 28.56 -1.11 10.28 5.36 24.83 13.06 0.89
222.35 155 360 0 932 14.986 27 20.1 8.17 28.56 -1.11 10.28 5.36 24.83 13.06 0.89
151.0892 156 360 0 932 14.986 27 20.1 8.17 28.56 -1.11 10.28 5.36 24.83 13.06 0.89
192.0455 157 360 0 932 14.986 27 20.1 8.17 28.56 -1.11 10.28 5.36 24.83 13.06 0.89
120.0887 158 360 0 932 14.986 27 20.1 8.17 28.56 -1.11 10.28 5.36 24.83 13.06 0.89
139.086 159 360 0 932 14.986 27 20.1 8.17 28.56 -1.11 10.28 5.36 24.83 13.06 0.89
169.7614 159 360 0 932 14.986 27 20.1 8.17 28.56 -1.11 10.28 5.36 24.83 13.06 0.89
140.2173 160 360 0 932 14.986 27 20.1 8.17 28.56 -1.11 10.28 5.36 24.83 13.06 0.89
151.5514 160 360 0 932 14.986 27 20.1 8.17 28.56 -1.11 10.28 5.36 24.83 13.06 0.89
148.6617 162 360 0 932 14.986 27 20.1 8.17 28.56 -1.11 10.28 5.36 24.83 13.06 0.89
156.7713 162 360 0 932 14.986 27 20.1 8.17 28.56 -1.11 10.28 5.36 24.83 13.06 0.89
155.1754 166 360 0 932 14.986 27 20.1 8.17 28.56 -1.11 10.28 5.36 24.83 13.06 0.89
148.3644 166 360 0 932 14.986 27 20.1 8.17 28.56 -1.11 10.28 5.36 24.83 13.06 0.89
198.1025 170 360 0 932 14.986 27 20.1 8.17 28.56 -1.11 10.28 5.36 24.83 13.06 0.89
182.3299 170 360 0 932 14.986 27 20.1 8.17 28.56 -1.11 10.28 5.36 24.83 13.06 0.89
181.7341 173 360 0 932 14.986 27 20.1 8.17 28.56 -1.11 10.28 5.36 24.83 13.06 0.89
173.8569 173 360 0 932 14.986 27 20.1 8.17 28.56 -1.11 10.28 5.36 24.83 13.06 0.89
250.4692 175 360 0 932 14.986 27 20.1 8.17 28.56 -1.11 10.28 5.36 24.83 13.06 0.89
177.6493 175 360 0 932 14.986 27 20.1 8.17 28.56 -1.11 10.28 5.36 24.83 13.06 0.89
146.4966 176 360 0 932 14.986 27 20.1 8.17 28.56 -1.11 10.28 5.36 24.83 13.06 0.89
171.0847 176 360 0 932 14.986 27 20.1 8.17 28.56 -1.11 10.28 5.36 24.83 13.06 0.89
130.3819 181 360 0 932 14.986 27 20.1 8.17 28.56 -1.11 10.28 5.36 24.83 13.06 0.89
184.7559 181 360 0 932 14.986 27 20.1 8.17 28.56 -1.11 10.28 5.36 24.83 13.06 0.89
156.0814 182 360 0 932 14.986 27 20.1 8.17 28.56 -1.11 10.28 5.36 24.83 13.06 0.89
165.7392 182 360 0 932 14.986 27 20.1 8.17 28.56 -1.11 10.28 5.36 24.83 13.06 0.89
229.8802 184 360 0 932 14.986 27 20.1 8.17 28.56 -1.11 10.28 5.36 24.83 13.06 0.89
205.7299 184 360 0 932 14.986 27 20.1 8.17 28.56 -1.11 10.28 5.36 24.83 13.06 0.89
148.8794 185 360 0 932 14.986 27 20.1 8.17 28.56 -1.11 10.28 5.36 24.83 13.06 0.89
149.203 186 360 0 932 14.986 27 20.1 8.17 28.56 -1.11 10.28 5.36 24.83 13.06 0.89
168.6557 186 360 0 932 14.986 27 20.1 8.17 28.56 -1.11 10.28 5.36 24.83 13.06 0.89
149.7714 187 360 0 932 14.986 27 20.1 8.17 28.56 -1.11 10.28 5.36 24.83 13.06 0.89
149.5253 188 360 0 932 14.986 27 20.1 8.17 28.56 -1.11 10.28 5.36 24.83 13.06 0.89
160.2715 190 360 0 932 14.986 27 20.1 8.17 28.56 -1.11 10.28 5.36 24.83 13.06 0.89
160.618 190 360 0 932 14.986 27 20.1 8.17 28.56 -1.11 10.28 5.36 24.83 13.06 0.89
141.2223 191 360 0 932 14.986 27 20.1 8.17 28.56 -1.11 10.28 5.36 24.83 13.06 0.89
173.41 191 360 0 932 14.986 27 20.1 8.17 28.56 -1.11 10.28 5.36 24.83 13.06 0.89
181.8494 192 360 0 932 14.986 27 20.1 8.17 28.56 -1.11 10.28 5.36 24.83 13.06 0.89
191.1538 192 360 0 932 14.986 27 20.1 8.17 28.56 -1.11 10.28 5.36 24.83 13.06 0.89
167.6527 193 360 0 932 14.986 27 20.1 8.17 28.56 -1.11 10.28 5.36 24.83 13.06 0.89
173.4391 193 360 0 932 14.986 27 20.1 8.17 28.56 -1.11 10.28 5.36 24.83 13.06 0.89
155.9197 194 360 0 932 14.986 27 20.1 8.17 28.56 -1.11 10.28 5.36 24.83 13.06 0.89
189.762 194 360 0 932 14.986 27 20.1 8.17 28.56 -1.11 10.28 5.36 24.83 13.06 0.89
183.3514 195 360 0 932 14.986 27 20.1 8.17 28.56 -1.11 10.28 5.36 24.83 13.06 0.89
188.0541 195 360 0 932 14.986 27 20.1 8.17 28.56 -1.11 10.28 5.36 24.83 13.06 0.89
187.7756 196 360 0 932 14.986 27 20.1 8.17 28.56 -1.11 10.28 5.36 24.83 13.06 0.89
200.0187 196 360 0 932 14.986 27 20.1 8.17 28.56 -1.11 10.28 5.36 24.83 13.06 0.89
134.0482 197 360 0 932 14.986 27 20.1 8.17 28.56 -1.11 10.28 5.36 24.83 13.06 0.89
165.1872 197 360 0 932 14.986 27 20.1 8.17 28.56 -1.11 10.28 5.36 24.83 13.06 0.89
170.5993 198 360 0 932 14.986 27 20.1 8.17 28.56 -1.11 10.28 5.36 24.83 13.06 0.89
211.7338 199 360 0 932 14.986 27 20.1 8.17 28.56 -1.11 10.28 5.36 24.83 13.06 0.89
203.3893 200 360 0 932 14.986 27 20.1 8.17 28.56 -1.11 10.28 5.36 24.83 13.06 0.89
198.3066 200 360 0 932 14.986 27 20.1 8.17 28.56 -1.11 10.28 5.36 24.83 13.06 0.89
174.7313 201 360 0 932 14.986 27 20.1 8.17 28.56 -1.11 10.28 5.36 24.83 13.06 0.89
177.0241 201 360 0 932 14.986 27 20.1 8.17 28.56 -1.11 10.28 5.36 24.83 13.06 0.89
142.5282 202 360 0 932 14.986 27 20.1 8.17 28.56 -1.11 10.28 5.36 24.83 13.06 0.89
155.0501 202 360 0 932 14.986 27 20.1 8.17 28.56 -1.11 10.28 5.36 24.83 13.06 0.89
100.0093 203 360 0 932 14.986 27 20.1 8.17 28.56 -1.11 10.28 5.36 24.83 13.06 0.89
170.5915 203 360 0 932 14.986 27 20.1 8.17 28.56 -1.11 10.28 5.36 24.83 13.06 0.89
158.1428 206 360 0 932 14.986 27 20.1 8.17 28.56 -1.11 10.28 5.36 24.83 13.06 0.89
147.7028 206 360 0 932 14.986 27 20.1 8.17 28.56 -1.11 10.28 5.36 24.83 13.06 0.89
165.8558 207 360 0 932 14.986 27 20.1 8.17 28.56 -1.11 10.28 5.36 24.83 13.06 0.89
170.5882 207 360 0 932 14.986 27 20.1 8.17 28.56 -1.11 10.28 5.36 24.83 13.06 0.89
202.5774 208 360 0 932 14.986 27 20.1 8.17 28.56 -1.11 10.28 5.36 24.83 13.06 0.89
174.4398 208 360 0 932 14.986 27 20.1 8.17 28.56 -1.11 10.28 5.36 24.83 13.06 0.89
178.8862 209 360 0 932 14.986 27 20.1 8.17 28.56 -1.11 10.28 5.36 24.83 13.06 0.89
166.2276 210 360 0 932 14.986 27 20.1 8.17 28.56 -1.11 10.28 5.36 24.83 13.06 0.89
149.367 211 360 0 932 14.986 27 20.1 8.17 28.56 -1.11 10.28 5.36 24.83 13.06 0.89
170.3714 212 360 0 932 14.986 27 20.1 8.17 28.56 -1.11 10.28 5.36 24.83 13.06 0.89
157.8845 213 360 0 932 14.986 27 20.1 8.17 28.56 -1.11 10.28 5.36 24.83 13.06 0.89
163.7228 214 360 0 932 14.986 27 20.1 8.17 28.56 -1.11 10.28 5.36 24.83 13.06 0.89
171.4642 215 360 0 932 14.986 27 20.1 8.17 28.56 -1.11 10.28 5.36 24.83 13.06 0.89
130.0678 216 360 0 932 14.986 27 20.1 8.17 28.56 -1.11 10.28 5.36 24.83 13.06 0.89
147.0004 217 360 0 932 14.986 27 20.1 8.17 28.56 -1.11 10.28 5.36 24.83 13.06 0.89
160.2988 218 360 0 932 14.986 27 20.1 8.17 28.56 -1.11 10.28 5.36 24.83 13.06 0.89
157.7891 220 360 0 932 14.986 27 20.1 8.17 28.56 -1.11 10.28 5.36 24.83 13.06 0.89
160.5758 221 360 0 932 14.986 27 20.1 8.17 28.56 -1.11 10.28 5.36 24.83 13.06 0.89
128.3019 222 360 0 932 14.986 27 20.1 8.17 28.56 -1.11 10.28 5.36 24.83 13.06 0.89
168.1452 223 360 0 932 14.986 27 20.1 8.17 28.56 -1.11 10.28 5.36 24.83 13.06 0.89
158.2836 224 360 0 932 14.986 27 20.1 8.17 28.56 -1.11 10.28 5.36 24.83 13.06 0.89
179.4503 225 360 0 932 14.986 27 20.1 8.17 28.56 -1.11 10.28 5.36 24.83 13.06 0.89
179.8961 226 360 0 932 14.986 27 20.1 8.17 28.56 -1.11 10.28 5.36 24.83 13.06 0.89
172.5904 227 360 0 932 14.986 27 20.1 8.17 28.56 -1.11 10.28 5.36 24.83 13.06 0.89
143.9036 228 360 0 932 14.986 27 20.1 8.17 28.56 -1.11 10.28 5.36 24.83 13.06 0.89
174.1562 229 360 0 932 14.986 27 20.1 8.17 28.56 -1.11 10.28 5.36 24.83 13.06 0.89
160.3793 230 360 0 932 14.986 27 20.1 8.17 28.56 -1.11 10.28 5.36 24.83 13.06 0.89
162.8035 231 360 0 932 14.986 27 20.1 8.17 28.56 -1.11 10.28 5.36 24.83 13.06 0.89
190.1716 232 360 0 932 14.986 27 20.1 8.17 28.56 -1.11 10.28 5.36 24.83 13.06 0.89
142.0378 234 360 0 932 14.986 27 20.1 8.17 28.56 -1.11 10.28 5.36 24.83 13.06 0.89
163.2793 235 360 0 932 14.986 27 20.1 8.17 28.56 -1.11 10.28 5.36 24.83 13.06 0.89
184.2747 236 360 0 932 14.986 27 20.1 8.17 28.56 -1.11 10.28 5.36 24.83 13.06 0.89
195.1185 237 360 0 932 14.986 27 20.1 8.17 28.56 -1.11 10.28 5.36 24.83 13.06 0.89
149.0553 238 360 0 932 14.986 27 20.1 8.17 28.56 -1.11 10.28 5.36 24.83 13.06 0.89
173.3504 239 360 0 932 14.986 27 20.1 8.17 28.56 -1.11 10.28 5.36 24.83 13.06 0.89
146.2487 240 360 0 932 14.986 27 20.1 8.17 28.56 -1.11 10.28 5.36 24.83 13.06 0.89
146.2997 241 360 0 932 14.986 27 20.1 8.17 28.56 -1.11 10.28 5.36 24.83 13.06 0.89
150.9413 242 360 0 932 14.986 27 20.1 8.17 28.56 -1.11 10.28 5.36 24.83 13.06 0.89
146.4493 244 360 0 932 14.986 27 20.1 8.17 28.56 -1.11 10.28 5.36 24.83 13.06 0.89
122.2578 245 360 0 932 14.986 27 20.1 8.17 28.56 -1.11 10.28 5.36 24.83 13.06 0.89
143.1224 246 360 0 932 14.986 27 20.1 8.17 28.56 -1.11 10.28 5.36 24.83 13.06 0.89
148.995 247 360 0 932 14.986 27 20.1 8.17 28.56 -1.11 10.28 5.36 24.83 13.06 0.89
156.9004 248 360 0 932 14.986 27 20.1 8.17 28.56 -1.11 10.28 5.36 24.83 13.06 0.89
179.679 249 360 0 932 14.986 27 20.1 8.17 28.56 -1.11 10.28 5.36 24.83 13.06 0.89
184.4995 250 360 0 932 14.986 27 20.1 8.17 28.56 -1.11 10.28 5.36 24.83 13.06 0.89
181.235 251 360 0 932 14.986 27 20.1 8.17 28.56 -1.11 10.28 5.36 24.83 13.06 0.89
166.3752 252 360 0 932 14.986 27 20.1 8.17 28.56 -1.11 10.28 5.36 24.83 13.06 0.89
138.8511 253 360 0 932 14.986 27 20.1 8.17 28.56 -1.11 10.28 5.36 24.83 13.06 0.89
155.6626 254 360 0 932 14.986 27 20.1 8.17 28.56 -1.11 10.28 5.36 24.83 13.06 0.89
186.6196 254 360 0 932 14.986 27 20.1 8.17 28.56 -1.11 10.28 5.36 24.83 13.06 0.89
65.86655 255 360 0 932 14.986 27 20.1 8.17 28.56 -1.11 10.28 5.36 24.83 13.06 0.89
184.4065 255 360 0 932 14.986 27 20.1 8.17 28.56 -1.11 10.28 5.36 24.83 13.06 0.89
164.7643 257 360 0 932 14.986 27 20.1 8.17 28.56 -1.11 10.28 5.36 24.83 13.06 0.89
153.5724 259 360 0 932 14.986 27 20.1 8.17 28.56 -1.11 10.28 5.36 24.83 13.06 0.89
143.3393 261 360 0 932 14.986 27 20.1 8.17 28.56 -1.11 10.28 5.36 24.83 13.06 0.89
147.956 263 360 0 932 14.986 27 20.1 8.17 28.56 -1.11 10.28 5.36 24.83 13.06 0.89
145.2675 265 360 0 932 14.986 27 20.1 8.17 28.56 -1.11 10.28 5.36 24.83 13.06 0.89
155.7499 267 360 0 932 14.986 27 20.1 8.17 28.56 -1.11 10.28 5.36 24.83 13.06 0.89
150.1812 268 360 0 932 14.986 27 20.1 8.17 28.56 -1.11 10.28 5.36 24.83 13.06 0.89
149.5595 269 360 0 932 14.986 27 20.1 8.17 28.56 -1.11 10.28 5.36 24.83 13.06 0.89
121.4846 270 360 0 932 14.986 27 20.1 8.17 28.56 -1.11 10.28 5.36 24.83 13.06 0.89
185.6795 272 360 0 932 14.986 27 20.1 8.17 28.56 -1.11 10.28 5.36 24.83 13.06 0.89
131.5223 273 360 0 932 14.986 27 20.1 8.17 28.56 -1.11 10.28 5.36 24.83 13.06 0.89
123.4027 275 360 0 932 14.986 27 20.1 8.17 28.56 -1.11 10.28 5.36 24.83 13.06 0.89
121.4871 276 360 0 932 14.986 27 20.1 8.17 28.56 -1.11 10.28 5.36 24.83 13.06 0.89
160.5921 277 360 0 932 14.986 27 20.1 8.17 28.56 -1.11 10.28 5.36 24.83 13.06 0.89
169.8022 278 360 0 932 14.986 27 20.1 8.17 28.56 -1.11 10.28 5.36 24.83 13.06 0.89
155.6759 279 360 0 932 14.986 27 20.1 8.17 28.56 -1.11 10.28 5.36 24.83 13.06 0.89
151.2456 280 360 0 932 14.986 27 20.1 8.17 28.56 -1.11 10.28 5.36 24.83 13.06 0.89
163.6573 282 360 0 932 14.986 27 20.1 8.17 28.56 -1.11 10.28 5.36 24.83 13.06 0.89
164.225 283 360 0 932 14.986 27 20.1 8.17 28.56 -1.11 10.28 5.36 24.83 13.06 0.89
134.0088 286 360 0 932 14.986 27 20.1 8.17 28.56 -1.11 10.28 5.36 24.83 13.06 0.89
105.4438 287 360 0 932 14.986 27 20.1 8.17 28.56 -1.11 10.28 5.36 24.83 13.06 0.89
155.184 289 360 0 932 14.986 27 20.1 8.17 28.56 -1.11 10.28 5.36 24.83 13.06 0.89
124.2267 290 360 0 932 14.986 27 20.1 8.17 28.56 -1.11 10.28 5.36 24.83 13.06 0.89
147.8088 293 360 0 932 14.986 27 20.1 8.17 28.56 -1.11 10.28 5.36 24.83 13.06 0.89
153.6433 296 360 0 932 14.986 27 20.1 8.17 28.56 -1.11 10.28 5.36 24.83 13.06 0.89
143.7457 297 360 0 932 14.986 27 20.1 8.17 28.56 -1.11 10.28 5.36 24.83 13.06 0.89
152.8085 298 360 0 932 14.986 27 20.1 8.17 28.56 -1.11 10.28 5.36 24.83 13.06 0.89
140.9934 299 360 0 932 14.986 27 20.1 8.17 28.56 -1.11 10.28 5.36 24.83 13.06 0.89
151.1314 300 360 0 932 14.986 27 20.1 8.17 28.56 -1.11 10.28 5.36 24.83 13.06 0.89
162.8405 302 360 0 932 14.986 27 20.1 8.17 28.56 -1.11 10.28 5.36 24.83 13.06 0.89
144.2258 304 360 0 932 14.986 27 20.1 8.17 28.56 -1.11 10.28 5.36 24.83 13.06 0.89
136.6766 306 360 0 932 14.986 27 20.1 8.17 28.56 -1.11 10.28 5.36 24.83 13.06 0.89
198.2484 308 360 0 932 14.986 27 20.1 8.17 28.56 -1.11 10.28 5.36 24.83 13.06 0.89
122.9475 309 360 0 932 14.986 27 20.1 8.17 28.56 -1.11 10.28 5.36 24.83 13.06 0.89
150.4208 313 360 0 932 14.986 27 20.1 8.17 28.56 -1.11 10.28 5.36 24.83 13.06 0.89
170.1592 314 360 0 932 14.986 27 20.1 8.17 28.56 -1.11 10.28 5.36 24.83 13.06 0.89
173.5509 314 360 0 932 14.986 27 20.1 8.17 28.56 -1.11 10.28 5.36 24.83 13.06 0.89
139.4616 315 360 0 932 14.986 27 20.1 8.17 28.56 -1.11 10.28 5.36 24.83 13.06 0.89
133.0136 318 360 0 932 14.986 27 20.1 8.17 28.56 -1.11 10.28 5.36 24.83 13.06 0.89
161.89 320 360 0 932 14.986 27 20.1 8.17 28.56 -1.11 10.28 5.36 24.83 13.06 0.89
150.6826 320 360 0 932 14.986 27 20.1 8.17 28.56 -1.11 10.28 5.36 24.83 13.06 0.89
154.8939 321 360 0 932 14.986 27 20.1 8.17 28.56 -1.11 10.28 5.36 24.83 13.06 0.89
112.0717 324 360 0 932 14.986 27 20.1 8.17 28.56 -1.11 10.28 5.36 24.83 13.06 0.89
72.27218 329 360 0 932 14.986 27 20.1 8.17 28.56 -1.11 10.28 5.36 24.83 13.06 0.89
146.0783 333 360 0 932 14.986 27 20.1 8.17 28.56 -1.11 10.28 5.36 24.83 13.06 0.89
97.06854 334 360 0 932 14.986 27 20.1 8.17 28.56 -1.11 10.28 5.36 24.83 13.06 0.89
154.272 341 360 0 932 14.986 27 20.1 8.17 28.56 -1.11 10.28 5.36 24.83 13.06 0.89
141.4629 342 360 0 932 14.986 27 20.1 8.17 28.56 -1.11 10.28 5.36 24.83 13.06 0.89
173.1337 343 360 0 932 14.986 27 20.1 8.17 28.56 -1.11 10.28 5.36 24.83 13.06 0.89
156.5897 344 360 0 932 14.986 27 20.1 8.17 28.56 -1.11 10.28 5.36 24.83 13.06 0.89
161.1692 345 360 0 932 14.986 27 20.1 8.17 28.56 -1.11 10.28 5.36 24.83 13.06 0.89
164.3763 346 360 0 932 14.986 27 20.1 8.17 28.56 -1.11 10.28 5.36 24.83 13.06 0.89
116.9723 347 360 0 932 14.986 27 20.1 8.17 28.56 -1.11 10.28 5.36 24.83 13.06 0.89
159.6729 348 360 0 932 14.986 27 20.1 8.17 28.56 -1.11 10.28 5.36 24.83 13.06 0.89
153.1572 349 360 0 932 14.986 27 20.1 8.17 28.56 -1.11 10.28 5.36 24.83 13.06 0.89
140.8317 350 360 0 932 14.986 27 20.1 8.17 28.56 -1.11 10.28 5.36 24.83 13.06 0.89
148.343 351 360 0 932 14.986 27 20.1 8.17 28.56 -1.11 10.28 5.36 24.83 13.06 0.89
174.2032 352 360 0 932 14.986 27 20.1 8.17 28.56 -1.11 10.28 5.36 24.83 13.06 0.89
136.074 353 360 0 932 14.986 27 20.1 8.17 28.56 -1.11 10.28 5.36 24.83 13.06 0.89
169.48 354 360 0 932 14.986 27 20.1 8.17 28.56 -1.11 10.28 5.36 24.83 13.06 0.89
146.9471 355 360 0 932 14.986 27 20.1 8.17 28.56 -1.11 10.28 5.36 24.83 13.06 0.89
152.2094 356 360 0 932 14.986 27 20.1 8.17 28.56 -1.11 10.28 5.36 24.83 13.06 0.89
199.1441 357 360 0 932 14.986 27 20.1 8.17 28.56 -1.11 10.28 5.36 24.83 13.06 0.89
179.9996 358 360 0 932 14.986 27 20.1 8.17 28.56 -1.11 10.28 5.36 24.83 13.06 0.89
192.3875 359 360 0 932 14.986 27 20.1 8.17 28.56 -1.11 10.28 5.36 24.83 13.06 0.89
127.1281 360 360 0 932 14.986 27 20.1 8.17 28.56 -1.11 10.28 5.36 24.83 13.06 0.89
126.163 360 360 0 932 14.986 27 20.1 8.17 28.56 -1.11 10.28 5.36 24.83 13.06 0.89
171.6432 361 360 0 932 14.986 27 20.1 8.17 28.56 -1.11 10.28 5.36 24.83 13.06 0.89
188.8388 361 360 0 932 14.986 27 20.1 8.17 28.56 -1.11 10.28 5.36 24.83 13.06 0.89
103.0772 363 360 0 932 14.986 27 20.1 8.17 28.56 -1.11 10.28 5.36 24.83 13.06 0.89
129.5717 365 360 0 932 14.986 27 20.1 8.17 28.56 -1.11 10.28 5.36 24.83 13.06 0.89
164.7999 365 360 0 932 14.986 27 20.1 8.17 28.56 -1.11 10.28 5.36 24.83 13.06 0.89
177.3233 366 360 0 932 14.986 27 20.1 8.17 28.56 -1.11 10.28 5.36 24.83 13.06 0.89
122.5617 367 360 0 932 14.986 27 20.1 8.17 28.56 -1.11 10.28 5.36 24.83 13.06 0.89
155.8238 368 360 0 932 14.986 27 20.1 8.17 28.56 -1.11 10.28 5.36 24.83 13.06 0.89
153.8211 369 360 0 932 14.986 27 20.1 8.17 28.56 -1.11 10.28 5.36 24.83 13.06 0.89
190.6619 370 360 0 932 14.986 27 20.1 8.17 28.56 -1.11 10.28 5.36 24.83 13.06 0.89
148.9135 371 360 0 932 14.986 27 20.1 8.17 28.56 -1.11 10.28 5.36 24.83 13.06 0.89
129.8364 372 360 0 932 14.986 27 20.1 8.17 28.56 -1.11 10.28 5.36 24.83 13.06 0.89
143.2671 373 360 0 932 14.986 27 20.1 8.17 28.56 -1.11 10.28 5.36 24.83 13.06 0.89
152.8917 374 360 0 932 14.986 27 20.1 8.17 28.56 -1.11 10.28 5.36 24.83 13.06 0.89
168.1253 375 360 0 932 14.986 27 20.1 8.17 28.56 -1.11 10.28 5.36 24.83 13.06 0.89
157.8269 376 360 0 932 14.986 27 20.1 8.17 28.56 -1.11 10.28 5.36 24.83 13.06 0.89
164.0023 377 360 0 932 14.986 27 20.1 8.17 28.56 -1.11 10.28 5.36 24.83 13.06 0.89
143.3386 378 360 0 932 14.986 27 20.1 8.17 28.56 -1.11 10.28 5.36 24.83 13.06 0.89
152.7554 379 360 0 932 14.986 27 20.1 8.17 28.56 -1.11 10.28 5.36 24.83 13.06 0.89
155.877 382 360 0 932 14.986 27 20.1 8.17 28.56 -1.11 10.28 5.36 24.83 13.06 0.89
149.1397 382 360 0 932 14.986 27 20.1 8.17 28.56 -1.11 10.28 5.36 24.83 13.06 0.89
176.0535 384 360 0 932 14.986 27 20.1 8.17 28.56 -1.11 10.28 5.36 24.83 13.06 0.89
157.4878 384 360 0 932 14.986 27 20.1 8.17 28.56 -1.11 10.28 5.36 24.83 13.06 0.89
146.4273 385 360 0 932 14.986 27 20.1 8.17 28.56 -1.11 10.28 5.36 24.83 13.06 0.89
182.3341 385 360 0 932 14.986 27 20.1 8.17 28.56 -1.11 10.28 5.36 24.83 13.06 0.89
171.2986 386 360 0 932 14.986 27 20.1 8.17 28.56 -1.11 10.28 5.36 24.83 13.06 0.89
179.5645 386 360 0 932 14.986 27 20.1 8.17 28.56 -1.11 10.28 5.36 24.83 13.06 0.89
191.0353 387 360 0 932 14.986 27 20.1 8.17 28.56 -1.11 10.28 5.36 24.83 13.06 0.89
200.2186 387 360 0 932 14.986 27 20.1 8.17 28.56 -1.11 10.28 5.36 24.83 13.06 0.89
160.2397 388 360 0 932 14.986 27 20.1 8.17 28.56 -1.11 10.28 5.36 24.83 13.06 0.89
147.5803 388 360 0 932 14.986 27 20.1 8.17 28.56 -1.11 10.28 5.36 24.83 13.06 0.89
122.8483 389 360 0 932 14.986 27 20.1 8.17 28.56 -1.11 10.28 5.36 24.83 13.06 0.89
138.0483 390 360 0 932 14.986 27 20.1 8.17 28.56 -1.11 10.28 5.36 24.83 13.06 0.89
187.4521 392 360 0 932 14.986 27 20.1 8.17 28.56 -1.11 10.28 5.36 24.83 13.06 0.89
174.712 393 360 0 932 14.986 27 20.1 8.17 28.56 -1.11 10.28 5.36 24.83 13.06 0.89
186.7058 393 360 0 932 14.986 27 20.1 8.17 28.56 -1.11 10.28 5.36 24.83 13.06 0.89
154.0544 394 360 0 932 14.986 27 20.1 8.17 28.56 -1.11 10.28 5.36 24.83 13.06 0.89
140.7479 394 360 0 932 14.986 27 20.1 8.17 28.56 -1.11 10.28 5.36 24.83 13.06 0.89
184.6055 395 360 0 932 14.986 27 20.1 8.17 28.56 -1.11 10.28 5.36 24.83 13.06 0.89
167.4447 395 360 0 932 14.986 27 20.1 8.17 28.56 -1.11 10.28 5.36 24.83 13.06 0.89
153.8497 396 360 0 932 14.986 27 20.1 8.17 28.56 -1.11 10.28 5.36 24.83 13.06 0.89
146.1783 397 360 0 932 14.986 27 20.1 8.17 28.56 -1.11 10.28 5.36 24.83 13.06 0.89
176.89 397 360 0 932 14.986 27 20.1 8.17 28.56 -1.11 10.28 5.36 24.83 13.06 0.89
163.2086 398 360 0 932 14.986 27 20.1 8.17 28.56 -1.11 10.28 5.36 24.83 13.06 0.89
168.3834 398 360 0 932 14.986 27 20.1 8.17 28.56 -1.11 10.28 5.36 24.83 13.06 0.89
140.6771 399 360 0 932 14.986 27 20.1 8.17 28.56 -1.11 10.28 5.36 24.83 13.06 0.89
156.6049 400 360 0 932 14.986 27 20.1 8.17 28.56 -1.11 10.28 5.36 24.83 13.06 0.89
136.5146 401 360 0 932 14.986 27 20.1 8.17 28.56 -1.11 10.28 5.36 24.83 13.06 0.89
121.778 402 360 0 932 14.986 27 20.1 8.17 28.56 -1.11 10.28 5.36 24.83 13.06 0.89
126.6874 403 360 0 932 14.986 27 20.1 8.17 28.56 -1.11 10.28 5.36 24.83 13.06 0.89
119.4276 404 360 0 932 14.986 27 20.1 8.17 28.56 -1.11 10.28 5.36 24.83 13.06 0.89
140.8172 406 360 0 932 14.986 27 20.1 8.17 28.56 -1.11 10.28 5.36 24.83 13.06 0.89
179.685 406 360 0 932 14.986 27 20.1 8.17 28.56 -1.11 10.28 5.36 24.83 13.06 0.89
157.6019 407 360 0 932 14.986 27 20.1 8.17 28.56 -1.11 10.28 5.36 24.83 13.06 0.89
104.1174 408 360 0 932 14.986 27 20.1 8.17 28.56 -1.11 10.28 5.36 24.83 13.06 0.89
132.5338 409 360 0 932 14.986 27 20.1 8.17 28.56 -1.11 10.28 5.36 24.83 13.06 0.89
151.5026 410 360 0 932 14.986 27 20.1 8.17 28.56 -1.11 10.28 5.36 24.83 13.06 0.89
187.9156 413 360 0 932 14.986 27 20.1 8.17 28.56 -1.11 10.28 5.36 24.83 13.06 0.89
147.6216 414 360 0 932 14.986 27 20.1 8.17 28.56 -1.11 10.28 5.36 24.83 13.06 0.89
154.0353 414 360 0 932 14.986 27 20.1 8.17 28.56 -1.11 10.28 5.36 24.83 13.06 0.89
142.6112 415 360 0 932 14.986 27 20.1 8.17 28.56 -1.11 10.28 5.36 24.83 13.06 0.89
153.5394 416 360 0 932 14.986 27 20.1 8.17 28.56 -1.11 10.28 5.36 24.83 13.06 0.89
150.1571 417 360 0 932 14.986 27 20.1 8.17 28.56 -1.11 10.28 5.36 24.83 13.06 0.89
145.3413 418 360 0 932 14.986 27 20.1 8.17 28.56 -1.11 10.28 5.36 24.83 13.06 0.89
134.8011 419 360 0 932 14.986 27 20.1 8.17 28.56 -1.11 10.28 5.36 24.83 13.06 0.89
151.1994 421 360 0 932 14.986 27 20.1 8.17 28.56 -1.11 10.28 5.36 24.83 13.06 0.89
131.3275 422 360 0 932 14.986 27 20.1 8.17 28.56 -1.11 10.28 5.36 24.83 13.06 0.89
156.3942 423 360 0 932 14.986 27 20.1 8.17 28.56 -1.11 10.28 5.36 24.83 13.06 0.89
170.7239 424 360 0 932 14.986 27 20.1 8.17 28.56 -1.11 10.28 5.36 24.83 13.06 0.89
149.9347 425 360 0 932 14.986 27 20.1 8.17 28.56 -1.11 10.28 5.36 24.83 13.06 0.89
158.6537 426 360 0 932 14.986 27 20.1 8.17 28.56 -1.11 10.28 5.36 24.83 13.06 0.89
167.6172 427 360 0 932 14.986 27 20.1 8.17 28.56 -1.11 10.28 5.36 24.83 13.06 0.89
128.0574 428 360 0 932 14.986 27 20.1 8.17 28.56 -1.11 10.28 5.36 24.83 13.06 0.89
158.1178 429 360 0 932 14.986 27 20.1 8.17 28.56 -1.11 10.28 5.36 24.83 13.06 0.89
156.756 430 360 0 932 14.986 27 20.1 8.17 28.56 -1.11 10.28 5.36 24.83 13.06 0.89
156.0538 432 360 0 932 14.986 27 20.1 8.17 28.56 -1.11 10.28 5.36 24.83 13.06 0.89
161.906 433 360 0 932 14.986 27 20.1 8.17 28.56 -1.11 10.28 5.36 24.83 13.06 0.89
125.0107 434 360 0 932 14.986 27 20.1 8.17 28.56 -1.11 10.28 5.36 24.83 13.06 0.89
133.4948 436 360 0 932 14.986 27 20.1 8.17 28.56 -1.11 10.28 5.36 24.83 13.06 0.89
152.4014 437 360 0 932 14.986 27 20.1 8.17 28.56 -1.11 10.28 5.36 24.83 13.06 0.89
146.596 438 360 0 932 14.986 27 20.1 8.17 28.56 -1.11 10.28 5.36 24.83 13.06 0.89
184.0873 439 360 0 932 14.986 27 20.1 8.17 28.56 -1.11 10.28 5.36 24.83 13.06 0.89
154.4272 441 360 0 932 14.986 27 20.1 8.17 28.56 -1.11 10.28 5.36 24.83 13.06 0.89
177.0694 442 360 0 932 14.986 27 20.1 8.17 28.56 -1.11 10.28 5.36 24.83 13.06 0.89
170.9438 443 360 0 932 14.986 27 20.1 8.17 28.56 -1.11 10.28 5.36 24.83 13.06 0.89
186.7584 445 360 0 932 14.986 27 20.1 8.17 28.56 -1.11 10.28 5.36 24.83 13.06 0.89
170.7106 446 360 0 932 14.986 27 20.1 8.17 28.56 -1.11 10.28 5.36 24.83 13.06 0.89
163.914 446 360 0 932 14.986 27 20.1 8.17 28.56 -1.11 10.28 5.36 24.83 13.06 0.89
148.1988 451 360 0 932 14.986 27 20.1 8.17 28.56 -1.11 10.28 5.36 24.83 13.06 0.89
150.2571 452 360 0 932 14.986 27 20.1 8.17 28.56 -1.11 10.28 5.36 24.83 13.06 0.89
192.6614 455 360 0 932 14.986 27 20.1 8.17 28.56 -1.11 10.28 5.36 24.83 13.06 0.89
169.3565 456 360 0 932 14.986 27 20.1 8.17 28.56 -1.11 10.28 5.36 24.83 13.06 0.89
145.5528 457 360 0 932 14.986 27 20.1 8.17 28.56 -1.11 10.28 5.36 24.83 13.06 0.89
161.2547 459 360 0 932 14.986 27 20.1 8.17 28.56 -1.11 10.28 5.36 24.83 13.06 0.89
179.9474 460 360 0 932 14.986 27 20.1 8.17 28.56 -1.11 10.28 5.36 24.83 13.06 0.89
175.2496 461 360 0 932 14.986 27 20.1 8.17 28.56 -1.11 10.28 5.36 24.83 13.06 0.89
122.1491 464 360 0 932 14.986 27 20.1 8.17 28.56 -1.11 10.28 5.36 24.83 13.06 0.89
156.6101 465 360 0 932 14.986 27 20.1 8.17 28.56 -1.11 10.28 5.36 24.83 13.06 0.89
191.0255 466 360 0 932 14.986 27 20.1 8.17 28.56 -1.11 10.28 5.36 24.83 13.06 0.89
192.6096 467 360 0 932 14.986 27 20.1 8.17 28.56 -1.11 10.28 5.36 24.83 13.06 0.89
204.2414 467 360 0 932 14.986 27 20.1 8.17 28.56 -1.11 10.28 5.36 24.83 13.06 0.89
131.3679 468 360 0 932 14.986 27 20.1 8.17 28.56 -1.11 10.28 5.36 24.83 13.06 0.89
142.9313 469 360 0 932 14.986 27 20.1 8.17 28.56 -1.11 10.28 5.36 24.83 13.06 0.89
174.8814 470 360 0 932 14.986 27 20.1 8.17 28.56 -1.11 10.28 5.36 24.83 13.06 0.89
153.8841 471 360 0 932 14.986 27 20.1 8.17 28.56 -1.11 10.28 5.36 24.83 13.06 0.89
132.7767 475 360 0 932 14.986 27 20.1 8.17 28.56 -1.11 10.28 5.36 24.83 13.06 0.89
146.4415 476 360 0 932 14.986 27 20.1 8.17 28.56 -1.11 10.28 5.36 24.83 13.06 0.89
192.6232 477 360 0 932 14.986 27 20.1 8.17 28.56 -1.11 10.28 5.36 24.83 13.06 0.89
175.3858 477 360 0 932 14.986 27 20.1 8.17 28.56 -1.11 10.28 5.36 24.83 13.06 0.89
171.229 478 360 0 932 14.986 27 20.1 8.17 28.56 -1.11 10.28 5.36 24.83 13.06 0.89
181.2798 478 360 0 932 14.986 27 20.1 8.17 28.56 -1.11 10.28 5.36 24.83 13.06 0.89
202.3095 479 360 0 932 14.986 27 20.1 8.17 28.56 -1.11 10.28 5.36 24.83 13.06 0.89
193.3144 479 360 0 932 14.986 27 20.1 8.17 28.56 -1.11 10.28 5.36 24.83 13.06 0.89
219.6602 480 360 0 932 14.986 27 20.1 8.17 28.56 -1.11 10.28 5.36 24.83 13.06 0.89
162.2887 480 360 0 932 14.986 27 20.1 8.17 28.56 -1.11 10.28 5.36 24.83 13.06 0.89
149.3936 499 360 0 932 14.986 27 20.1 8.17 28.56 -1.11 10.28 5.36 24.83 13.06 0.89
169.3943 499 360 0 932 14.986 27 20.1 8.17 28.56 -1.11 10.28 5.36 24.83 13.06 0.89
168.1184 505 360 0 932 14.986 27 20.1 8.17 28.56 -1.11 10.28 5.36 24.83 13.06 0.89
177.9724 505 360 0 932 14.986 27 20.1 8.17 28.56 -1.11 10.28 5.36 24.83 13.06 0.89
145.1243 506 360 0 932 14.986 27 20.1 8.17 28.56 -1.11 10.28 5.36 24.83 13.06 0.89
175.6648 508 360 0 932 14.986 27 20.1 8.17 28.56 -1.11 10.28 5.36 24.83 13.06 0.89
188.5719 508 360 0 932 14.986 27 20.1 8.17 28.56 -1.11 10.28 5.36 24.83 13.06 0.89
119.1868 511 360 0 932 14.986 27 20.1 8.17 28.56 -1.11 10.28 5.36 24.83 13.06 0.89
119.4364 513 360 0 932 14.986 27 20.1 8.17 28.56 -1.11 10.28 5.36 24.83 13.06 0.89
178.2379 515 360 0 932 14.986 27 20.1 8.17 28.56 -1.11 10.28 5.36 24.83 13.06 0.89
118.7303 517 360 0 932 14.986 27 20.1 8.17 28.56 -1.11 10.28 5.36 24.83 13.06 0.89
103.3455 518 360 0 932 14.986 27 20.1 8.17 28.56 -1.11 10.28 5.36 24.83 13.06 0.89
132.2911 520 360 0 932 14.986 27 20.1 8.17 28.56 -1.11 10.28 5.36 24.83 13.06 0.89
144.2301 522 360 0 932 14.986 27 20.1 8.17 28.56 -1.11 10.28 5.36 24.83 13.06 0.89
170.5591 522 360 0 932 14.986 27 20.1 8.17 28.56 -1.11 10.28 5.36 24.83 13.06 0.89
183.9721 524 360 0 932 14.986 27 20.1 8.17 28.56 -1.11 10.28 5.36 24.83 13.06 0.89
144.7221 525 360 0 932 14.986 27 20.1 8.17 28.56 -1.11 10.28 5.36 24.83 13.06 0.89
74.93831 527 360 0 932 14.986 27 20.1 8.17 28.56 -1.11 10.28 5.36 24.83 13.06 0.89
145.1057 528 360 0 932 14.986 27 20.1 8.17 28.56 -1.11 10.28 5.36 24.83 13.06 0.89
131.0106 529 360 0 932 14.986 27 20.1 8.17 28.56 -1.11 10.28 5.36 24.83 13.06 0.89
154.0157 531 360 0 932 14.986 27 20.1 8.17 28.56 -1.11 10.28 5.36 24.83 13.06 0.89
154.2474 532 360 0 932 14.986 27 20.1 8.17 28.56 -1.11 10.28 5.36 24.83 13.06 0.89
128.5368 537 360 0 932 14.986 27 20.1 8.17 28.56 -1.11 10.28 5.36 24.83 13.06 0.89
165.844 538 360 0 932 14.986 27 20.1 8.17 28.56 -1.11 10.28 5.36 24.83 13.06 0.89
142.4992 539 360 0 932 14.986 27 20.1 8.17 28.56 -1.11 10.28 5.36 24.83 13.06 0.89
169.3126 541 360 0 932 14.986 27 20.1 8.17 28.56 -1.11 10.28 5.36 24.83 13.06 0.89
137.2175 542 360 0 932 14.986 27 20.1 8.17 28.56 -1.11 10.28 5.36 24.83 13.06 0.89
155.6796 542 360 0 932 14.986 27 20.1 8.17 28.56 -1.11 10.28 5.36 24.83 13.06 0.89
167.1806 543 360 0 932 14.986 27 20.1 8.17 28.56 -1.11 10.28 5.36 24.83 13.06 0.89
156.7603 544 360 0 932 14.986 27 20.1 8.17 28.56 -1.11 10.28 5.36 24.83 13.06 0.89
145.6224 545 360 0 932 14.986 27 20.1 8.17 28.56 -1.11 10.28 5.36 24.83 13.06 0.89
157.7012 546 360 0 932 14.986 27 20.1 8.17 28.56 -1.11 10.28 5.36 24.83 13.06 0.89
172.6517 547 360 0 932 14.986 27 20.1 8.17 28.56 -1.11 10.28 5.36 24.83 13.06 0.89
157.2983 548 360 0 932 14.986 27 20.1 8.17 28.56 -1.11 10.28 5.36 24.83 13.06 0.89
136.8882 549 360 0 932 14.986 27 20.1 8.17 28.56 -1.11 10.28 5.36 24.83 13.06 0.89
159.5301 549 360 0 932 14.986 27 20.1 8.17 28.56 -1.11 10.28 5.36 24.83 13.06 0.89
183.6396 550 360 0 932 14.986 27 20.1 8.17 28.56 -1.11 10.28 5.36 24.83 13.06 0.89
148.8477 551 360 0 932 14.986 27 20.1 8.17 28.56 -1.11 10.28 5.36 24.83 13.06 0.89
170.3045 555 360 0 932 14.986 27 20.1 8.17 28.56 -1.11 10.28 5.36 24.83 13.06 0.89
156.0498 557 360 0 932 14.986 27 20.1 8.17 28.56 -1.11 10.28 5.36 24.83 13.06 0.89
109.7486 558 360 0 932 14.986 27 20.1 8.17 28.56 -1.11 10.28 5.36 24.83 13.06 0.89
123.3441 559 360 0 932 14.986 27 20.1 8.17 28.56 -1.11 10.28 5.36 24.83 13.06 0.89
159.9494 560 360 0 932 14.986 27 20.1 8.17 28.56 -1.11 10.28 5.36 24.83 13.06 0.89
157.2686 561 360 0 932 14.986 27 20.1 8.17 28.56 -1.11 10.28 5.36 24.83 13.06 0.89
153.965 563 360 0 932 14.986 27 20.1 8.17 28.56 -1.11 10.28 5.36 24.83 13.06 0.89
102.3874 564 360 0 932 14.986 27 20.1 8.17 28.56 -1.11 10.28 5.36 24.83 13.06 0.89
163.0776 565 360 0 932 14.986 27 20.1 8.17 28.56 -1.11 10.28 5.36 24.83 13.06 0.89
177.4678 565 360 0 932 14.986 27 20.1 8.17 28.56 -1.11 10.28 5.36 24.83 13.06 0.89
135.1798 566 360 0 932 14.986 27 20.1 8.17 28.56 -1.11 10.28 5.36 24.83 13.06 0.89
179.6108 567 360 0 932 14.986 27 20.1 8.17 28.56 -1.11 10.28 5.36 24.83 13.06 0.89
165.5911 568 360 0 932 14.986 27 20.1 8.17 28.56 -1.11 10.28 5.36 24.83 13.06 0.89
128.8618 568 360 0 932 14.986 27 20.1 8.17 28.56 -1.11 10.28 5.36 24.83 13.06 0.89
160.0516 569 360 0 932 14.986 27 20.1 8.17 28.56 -1.11 10.28 5.36 24.83 13.06 0.89
153.1747 594 360 0 932 14.986 27 20.1 8.17 28.56 -1.11 10.28 5.36 24.83 13.06 0.89
144.6086 598 360 0 932 14.986 27 20.1 8.17 28.56 -1.11 10.28 5.36 24.83 13.06 0.89
144.8019 600 360 0 932 14.986 27 20.1 8.17 28.56 -1.11 10.28 5.36 24.83 13.06 0.89
146.3439 602 360 0 932 14.986 27 20.1 8.17 28.56 -1.11 10.28 5.36 24.83 13.06 0.89
166.9263 603 360 0 932 14.986 27 20.1 8.17 28.56 -1.11 10.28 5.36 24.83 13.06 0.89
144.7315 604 360 0 932 14.986 27 20.1 8.17 28.56 -1.11 10.28 5.36 24.83 13.06 0.89
130.1267 606 360 0 932 14.986 27 20.1 8.17 28.56 -1.11 10.28 5.36 24.83 13.06 0.89
171.9817 607 360 0 932 14.986 27 20.1 8.17 28.56 -1.11 10.28 5.36 24.83 13.06 0.89
163.419 608 360 0 932 14.986 27 20.1 8.17 28.56 -1.11 10.28 5.36 24.83 13.06 0.89
143.3801 610 360 0 932 14.986 27 20.1 8.17 28.56 -1.11 10.28 5.36 24.83 13.06 0.89
136.3072 612 360 0 932 14.986 27 20.1 8.17 28.56 -1.11 10.28 5.36 24.83 13.06 0.89
64.1879 613 360 0 932 14.986 27 20.1 8.17 28.56 -1.11 10.28 5.36 24.83 13.06 0.89
106.7261 615 360 0 932 14.986 27 20.1 8.17 28.56 -1.11 10.28 5.36 24.83 13.06 0.89
119.2927 617 360 0 932 14.986 27 20.1 8.17 28.56 -1.11 10.28 5.36 24.83 13.06 0.89
128.3108 618 360 0 932 14.986 27 20.1 8.17 28.56 -1.11 10.28 5.36 24.83 13.06 0.89
191.9152 621 360 0 932 14.986 27 20.1 8.17 28.56 -1.11 10.28 5.36 24.83 13.06 0.89
106.2723 622 360 0 932 14.986 27 20.1 8.17 28.56 -1.11 10.28 5.36 24.83 13.06 0.89
180.8197 625 360 0 932 14.986 27 20.1 8.17 28.56 -1.11 10.28 5.36 24.83 13.06 0.89
133.9407 626 360 0 932 14.986 27 20.1 8.17 28.56 -1.11 10.28 5.36 24.83 13.06 0.89
104.5299 627 360 0 932 14.986 27 20.1 8.17 28.56 -1.11 10.28 5.36 24.83 13.06 0.89
131.1369 629 360 0 932 14.986 27 20.1 8.17 28.56 -1.11 10.28 5.36 24.83 13.06 0.89
141.1788 631 360 0 932 14.986 27 20.1 8.17 28.56 -1.11 10.28 5.36 24.83 13.06 0.89
122.3554 633 360 0 932 14.986 27 20.1 8.17 28.56 -1.11 10.28 5.36 24.83 13.06 0.89
163.8154 0 245 63 895 0.254 15.5 14.3 13.61 23.89 2.78 6.71 2.68 22.89 14.72 1.34
183.0216 0 245 63 895 0.254 15.5 14.3 13.61 23.89 2.78 6.71 2.68 22.89 14.72 1.34
174.6229 1 245 63 895 0.254 15.5 14.3 13.61 23.89 2.78 6.71 2.68 22.89 14.72 1.34
168.7118 1 245 63 895 0.254 15.5 14.3 13.61 23.89 2.78 6.71 2.68 22.89 14.72 1.34
141.6889 2 245 63 895 0.254 15.5 14.3 13.61 23.89 2.78 6.71 2.68 22.89 14.72 1.34
137.8676 3 245 63 895 0.254 15.5 14.3 13.61 23.89 2.78 6.71 2.68 22.89 14.72 1.34
153.7099 10 245 63 895 0.254 15.5 14.3 13.61 23.89 2.78 6.71 2.68 22.89 14.72 1.34
190.9251 11 245 63 895 0.254 15.5 14.3 13.61 23.89 2.78 6.71 2.68 22.89 14.72 1.34
145.6124 14 245 63 895 0.254 15.5 14.3 13.61 23.89 2.78 6.71 2.68 22.89 14.72 1.34
156.1958 15 245 63 895 0.254 15.5 14.3 13.61 23.89 2.78 6.71 2.68 22.89 14.72 1.34
173.533 18 245 63 895 0.254 15.5 14.3 13.61 23.89 2.78 6.71 2.68 22.89 14.72 1.34
191.196 19 245 63 895 0.254 15.5 14.3 13.61 23.89 2.78 6.71 2.68 22.89 14.72 1.34
144.4808 22 245 63 895 0.254 15.5 14.3 13.61 23.89 2.78 6.71 2.68 22.89 14.72 1.34
166.6204 23 245 63 895 0.254 15.5 14.3 13.61 23.89 2.78 6.71 2.68 22.89 14.72 1.34
189.8769 24 245 63 895 0.254 15.5 14.3 13.61 23.89 2.78 6.71 2.68 22.89 14.72 1.34
127.3292 25 245 63 895 0.254 15.5 14.3 13.61 23.89 2.78 6.71 2.68 22.89 14.72 1.34
144.6681 25 245 63 895 0.254 15.5 14.3 13.61 23.89 2.78 6.71 2.68 22.89 14.72 1.34
125.3769 26 245 63 895 0.254 15.5 14.3 13.61 23.89 2.78 6.71 2.68 22.89 14.72 1.34
142.0497 27 245 63 895 0.254 15.5 14.3 13.61 23.89 2.78 6.71 2.68 22.89 14.72 1.34
147.7775 27 245 63 895 0.254 15.5 14.3 13.61 23.89 2.78 6.71 2.68 22.89 14.72 1.34
116.1142 28 245 63 895 0.254 15.5 14.3 13.61 23.89 2.78 6.71 2.68 22.89 14.72 1.34
149.9312 29 245 63 895 0.254 15.5 14.3 13.61 23.89 2.78 6.71 2.68 22.89 14.72 1.34
140.4042 29 245 63 895 0.254 15.5 14.3 13.61 23.89 2.78 6.71 2.68 22.89 14.72 1.34
163.9872 30 245 63 895 0.254 15.5 14.3 13.61 23.89 2.78 6.71 2.68 22.89 14.72 1.34
137.546 31 245 63 895 0.254 15.5 14.3 13.61 23.89 2.78 6.71 2.68 22.89 14.72 1.34
154.1468 32 245 63 895 0.254 15.5 14.3 13.61 23.89 2.78 6.71 2.68 22.89 14.72 1.34
196.0155 34 245 63 895 0.254 15.5 14.3 13.61 23.89 2.78 6.71 2.68 22.89 14.72 1.34
161.0816 35 245 63 895 0.254 15.5 14.3 13.61 23.89 2.78 6.71 2.68 22.89 14.72 1.34
177.3265 36 245 63 895 0.254 15.5 14.3 13.61 23.89 2.78 6.71 2.68 22.89 14.72 1.34
159.0695 37 245 63 895 0.254 15.5 14.3 13.61 23.89 2.78 6.71 2.68 22.89 14.72 1.34
211.8373 38 245 63 895 0.254 15.5 14.3 13.61 23.89 2.78 6.71 2.68 22.89 14.72 1.34
165.3013 39 245 63 895 0.254 15.5 14.3 13.61 23.89 2.78 6.71 2.68 22.89 14.72 1.34
94.38941 40 245 63 895 0.254 15.5 14.3 13.61 23.89 2.78 6.71 2.68 22.89 14.72 1.34
201.3546 41 245 63 895 0.254 15.5 14.3 13.61 23.89 2.78 6.71 2.68 22.89 14.72 1.34
168.0998 42 245 63 895 0.254 15.5 14.3 13.61 23.89 2.78 6.71 2.68 22.89 14.72 1.34
144.8555 43 245 63 895 0.254 15.5 14.3 13.61 23.89 2.78 6.71 2.68 22.89 14.72 1.34
161.9088 44 245 63 895 0.254 15.5 14.3 13.61 23.89 2.78 6.71 2.68 22.89 14.72 1.34
158.7978 45 245 63 895 0.254 15.5 14.3 13.61 23.89 2.78 6.71 2.68 22.89 14.72 1.34
163.5601 46 245 63 895 0.254 15.5 14.3 13.61 23.89 2.78 6.71 2.68 22.89 14.72 1.34
175.8405 47 245 63 895 0.254 15.5 14.3 13.61 23.89 2.78 6.71 2.68 22.89 14.72 1.34
155.8586 48 245 63 895 0.254 15.5 14.3 13.61 23.89 2.78 6.71 2.68 22.89 14.72 1.34
184.2727 49 245 63 895 0.254 15.5 14.3 13.61 23.89 2.78 6.71 2.68 22.89 14.72 1.34
156.6245 50 245 63 895 0.254 15.5 14.3 13.61 23.89 2.78 6.71 2.68 22.89 14.72 1.34
182.655 51 245 63 895 0.254 15.5 14.3 13.61 23.89 2.78 6.71 2.68 22.89 14.72 1.34
145.3735 52 245 63 895 0.254 15.5 14.3 13.61 23.89 2.78 6.71 2.68 22.89 14.72 1.34
166.4371 53 245 63 895 0.254 15.5 14.3 13.61 23.89 2.78 6.71 2.68 22.89 14.72 1.34
156.0779 54 245 63 895 0.254 15.5 14.3 13.61 23.89 2.78 6.71 2.68 22.89 14.72 1.34
167.2259 55 245 63 895 0.254 15.5 14.3 13.61 23.89 2.78 6.71 2.68 22.89 14.72 1.34
126.7777 56 245 63 895 0.254 15.5 14.3 13.61 23.89 2.78 6.71 2.68 22.89 14.72 1.34
145.8595 57 245 63 895 0.254 15.5 14.3 13.61 23.89 2.78 6.71 2.68 22.89 14.72 1.34
150.1963 58 245 63 895 0.254 15.5 14.3 13.61 23.89 2.78 6.71 2.68 22.89 14.72 1.34
199.5766 59 245 63 895 0.254 15.5 14.3 13.61 23.89 2.78 6.71 2.68 22.89 14.72 1.34
194.0124 59 245 63 895 0.254 15.5 14.3 13.61 23.89 2.78 6.71 2.68 22.89 14.72 1.34
182.4267 60 245 63 895 0.254 15.5 14.3 13.61 23.89 2.78 6.71 2.68 22.89 14.72 1.34
193.6016 60 245 63 895 0.254 15.5 14.3 13.61 23.89 2.78 6.71 2.68 22.89 14.72 1.34
191.0822 61 245 63 895 0.254 15.5 14.3 13.61 23.89 2.78 6.71 2.68 22.89 14.72 1.34
158.284 61 245 63 895 0.254 15.5 14.3 13.61 23.89 2.78 6.71 2.68 22.89 14.72 1.34
152.7705 62 245 63 895 0.254 15.5 14.3 13.61 23.89 2.78 6.71 2.68 22.89 14.72 1.34
167.9533 62 245 63 895 0.254 15.5 14.3 13.61 23.89 2.78 6.71 2.68 22.89 14.72 1.34
186.2144 63 245 63 895 0.254 15.5 14.3 13.61 23.89 2.78 6.71 2.68 22.89 14.72 1.34
175.6294 63 245 63 895 0.254 15.5 14.3 13.61 23.89 2.78 6.71 2.68 22.89 14.72 1.34
185.5222 64 245 63 895 0.254 15.5 14.3 13.61 23.89 2.78 6.71 2.68 22.89 14.72 1.34
206.6422 64 245 63 895 0.254 15.5 14.3 13.61 23.89 2.78 6.71 2.68 22.89 14.72 1.34
145.8677 65 245 63 895 0.254 15.5 14.3 13.61 23.89 2.78 6.71 2.68 22.89 14.72 1.34
149.2725 66 245 63 895 0.254 15.5 14.3 13.61 23.89 2.78 6.71 2.68 22.89 14.72 1.34
171.2043 67 245 63 895 0.254 15.5 14.3 13.61 23.89 2.78 6.71 2.68 22.89 14.72 1.34
148.293 68 245 63 895 0.254 15.5 14.3 13.61 23.89 2.78 6.71 2.68 22.89 14.72 1.34
159.6979 68 245 63 895 0.254 15.5 14.3 13.61 23.89 2.78 6.71 2.68 22.89 14.72 1.34
138.7767 69 245 63 895 0.254 15.5 14.3 13.61 23.89 2.78 6.71 2.68 22.89 14.72 1.34
157.3266 70 245 63 895 0.254 15.5 14.3 13.61 23.89 2.78 6.71 2.68 22.89 14.72 1.34
127.3881 73 245 63 895 0.254 15.5 14.3 13.61 23.89 2.78 6.71 2.68 22.89 14.72 1.34
142.2199 74 245 63 895 0.254 15.5 14.3 13.61 23.89 2.78 6.71 2.68 22.89 14.72 1.34
90.14428 76 245 63 895 0.254 15.5 14.3 13.61 23.89 2.78 6.71 2.68 22.89 14.72 1.34
134.4824 77 245 63 895 0.254 15.5 14.3 13.61 23.89 2.78 6.71 2.68 22.89 14.72 1.34
154.3539 78 245 63 895 0.254 15.5 14.3 13.61 23.89 2.78 6.71 2.68 22.89 14.72 1.34
114.2387 79 245 63 895 0.254 15.5 14.3 13.61 23.89 2.78 6.71 2.68 22.89 14.72 1.34
126.0372 80 245 63 895 0.254 15.5 14.3 13.61 23.89 2.78 6.71 2.68 22.89 14.72 1.34
141.4303 81 245 63 895 0.254 15.5 14.3 13.61 23.89 2.78 6.71 2.68 22.89 14.72 1.34
134.5095 82 245 63 895 0.254 15.5 14.3 13.61 23.89 2.78 6.71 2.68 22.89 14.72 1.34
143.1364 85 245 63 895 0.254 15.5 14.3 13.61 23.89 2.78 6.71 2.68 22.89 14.72 1.34
143.1404 86 245 63 895 0.254 15.5 14.3 13.61 23.89 2.78 6.71 2.68 22.89 14.72 1.34
141.9826 87 245 63 895 0.254 15.5 14.3 13.61 23.89 2.78 6.71 2.68 22.89 14.72 1.34
142.76 88 245 63 895 0.254 15.5 14.3 13.61 23.89 2.78 6.71 2.68 22.89 14.72 1.34
116.1355 89 245 63 895 0.254 15.5 14.3 13.61 23.89 2.78 6.71 2.68 22.89 14.72 1.34
114.53 90 245 63 895 0.254 15.5 14.3 13.61 23.89 2.78 6.71 2.68 22.89 14.72 1.34
140.4574 92 245 63 895 0.254 15.5 14.3 13.61 23.89 2.78 6.71 2.68 22.89 14.72 1.34
151.296 92 245 63 895 0.254 15.5 14.3 13.61 23.89 2.78 6.71 2.68 22.89 14.72 1.34
165.9469 93 245 63 895 0.254 15.5 14.3 13.61 23.89 2.78 6.71 2.68 22.89 14.72 1.34
128.1598 96 245 63 895 0.254 15.5 14.3 13.61 23.89 2.78 6.71 2.68 22.89 14.72 1.34
137.947 97 245 63 895 0.254 15.5 14.3 13.61 23.89 2.78 6.71 2.68 22.89 14.72 1.34
134.2992 98 245 63 895 0.254 15.5 14.3 13.61 23.89 2.78 6.71 2.68 22.89 14.72 1.34
123.8312 98 245 63 895 0.254 15.5 14.3 13.61 23.89 2.78 6.71 2.68 22.89 14.72 1.34
162.8695 100 245 63 895 0.254 15.5 14.3 13.61 23.89 2.78 6.71 2.68 22.89 14.72 1.34
128.4339 101 245 63 895 0.254 15.5 14.3 13.61 23.89 2.78 6.71 2.68 22.89 14.72 1.34
110.6711 105 245 63 895 0.254 15.5 14.3 13.61 23.89 2.78 6.71 2.68 22.89 14.72 1.34
104.7657 105 245 63 895 0.254 15.5 14.3 13.61 23.89 2.78 6.71 2.68 22.89 14.72 1.34
154.6484 106 245 63 895 0.254 15.5 14.3 13.61 23.89 2.78 6.71 2.68 22.89 14.72 1.34
138.0198 112 245 63 895 0.254 15.5 14.3 13.61 23.89 2.78 6.71 2.68 22.89 14.72 1.34
129.2955 113 245 63 895 0.254 15.5 14.3 13.61 23.89 2.78 6.71 2.68 22.89 14.72 1.34
123.5808 118 245 63 895 0.254 15.5 14.3 13.61 23.89 2.78 6.71 2.68 22.89 14.72 1.34
122.7584 125 245 63 895 0.254 15.5 14.3 13.61 23.89 2.78 6.71 2.68 22.89 14.72 1.34
128.9003 125 245 63 895 0.254 15.5 14.3 13.61 23.89 2.78 6.71 2.68 22.89 14.72 1.34
97.48406 126 245 63 895 0.254 15.5 14.3 13.61 23.89 2.78 6.71 2.68 22.89 14.72 1.34
123.2977 128 245 63 895 0.254 15.5 14.3 13.61 23.89 2.78 6.71 2.68 22.89 14.72 1.34
114.3606 129 245 63 895 0.254 15.5 14.3 13.61 23.89 2.78 6.71 2.68 22.89 14.72 1.34
89.39476 130 245 63 895 0.254 15.5 14.3 13.61 23.89 2.78 6.71 2.68 22.89 14.72 1.34
75.80676 130 245 63 895 0.254 15.5 14.3 13.61 23.89 2.78 6.71 2.68 22.89 14.72 1.34
125.0839 142 245 63 895 0.254 15.5 14.3 13.61 23.89 2.78 6.71 2.68 22.89 14.72 1.34
136.9029 143 245 63 895 0.254 15.5 14.3 13.61 23.89 2.78 6.71 2.68 22.89 14.72 1.34
194.2742 146 245 63 895 0.254 15.5 14.3 13.61 23.89 2.78 6.71 2.68 22.89 14.72 1.34
216.197 147 245 63 895 0.254 15.5 14.3 13.61 23.89 2.78 6.71 2.68 22.89 14.72 1.34
239.4781 148 245 63 895 0.254 15.5 14.3 13.61 23.89 2.78 6.71 2.68 22.89 14.72 1.34
238.1329 148 245 63 895 0.254 15.5 14.3 13.61 23.89 2.78 6.71 2.68 22.89 14.72 1.34
249.1696 149 245 63 895 0.254 15.5 14.3 13.61 23.89 2.78 6.71 2.68 22.89 14.72 1.34
237.9905 149 245 63 895 0.254 15.5 14.3 13.61 23.89 2.78 6.71 2.68 22.89 14.72 1.34
139.3061 150 245 63 895 0.254 15.5 14.3 13.61 23.89 2.78 6.71 2.68 22.89 14.72 1.34
164.0183 151 245 63 895 0.254 15.5 14.3 13.61 23.89 2.78 6.71 2.68 22.89 14.72 1.34
161.1708 152 245 63 895 0.254 15.5 14.3 13.61 23.89 2.78 6.71 2.68 22.89 14.72 1.34
156.5263 158 245 63 895 0.254 15.5 14.3 13.61 23.89 2.78 6.71 2.68 22.89 14.72 1.34
164.078 159 245 63 895 0.254 15.5 14.3 13.61 23.89 2.78 6.71 2.68 22.89 14.72 1.34
192.7286 159 245 63 895 0.254 15.5 14.3 13.61 23.89 2.78 6.71 2.68 22.89 14.72 1.34
181.025 160 245 63 895 0.254 15.5 14.3 13.61 23.89 2.78 6.71 2.68 22.89 14.72 1.34
142.2854 160 245 63 895 0.254 15.5 14.3 13.61 23.89 2.78 6.71 2.68 22.89 14.72 1.34
193.2932 161 245 63 895 0.254 15.5 14.3 13.61 23.89 2.78 6.71 2.68 22.89 14.72 1.34
174.2891 162 245 63 895 0.254 15.5 14.3 13.61 23.89 2.78 6.71 2.68 22.89 14.72 1.34
205.1096 163 245 63 895 0.254 15.5 14.3 13.61 23.89 2.78 6.71 2.68 22.89 14.72 1.34
153.394 164 245 63 895 0.254 15.5 14.3 13.61 23.89 2.78 6.71 2.68 22.89 14.72 1.34
181.1649 165 245 63 895 0.254 15.5 14.3 13.61 23.89 2.78 6.71 2.68 22.89 14.72 1.34
173.6124 166 245 63 895 0.254 15.5 14.3 13.61 23.89 2.78 6.71 2.68 22.89 14.72 1.34
183.6074 167 245 63 895 0.254 15.5 14.3 13.61 23.89 2.78 6.71 2.68 22.89 14.72 1.34
177.4247 168 245 63 895 0.254 15.5 14.3 13.61 23.89 2.78 6.71 2.68 22.89 14.72 1.34
186.9729 169 245 63 895 0.254 15.5 14.3 13.61 23.89 2.78 6.71 2.68 22.89 14.72 1.34
223.5384 170 245 63 895 0.254 15.5 14.3 13.61 23.89 2.78 6.71 2.68 22.89 14.72 1.34
164.6623 171 245 63 895 0.254 15.5 14.3 13.61 23.89 2.78 6.71 2.68 22.89 14.72 1.34
146.3537 172 245 63 895 0.254 15.5 14.3 13.61 23.89 2.78 6.71 2.68 22.89 14.72 1.34
165.42 173 245 63 895 0.254 15.5 14.3 13.61 23.89 2.78 6.71 2.68 22.89 14.72 1.34
185.6032 174 245 63 895 0.254 15.5 14.3 13.61 23.89 2.78 6.71 2.68 22.89 14.72 1.34
183.3816 175 245 63 895 0.254 15.5 14.3 13.61 23.89 2.78 6.71 2.68 22.89 14.72 1.34
186.288 176 245 63 895 0.254 15.5 14.3 13.61 23.89 2.78 6.71 2.68 22.89 14.72 1.34
169.0301 176 245 63 895 0.254 15.5 14.3 13.61 23.89 2.78 6.71 2.68 22.89 14.72 1.34
185.9935 177 245 63 895 0.254 15.5 14.3 13.61 23.89 2.78 6.71 2.68 22.89 14.72 1.34
171.8343 178 245 63 895 0.254 15.5 14.3 13.61 23.89 2.78 6.71 2.68 22.89 14.72 1.34
204.5442 179 245 63 895 0.254 15.5 14.3 13.61 23.89 2.78 6.71 2.68 22.89 14.72 1.34
188.5546 180 245 63 895 0.254 15.5 14.3 13.61 23.89 2.78 6.71 2.68 22.89 14.72 1.34
185.0836 180 245 63 895 0.254 15.5 14.3 13.61 23.89 2.78 6.71 2.68 22.89 14.72 1.34
186.3126 181 245 63 895 0.254 15.5 14.3 13.61 23.89 2.78 6.71 2.68 22.89 14.72 1.34
186.6546 182 245 63 895 0.254 15.5 14.3 13.61 23.89 2.78 6.71 2.68 22.89 14.72 1.34
230.0739 183 245 63 895 0.254 15.5 14.3 13.61 23.89 2.78 6.71 2.68 22.89 14.72 1.34
211.1688 183 245 63 895 0.254 15.5 14.3 13.61 23.89 2.78 6.71 2.68 22.89 14.72 1.34
179.616 184 245 63 895 0.254 15.5 14.3 13.61 23.89 2.78 6.71 2.68 22.89 14.72 1.34
194.4183 184 245 63 895 0.254 15.5 14.3 13.61 23.89 2.78 6.71 2.68 22.89 14.72 1.34
157.7603 185 245 63 895 0.254 15.5 14.3 13.61 23.89 2.78 6.71 2.68 22.89 14.72 1.34
164.9855 186 245 63 895 0.254 15.5 14.3 13.61 23.89 2.78 6.71 2.68 22.89 14.72 1.34
166.3896 187 245 63 895 0.254 15.5 14.3 13.61 23.89 2.78 6.71 2.68 22.89 14.72 1.34
141.4442 189 245 63 895 0.254 15.5 14.3 13.61 23.89 2.78 6.71 2.68 22.89 14.72 1.34
177.3576 192 245 63 895 0.254 15.5 14.3 13.61 23.89 2.78 6.71 2.68 22.89 14.72 1.34
183.956 192 245 63 895 0.254 15.5 14.3 13.61 23.89 2.78 6.71 2.68 22.89 14.72 1.34
159.4614 193 245 63 895 0.254 15.5 14.3 13.61 23.89 2.78 6.71 2.68 22.89 14.72 1.34
178.7961 193 245 63 895 0.254 15.5 14.3 13.61 23.89 2.78 6.71 2.68 22.89 14.72 1.34
167.8175 194 245 63 895 0.254 15.5 14.3 13.61 23.89 2.78 6.71 2.68 22.89 14.72 1.34
169.0391 194 245 63 895 0.254 15.5 14.3 13.61 23.89 2.78 6.71 2.68 22.89 14.72 1.34
188.2641 195 245 63 895 0.254 15.5 14.3 13.61 23.89 2.78 6.71 2.68 22.89 14.72 1.34
165.9396 195 245 63 895 0.254 15.5 14.3 13.61 23.89 2.78 6.71 2.68 22.89 14.72 1.34
170.6953 196 245 63 895 0.254 15.5 14.3 13.61 23.89 2.78 6.71 2.68 22.89 14.72 1.34
170.494 196 245 63 895 0.254 15.5 14.3 13.61 23.89 2.78 6.71 2.68 22.89 14.72 1.34
169.5219 197 245 63 895 0.254 15.5 14.3 13.61 23.89 2.78 6.71 2.68 22.89 14.72 1.34
196.063 197 245 63 895 0.254 15.5 14.3 13.61 23.89 2.78 6.71 2.68 22.89 14.72 1.34
141.094 198 245 63 895 0.254 15.5 14.3 13.61 23.89 2.78 6.71 2.68 22.89 14.72 1.34
135.8964 199 245 63 895 0.254 15.5 14.3 13.61 23.89 2.78 6.71 2.68 22.89 14.72 1.34
139.7299 204 245 63 895 0.254 15.5 14.3 13.61 23.89 2.78 6.71 2.68 22.89 14.72 1.34
137.4445 205 245 63 895 0.254 15.5 14.3 13.61 23.89 2.78 6.71 2.68 22.89 14.72 1.34
139.2087 206 245 63 895 0.254 15.5 14.3 13.61 23.89 2.78 6.71 2.68 22.89 14.72 1.34
122.729 207 245 63 895 0.254 15.5 14.3 13.61 23.89 2.78 6.71 2.68 22.89 14.72 1.34
160.5342 207 245 63 895 0.254 15.5 14.3 13.61 23.89 2.78 6.71 2.68 22.89 14.72 1.34
111.7021 208 245 63 895 0.254 15.5 14.3 13.61 23.89 2.78 6.71 2.68 22.89 14.72 1.34
133.3091 208 245 63 895 0.254 15.5 14.3 13.61 23.89 2.78 6.71 2.68 22.89 14.72 1.34
138.4985 209 245 63 895 0.254 15.5 14.3 13.61 23.89 2.78 6.71 2.68 22.89 14.72 1.34
138.037 210 245 63 895 0.254 15.5 14.3 13.61 23.89 2.78 6.71 2.68 22.89 14.72 1.34
145.7057 211 245 63 895 0.254 15.5 14.3 13.61 23.89 2.78 6.71 2.68 22.89 14.72 1.34
143.1257 212 245 63 895 0.254 15.5 14.3 13.61 23.89 2.78 6.71 2.68 22.89 14.72 1.34
142.7493 213 245 63 895 0.254 15.5 14.3 13.61 23.89 2.78 6.71 2.68 22.89 14.72 1.34
153.3482 214 245 63 895 0.254 15.5 14.3 13.61 23.89 2.78 6.71 2.68 22.89 14.72 1.34
127.8791 215 245 63 895 0.254 15.5 14.3 13.61 23.89 2.78 6.71 2.68 22.89 14.72 1.34
134.7917 217 245 63 895 0.254 15.5 14.3 13.61 23.89 2.78 6.71 2.68 22.89 14.72 1.34
152.3483 218 245 63 895 0.254 15.5 14.3 13.61 23.89 2.78 6.71 2.68 22.89 14.72 1.34
138.037 219 245 63 895 0.254 15.5 14.3 13.61 23.89 2.78 6.71 2.68 22.89 14.72 1.34
140.6603 220 245 63 895 0.254 15.5 14.3 13.61 23.89 2.78 6.71 2.68 22.89 14.72 1.34
160.3402 221 245 63 895 0.254 15.5 14.3 13.61 23.89 2.78 6.71 2.68 22.89 14.72 1.34
120.6146 223 245 63 895 0.254 15.5 14.3 13.61 23.89 2.78 6.71 2.68 22.89 14.72 1.34
163.772 224 245 63 895 0.254 15.5 14.3 13.61 23.89 2.78 6.71 2.68 22.89 14.72 1.34
181.1993 225 245 63 895 0.254 15.5 14.3 13.61 23.89 2.78 6.71 2.68 22.89 14.72 1.34
144.2885 227 245 63 895 0.254 15.5 14.3 13.61 23.89 2.78 6.71 2.68 22.89 14.72 1.34
144.6256 228 245 63 895 0.254 15.5 14.3 13.61 23.89 2.78 6.71 2.68 22.89 14.72 1.34
132.2584 229 245 63 895 0.254 15.5 14.3 13.61 23.89 2.78 6.71 2.68 22.89 14.72 1.34
154.9504 231 245 63 895 0.254 15.5 14.3 13.61 23.89 2.78 6.71 2.68 22.89 14.72 1.34
148.4812 232 245 63 895 0.254 15.5 14.3 13.61 23.89 2.78 6.71 2.68 22.89 14.72 1.34
154.6141 233 245 63 895 0.254 15.5 14.3 13.61 23.89 2.78 6.71 2.68 22.89 14.72 1.34
148.32 234 245 63 895 0.254 15.5 14.3 13.61 23.89 2.78 6.71 2.68 22.89 14.72 1.34
155.8308 235 245 63 895 0.254 15.5 14.3 13.61 23.89 2.78 6.71 2.68 22.89 14.72 1.34
158.2545 236 245 63 895 0.254 15.5 14.3 13.61 23.89 2.78 6.71 2.68 22.89 14.72 1.34
168.4148 237 245 63 895 0.254 15.5 14.3 13.61 23.89 2.78 6.71 2.68 22.89 14.72 1.34
161.71 238 245 63 895 0.254 15.5 14.3 13.61 23.89 2.78 6.71 2.68 22.89 14.72 1.34
138.1793 239 245 63 895 0.254 15.5 14.3 13.61 23.89 2.78 6.71 2.68 22.89 14.72 1.34
140.9532 240 245 63 895 0.254 15.5 14.3 13.61 23.89 2.78 6.71 2.68 22.89 14.72 1.34
144.5945 242 245 63 895 0.254 15.5 14.3 13.61 23.89 2.78 6.71 2.68 22.89 14.72 1.34
155.6991 243 245 63 895 0.254 15.5 14.3 13.61 23.89 2.78 6.71 2.68 22.89 14.72 1.34
130.6743 244 245 63 895 0.254 15.5 14.3 13.61 23.89 2.78 6.71 2.68 22.89 14.72 1.34
134.0823 245 245 63 895 0.254 15.5 14.3 13.61 23.89 2.78 6.71 2.68 22.89 14.72 1.34
145.8595 246 245 63 895 0.254 15.5 14.3 13.61 23.89 2.78 6.71 2.68 22.89 14.72 1.34
113.8672 248 245 63 895 0.254 15.5 14.3 13.61 23.89 2.78 6.71 2.68 22.89 14.72 1.34
146.4798 249 245 63 895 0.254 15.5 14.3 13.61 23.89 2.78 6.71 2.68 22.89 14.72 1.34
178.0367 250 245 63 895 0.254 15.5 14.3 13.61 23.89 2.78 6.71 2.68 22.89 14.72 1.34
158.3625 251 245 63 895 0.254 15.5 14.3 13.61 23.89 2.78 6.71 2.68 22.89 14.72 1.34
153.5912 253 245 63 895 0.254 15.5 14.3 13.61 23.89 2.78 6.71 2.68 22.89 14.72 1.34
123.2183 255 245 63 895 0.254 15.5 14.3 13.61 23.89 2.78 6.71 2.68 22.89 14.72 1.34
93.01883 255 245 63 895 0.254 15.5 14.3 13.61 23.89 2.78 6.71 2.68 22.89 14.72 1.34
105.0644 256 245 63 895 0.254 15.5 14.3 13.61 23.89 2.78 6.71 2.68 22.89 14.72 1.34
157.0795 258 245 63 895 0.254 15.5 14.3 13.61 23.89 2.78 6.71 2.68 22.89 14.72 1.34
158.1489 260 245 63 895 0.254 15.5 14.3 13.61 23.89 2.78 6.71 2.68 22.89 14.72 1.34
166.1957 261 245 63 895 0.254 15.5 14.3 13.61 23.89 2.78 6.71 2.68 22.89 14.72 1.34
176.5229 262 245 63 895 0.254 15.5 14.3 13.61 23.89 2.78 6.71 2.68 22.89 14.72 1.34
165.6311 264 245 63 895 0.254 15.5 14.3 13.61 23.89 2.78 6.71 2.68 22.89 14.72 1.34
135.1518 266 245 63 895 0.254 15.5 14.3 13.61 23.89 2.78 6.71 2.68 22.89 14.72 1.34
143.1838 269 245 63 895 0.254 15.5 14.3 13.61 23.89 2.78 6.71 2.68 22.89 14.72 1.34
153.7639 271 245 63 895 0.254 15.5 14.3 13.61 23.89 2.78 6.71 2.68 22.89 14.72 1.34
177.333 272 245 63 895 0.254 15.5 14.3 13.61 23.89 2.78 6.71 2.68 22.89 14.72 1.34
178.7126 274 245 63 895 0.254 15.5 14.3 13.61 23.89 2.78 6.71 2.68 22.89 14.72 1.34
96.8851 275 245 63 895 0.254 15.5 14.3 13.61 23.89 2.78 6.71 2.68 22.89 14.72 1.34
128.9993 276 245 63 895 0.254 15.5 14.3 13.61 23.89 2.78 6.71 2.68 22.89 14.72 1.34
131.2863 277 245 63 895 0.254 15.5 14.3 13.61 23.89 2.78 6.71 2.68 22.89 14.72 1.34
144.8481 278 245 63 895 0.254 15.5 14.3 13.61 23.89 2.78 6.71 2.68 22.89 14.72 1.34
158.5859 281 245 63 895 0.254 15.5 14.3 13.61 23.89 2.78 6.71 2.68 22.89 14.72 1.34
172.5053 282 245 63 895 0.254 15.5 14.3 13.61 23.89 2.78 6.71 2.68 22.89 14.72 1.34
180.8515 283 245 63 895 0.254 15.5 14.3 13.61 23.89 2.78 6.71 2.68 22.89 14.72 1.34
137.3766 284 245 63 895 0.254 15.5 14.3 13.61 23.89 2.78 6.71 2.68 22.89 14.72 1.34
158.3331 285 245 63 895 0.254 15.5 14.3 13.61 23.89 2.78 6.71 2.68 22.89 14.72 1.34
169.8009 286 245 63 895 0.254 15.5 14.3 13.61 23.89 2.78 6.71 2.68 22.89 14.72 1.34
184.9134 287 245 63 895 0.254 15.5 14.3 13.61 23.89 2.78 6.71 2.68 22.89 14.72 1.34
154.6484 288 245 63 895 0.254 15.5 14.3 13.61 23.89 2.78 6.71 2.68 22.89 14.72 1.34
142.2665 291 245 63 895 0.254 15.5 14.3 13.61 23.89 2.78 6.71 2.68 22.89 14.72 1.34
161.5243 292 245 63 895 0.254 15.5 14.3 13.61 23.89 2.78 6.71 2.68 22.89 14.72 1.34
184.37 294 245 63 895 0.254 15.5 14.3 13.61 23.89 2.78 6.71 2.68 22.89 14.72 1.34
160.2805 295 245 63 895 0.254 15.5 14.3 13.61 23.89 2.78 6.71 2.68 22.89 14.72 1.34
162.678 298 245 63 895 0.254 15.5 14.3 13.61 23.89 2.78 6.71 2.68 22.89 14.72 1.34
174.0731 300 245 63 895 0.254 15.5 14.3 13.61 23.89 2.78 6.71 2.68 22.89 14.72 1.34
144.6501 301 245 63 895 0.254 15.5 14.3 13.61 23.89 2.78 6.71 2.68 22.89 14.72 1.34
151.9997 303 245 63 895 0.254 15.5 14.3 13.61 23.89 2.78 6.71 2.68 22.89 14.72 1.34
160.7224 305 245 63 895 0.254 15.5 14.3 13.61 23.89 2.78 6.71 2.68 22.89 14.72 1.34
155.5182 306 245 63 895 0.254 15.5 14.3 13.61 23.89 2.78 6.71 2.68 22.89 14.72 1.34
158.9328 307 245 63 895 0.254 15.5 14.3 13.61 23.89 2.78 6.71 2.68 22.89 14.72 1.34
164.0625 308 245 63 895 0.254 15.5 14.3 13.61 23.89 2.78 6.71 2.68 22.89 14.72 1.34
144.8506 310 245 63 895 0.254 15.5 14.3 13.61 23.89 2.78 6.71 2.68 22.89 14.72 1.34
143.8891 311 245 63 895 0.254 15.5 14.3 13.61 23.89 2.78 6.71 2.68 22.89 14.72 1.34
158.482 312 245 63 895 0.254 15.5 14.3 13.61 23.89 2.78 6.71 2.68 22.89 14.72 1.34
152.7034 314 245 63 895 0.254 15.5 14.3 13.61 23.89 2.78 6.71 2.68 22.89 14.72 1.34
157.0991 316 245 63 895 0.254 15.5 14.3 13.61 23.89 2.78 6.71 2.68 22.89 14.72 1.34
110.0329 317 245 63 895 0.254 15.5 14.3 13.61 23.89 2.78 6.71 2.68 22.89 14.72 1.34
193.5935 319 245 63 895 0.254 15.5 14.3 13.61 23.89 2.78 6.71 2.68 22.89 14.72 1.34
155.3137 320 245 63 895 0.254 15.5 14.3 13.61 23.89 2.78 6.71 2.68 22.89 14.72 1.34
164.9151 320 245 63 895 0.254 15.5 14.3 13.61 23.89 2.78 6.71 2.68 22.89 14.72 1.34
140.3665 321 245 63 895 0.254 15.5 14.3 13.61 23.89 2.78 6.71 2.68 22.89 14.72 1.34
161.3672 322 245 63 895 0.254 15.5 14.3 13.61 23.89 2.78 6.71 2.68 22.89 14.72 1.34
179.5865 323 245 63 895 0.254 15.5 14.3 13.61 23.89 2.78 6.71 2.68 22.89 14.72 1.34
180.2714 325 245 63 895 0.254 15.5 14.3 13.61 23.89 2.78 6.71 2.68 22.89 14.72 1.34
204.1964 326 245 63 895 0.254 15.5 14.3 13.61 23.89 2.78 6.71 2.68 22.89 14.72 1.34
135.8833 327 245 63 895 0.254 15.5 14.3 13.61 23.89 2.78 6.71 2.68 22.89 14.72 1.34
137.9846 328 245 63 895 0.254 15.5 14.3 13.61 23.89 2.78 6.71 2.68 22.89 14.72 1.34
168.5981 330 245 63 895 0.254 15.5 14.3 13.61 23.89 2.78 6.71 2.68 22.89 14.72 1.34
202.5632 331 245 63 895 0.254 15.5 14.3 13.61 23.89 2.78 6.71 2.68 22.89 14.72 1.34
149.4206 332 245 63 895 0.254 15.5 14.3 13.61 23.89 2.78 6.71 2.68 22.89 14.72 1.34
140.9508 333 245 63 895 0.254 15.5 14.3 13.61 23.89 2.78 6.71 2.68 22.89 14.72 1.34
152.9113 334 245 63 895 0.254 15.5 14.3 13.61 23.89 2.78 6.71 2.68 22.89 14.72 1.34
175.2653 335 245 63 895 0.254 15.5 14.3 13.61 23.89 2.78 6.71 2.68 22.89 14.72 1.34
126.4504 336 245 63 895 0.254 15.5 14.3 13.61 23.89 2.78 6.71 2.68 22.89 14.72 1.34
159.4622 337 245 63 895 0.254 15.5 14.3 13.61 23.89 2.78 6.71 2.68 22.89 14.72 1.34
151.0882 338 245 63 895 0.254 15.5 14.3 13.61 23.89 2.78 6.71 2.68 22.89 14.72 1.34
156.5607 339 245 63 895 0.254 15.5 14.3 13.61 23.89 2.78 6.71 2.68 22.89 14.72 1.34
143.516 340 245 63 895 0.254 15.5 14.3 13.61 23.89 2.78 6.71 2.68 22.89 14.72 1.34
197.2953 362 245 63 895 0.254 15.5 14.3 13.61 23.89 2.78 6.71 2.68 22.89 14.72 1.34
182.1787 364 245 63 895 0.254 15.5 14.3 13.61 23.89 2.78 6.71 2.68 22.89 14.72 1.34
164.722 365 245 63 895 0.254 15.5 14.3 13.61 23.89 2.78 6.71 2.68 22.89 14.72 1.34
171.2714 365 245 63 895 0.254 15.5 14.3 13.61 23.89 2.78 6.71 2.68 22.89 14.72 1.34
172.286 365 245 63 895 0.254 15.5 14.3 13.61 23.89 2.78 6.71 2.68 22.89 14.72 1.34
137.8504 380 245 63 895 0.254 15.5 14.3 13.61 23.89 2.78 6.71 2.68 22.89 14.72 1.34
146.9028 381 245 63 895 0.254 15.5 14.3 13.61 23.89 2.78 6.71 2.68 22.89 14.72 1.34
121.5728 382 245 63 895 0.254 15.5 14.3 13.61 23.89 2.78 6.71 2.68 22.89 14.72 1.34
122.8174 382 245 63 895 0.254 15.5 14.3 13.61 23.89 2.78 6.71 2.68 22.89 14.72 1.34
153.9316 383 245 63 895 0.254 15.5 14.3 13.61 23.89 2.78 6.71 2.68 22.89 14.72 1.34
141.9376 384 245 63 895 0.254 15.5 14.3 13.61 23.89 2.78 6.71 2.68 22.89 14.72 1.34
157.9959 384 245 63 895 0.254 15.5 14.3 13.61 23.89 2.78 6.71 2.68 22.89 14.72 1.34
151.8623 385 245 63 895 0.254 15.5 14.3 13.61 23.89 2.78 6.71 2.68 22.89 14.72 1.34
176.1056 385 245 63 895 0.254 15.5 14.3 13.61 23.89 2.78 6.71 2.68 22.89 14.72 1.34
174.2825 386 245 63 895 0.254 15.5 14.3 13.61 23.89 2.78 6.71 2.68 22.89 14.72 1.34
171.1404 386 245 63 895 0.254 15.5 14.3 13.61 23.89 2.78 6.71 2.68 22.89 14.72 1.34
160.1496 387 245 63 895 0.254 15.5 14.3 13.61 23.89 2.78 6.71 2.68 22.89 14.72 1.34
148.7349 387 245 63 895 0.254 15.5 14.3 13.61 23.89 2.78 6.71 2.68 22.89 14.72 1.34
115.0603 389 245 63 895 0.254 15.5 14.3 13.61 23.89 2.78 6.71 2.68 22.89 14.72 1.34
133.7035 390 245 63 895 0.254 15.5 14.3 13.61 23.89 2.78 6.71 2.68 22.89 14.72 1.34
124.2657 391 245 63 895 0.254 15.5 14.3 13.61 23.89 2.78 6.71 2.68 22.89 14.72 1.34
162.2959 392 245 63 895 0.254 15.5 14.3 13.61 23.89 2.78 6.71 2.68 22.89 14.72 1.34
185.8675 393 245 63 895 0.254 15.5 14.3 13.61 23.89 2.78 6.71 2.68 22.89 14.72 1.34
179.2248 393 245 63 895 0.254 15.5 14.3 13.61 23.89 2.78 6.71 2.68 22.89 14.72 1.34
150.9442 395 245 63 895 0.254 15.5 14.3 13.61 23.89 2.78 6.71 2.68 22.89 14.72 1.34
154.0945 395 245 63 895 0.254 15.5 14.3 13.61 23.89 2.78 6.71 2.68 22.89 14.72 1.34
130.185 396 245 63 895 0.254 15.5 14.3 13.61 23.89 2.78 6.71 2.68 22.89 14.72 1.34
122.6995 399 245 63 895 0.254 15.5 14.3 13.61 23.89 2.78 6.71 2.68 22.89 14.72 1.34
131.6496 400 245 63 895 0.254 15.5 14.3 13.61 23.89 2.78 6.71 2.68 22.89 14.72 1.34
133.8589 405 245 63 895 0.254 15.5 14.3 13.61 23.89 2.78 6.71 2.68 22.89 14.72 1.34
128.217 406 245 63 895 0.254 15.5 14.3 13.61 23.89 2.78 6.71 2.68 22.89 14.72 1.34
149.8788 406 245 63 895 0.254 15.5 14.3 13.61 23.89 2.78 6.71 2.68 22.89 14.72 1.34
136.9945 407 245 63 895 0.254 15.5 14.3 13.61 23.89 2.78 6.71 2.68 22.89 14.72 1.34
142.0211 410 245 63 895 0.254 15.5 14.3 13.61 23.89 2.78 6.71 2.68 22.89 14.72 1.34
132.9114 411 245 63 895 0.254 15.5 14.3 13.61 23.89 2.78 6.71 2.68 22.89 14.72 1.34
138.888 412 245 63 895 0.254 15.5 14.3 13.61 23.89 2.78 6.71 2.68 22.89 14.72 1.34
125.0037 414 245 63 895 0.254 15.5 14.3 13.61 23.89 2.78 6.71 2.68 22.89 14.72 1.34
140.7176 415 245 63 895 0.254 15.5 14.3 13.61 23.89 2.78 6.71 2.68 22.89 14.72 1.34
122.6373 416 245 63 895 0.254 15.5 14.3 13.61 23.89 2.78 6.71 2.68 22.89 14.72 1.34
153.1944 418 245 63 895 0.254 15.5 14.3 13.61 23.89 2.78 6.71 2.68 22.89 14.72 1.34
128.7399 420 245 63 895 0.254 15.5 14.3 13.61 23.89 2.78 6.71 2.68 22.89 14.72 1.34
132.6152 421 245 63 895 0.254 15.5 14.3 13.61 23.89 2.78 6.71 2.68 22.89 14.72 1.34
124.3516 421 245 63 895 0.254 15.5 14.3 13.61 23.89 2.78 6.71 2.68 22.89 14.72 1.34
169.0113 424 245 63 895 0.254 15.5 14.3 13.61 23.89 2.78 6.71 2.68 22.89 14.72 1.34
153.9145 425 245 63 895 0.254 15.5 14.3 13.61 23.89 2.78 6.71 2.68 22.89 14.72 1.34
147.3013 430 245 63 895 0.254 15.5 14.3 13.61 23.89 2.78 6.71 2.68 22.89 14.72 1.34
152.1945 431 245 63 895 0.254 15.5 14.3 13.61 23.89 2.78 6.71 2.68 22.89 14.72 1.34
80.90533 434 245 63 895 0.254 15.5 14.3 13.61 23.89 2.78 6.71 2.68 22.89 14.72 1.34
146.9854 435 245 63 895 0.254 15.5 14.3 13.61 23.89 2.78 6.71 2.68 22.89 14.72 1.34
158.0205 435 245 63 895 0.254 15.5 14.3 13.61 23.89 2.78 6.71 2.68 22.89 14.72 1.34
148.2292 440 245 63 895 0.254 15.5 14.3 13.61 23.89 2.78 6.71 2.68 22.89 14.72 1.34
144.8563 442 245 63 895 0.254 15.5 14.3 13.61 23.89 2.78 6.71 2.68 22.89 14.72 1.34
118.3726 443 245 63 895 0.254 15.5 14.3 13.61 23.89 2.78 6.71 2.68 22.89 14.72 1.34
143.2656 444 245 63 895 0.254 15.5 14.3 13.61 23.89 2.78 6.71 2.68 22.89 14.72 1.34
137.3398 446 245 63 895 0.254 15.5 14.3 13.61 23.89 2.78 6.71 2.68 22.89 14.72 1.34
150.9098 446 245 63 895 0.254 15.5 14.3 13.61 23.89 2.78 6.71 2.68 22.89 14.72 1.34
127.9143 447 245 63 895 0.254 15.5 14.3 13.61 23.89 2.78 6.71 2.68 22.89 14.72 1.34
119.2072 448 245 63 895 0.254 15.5 14.3 13.61 23.89 2.78 6.71 2.68 22.89 14.72 1.34
158.4476 449 245 63 895 0.254 15.5 14.3 13.61 23.89 2.78 6.71 2.68 22.89 14.72 1.34
127.9969 450 245 63 895 0.254 15.5 14.3 13.61 23.89 2.78 6.71 2.68 22.89 14.72 1.34
134.7967 451 245 63 895 0.254 15.5 14.3 13.61 23.89 2.78 6.71 2.68 22.89 14.72 1.34
154.1468 452 245 63 895 0.254 15.5 14.3 13.61 23.89 2.78 6.71 2.68 22.89 14.72 1.34
166.1548 453 245 63 895 0.254 15.5 14.3 13.61 23.89 2.78 6.71 2.68 22.89 14.72 1.34
125.741 454 245 63 895 0.254 15.5 14.3 13.61 23.89 2.78 6.71 2.68 22.89 14.72 1.34
167.9983 455 245 63 895 0.254 15.5 14.3 13.61 23.89 2.78 6.71 2.68 22.89 14.72 1.34
171.962 456 245 63 895 0.254 15.5 14.3 13.61 23.89 2.78 6.71 2.68 22.89 14.72 1.34
71.30142 457 245 63 895 0.254 15.5 14.3 13.61 23.89 2.78 6.71 2.68 22.89 14.72 1.34
131.144 458 245 63 895 0.254 15.5 14.3 13.61 23.89 2.78 6.71 2.68 22.89 14.72 1.34
148.4419 460 245 63 895 0.254 15.5 14.3 13.61 23.89 2.78 6.71 2.68 22.89 14.72 1.34
178.1775 461 245 63 895 0.254 15.5 14.3 13.61 23.89 2.78 6.71 2.68 22.89 14.72 1.34
185.3749 462 245 63 895 0.254 15.5 14.3 13.61 23.89 2.78 6.71 2.68 22.89 14.72 1.34
172.921 463 245 63 895 0.254 15.5 14.3 13.61 23.89 2.78 6.71 2.68 22.89 14.72 1.34
139.5033 464 245 63 895 0.254 15.5 14.3 13.61 23.89 2.78 6.71 2.68 22.89 14.72 1.34
145.2998 467 245 63 895 0.254 15.5 14.3 13.61 23.89 2.78 6.71 2.68 22.89 14.72 1.34
135.6575 467 245 63 895 0.254 15.5 14.3 13.61 23.89 2.78 6.71 2.68 22.89 14.72 1.34
192.9986 472 245 63 895 0.254 15.5 14.3 13.61 23.89 2.78 6.71 2.68 22.89 14.72 1.34
189.003 473 245 63 895 0.254 15.5 14.3 13.61 23.89 2.78 6.71 2.68 22.89 14.72 1.34
128.7653 474 245 63 895 0.254 15.5 14.3 13.61 23.89 2.78 6.71 2.68 22.89 14.72 1.34
149.905 474 245 63 895 0.254 15.5 14.3 13.61 23.89 2.78 6.71 2.68 22.89 14.72 1.34
149.3445 477 245 63 895 0.254 15.5 14.3 13.61 23.89 2.78 6.71 2.68 22.89 14.72 1.34
147.618 477 245 63 895 0.254 15.5 14.3 13.61 23.89 2.78 6.71 2.68 22.89 14.72 1.34
115.3303 478 245 63 895 0.254 15.5 14.3 13.61 23.89 2.78 6.71 2.68 22.89 14.72 1.34
151.2142 478 245 63 895 0.254 15.5 14.3 13.61 23.89 2.78 6.71 2.68 22.89 14.72 1.34
146.2146 479 245 63 895 0.254 15.5 14.3 13.61 23.89 2.78 6.71 2.68 22.89 14.72 1.34
122.0547 479 245 63 895 0.254 15.5 14.3 13.61 23.89 2.78 6.71 2.68 22.89 14.72 1.34
169.2355 480 245 63 895 0.254 15.5 14.3 13.61 23.89 2.78 6.71 2.68 22.89 14.72 1.34
183.8136 480 245 63 895 0.254 15.5 14.3 13.61 23.89 2.78 6.71 2.68 22.89 14.72 1.34
160.1782 481 245 63 895 0.254 15.5 14.3 13.61 23.89 2.78 6.71 2.68 22.89 14.72 1.34
157.775 482 245 63 895 0.254 15.5 14.3 13.61 23.89 2.78 6.71 2.68 22.89 14.72 1.34
167.6857 483 245 63 895 0.254 15.5 14.3 13.61 23.89 2.78 6.71 2.68 22.89 14.72 1.34
147.5811 484 245 63 895 0.254 15.5 14.3 13.61 23.89 2.78 6.71 2.68 22.89 14.72 1.34
175.1384 485 245 63 895 0.254 15.5 14.3 13.61 23.89 2.78 6.71 2.68 22.89 14.72 1.34
138.8421 486 245 63 895 0.254 15.5 14.3 13.61 23.89 2.78 6.71 2.68 22.89 14.72 1.34
137.204 487 245 63 895 0.254 15.5 14.3 13.61 23.89 2.78 6.71 2.68 22.89 14.72 1.34
147.7317 488 245 63 895 0.254 15.5 14.3 13.61 23.89 2.78 6.71 2.68 22.89 14.72 1.34
144.3277 489 245 63 895 0.254 15.5 14.3 13.61 23.89 2.78 6.71 2.68 22.89 14.72 1.34
134.7607 490 245 63 895 0.254 15.5 14.3 13.61 23.89 2.78 6.71 2.68 22.89 14.72 1.34
116.1142 490 245 63 895 0.254 15.5 14.3 13.61 23.89 2.78 6.71 2.68 22.89 14.72 1.34
170.602 491 245 63 895 0.254 15.5 14.3 13.61 23.89 2.78 6.71 2.68 22.89 14.72 1.34
161.6634 492 245 63 895 0.254 15.5 14.3 13.61 23.89 2.78 6.71 2.68 22.89 14.72 1.34
259.2063 493 245 63 895 0.254 15.5 14.3 13.61 23.89 2.78 6.71 2.68 22.89 14.72 1.34
254.395 493 245 63 895 0.254 15.5 14.3 13.61 23.89 2.78 6.71 2.68 22.89 14.72 1.34
123.0146 494 245 63 895 0.254 15.5 14.3 13.61 23.89 2.78 6.71 2.68 22.89 14.72 1.34
155.641 495 245 63 895 0.254 15.5 14.3 13.61 23.89 2.78 6.71 2.68 22.89 14.72 1.34
174.8586 496 245 63 895 0.254 15.5 14.3 13.61 23.89 2.78 6.71 2.68 22.89 14.72 1.34
135.4775 497 245 63 895 0.254 15.5 14.3 13.61 23.89 2.78 6.71 2.68 22.89 14.72 1.34
162.7844 498 245 63 895 0.254 15.5 14.3 13.61 23.89 2.78 6.71 2.68 22.89 14.72 1.34
191.907 499 245 63 895 0.254 15.5 14.3 13.61 23.89 2.78 6.71 2.68 22.89 14.72 1.34
180.3156 499 245 63 895 0.254 15.5 14.3 13.61 23.89 2.78 6.71 2.68 22.89 14.72 1.34
132.4597 500 245 63 895 0.254 15.5 14.3 13.61 23.89 2.78 6.71 2.68 22.89 14.72 1.34
120.6146 501 245 63 895 0.254 15.5 14.3 13.61 23.89 2.78 6.71 2.68 22.89 14.72 1.34
238.0961 502 245 63 895 0.254 15.5 14.3 13.61 23.89 2.78 6.71 2.68 22.89 14.72 1.34
265.9995 502 245 63 895 0.254 15.5 14.3 13.61 23.89 2.78 6.71 2.68 22.89 14.72 1.34
172.777 503 245 63 895 0.254 15.5 14.3 13.61 23.89 2.78 6.71 2.68 22.89 14.72 1.34
112.036 504 245 63 895 0.254 15.5 14.3 13.61 23.89 2.78 6.71 2.68 22.89 14.72 1.34
215.1562 505 245 63 895 0.254 15.5 14.3 13.61 23.89 2.78 6.71 2.68 22.89 14.72 1.34
200.1543 505 245 63 895 0.254 15.5 14.3 13.61 23.89 2.78 6.71 2.68 22.89 14.72 1.34
147.699 507 245 63 895 0.254 15.5 14.3 13.61 23.89 2.78 6.71 2.68 22.89 14.72 1.34
163.2001 508 245 63 895 0.254 15.5 14.3 13.61 23.89 2.78 6.71 2.68 22.89 14.72 1.34
158.8404 508 245 63 895 0.254 15.5 14.3 13.61 23.89 2.78 6.71 2.68 22.89 14.72 1.34
160.0514 509 245 63 895 0.254 15.5 14.3 13.61 23.89 2.78 6.71 2.68 22.89 14.72 1.34
161.5832 510 245 63 895 0.254 15.5 14.3 13.61 23.89 2.78 6.71 2.68 22.89 14.72 1.34
111.8314 512 245 63 895 0.254 15.5 14.3 13.61 23.89 2.78 6.71 2.68 22.89 14.72 1.34
142.1094 514 245 63 895 0.254 15.5 14.3 13.61 23.89 2.78 6.71 2.68 22.89 14.72 1.34
90.07391 516 245 63 895 0.254 15.5 14.3 13.61 23.89 2.78 6.71 2.68 22.89 14.72 1.34
93.42877 519 245 63 895 0.254 15.5 14.3 13.61 23.89 2.78 6.71 2.68 22.89 14.72 1.34
100.3758 521 245 63 895 0.254 15.5 14.3 13.61 23.89 2.78 6.71 2.68 22.89 14.72 1.34
121.0368 522 245 63 895 0.254 15.5 14.3 13.61 23.89 2.78 6.71 2.68 22.89 14.72 1.34
137.3938 522 245 63 895 0.254 15.5 14.3 13.61 23.89 2.78 6.71 2.68 22.89 14.72 1.34
97.9382 523 245 63 895 0.254 15.5 14.3 13.61 23.89 2.78 6.71 2.68 22.89 14.72 1.34
170.602 526 245 63 895 0.254 15.5 14.3 13.61 23.89 2.78 6.71 2.68 22.89 14.72 1.34
152.4743 529 245 63 895 0.254 15.5 14.3 13.61 23.89 2.78 6.71 2.68 22.89 14.72 1.34
183.0256 530 245 63 895 0.254 15.5 14.3 13.61 23.89 2.78 6.71 2.68 22.89 14.72 1.34
209.7508 530 245 63 895 0.254 15.5 14.3 13.61 23.89 2.78 6.71 2.68 22.89 14.72 1.34
145.7155 531 245 63 895 0.254 15.5 14.3 13.61 23.89 2.78 6.71 2.68 22.89 14.72 1.34
164.2564 532 245 63 895 0.254 15.5 14.3 13.61 23.89 2.78 6.71 2.68 22.89 14.72 1.34
178.1136 533 245 63 895 0.254 15.5 14.3 13.61 23.89 2.78 6.71 2.68 22.89 14.72 1.34
168.9991 534 245 63 895 0.254 15.5 14.3 13.61 23.89 2.78 6.71 2.68 22.89 14.72 1.34
187.9344 535 245 63 895 0.254 15.5 14.3 13.61 23.89 2.78 6.71 2.68 22.89 14.72 1.34
127.7204 536 245 63 895 0.254 15.5 14.3 13.61 23.89 2.78 6.71 2.68 22.89 14.72 1.34
170.2019 537 245 63 895 0.254 15.5 14.3 13.61 23.89 2.78 6.71 2.68 22.89 14.72 1.34
186.1408 538 245 63 895 0.254 15.5 14.3 13.61 23.89 2.78 6.71 2.68 22.89 14.72 1.34
150.4164 540 245 63 895 0.254 15.5 14.3 13.61 23.89 2.78 6.71 2.68 22.89 14.72 1.34
184.1745 541 245 63 895 0.254 15.5 14.3 13.61 23.89 2.78 6.71 2.68 22.89 14.72 1.34
185.2669 542 245 63 895 0.254 15.5 14.3 13.61 23.89 2.78 6.71 2.68 22.89 14.72 1.34
197.7584 542 245 63 895 0.254 15.5 14.3 13.61 23.89 2.78 6.71 2.68 22.89 14.72 1.34
171.3507 543 245 63 895 0.254 15.5 14.3 13.61 23.89 2.78 6.71 2.68 22.89 14.72 1.34
189.1814 544 245 63 895 0.254 15.5 14.3 13.61 23.89 2.78 6.71 2.68 22.89 14.72 1.34
186.7495 546 245 63 895 0.254 15.5 14.3 13.61 23.89 2.78 6.71 2.68 22.89 14.72 1.34
150.4164 547 245 63 895 0.254 15.5 14.3 13.61 23.89 2.78 6.71 2.68 22.89 14.72 1.34
165.8381 548 245 63 895 0.254 15.5 14.3 13.61 23.89 2.78 6.71 2.68 22.89 14.72 1.34
143.516 549 245 63 895 0.254 15.5 14.3 13.61 23.89 2.78 6.71 2.68 22.89 14.72 1.34
138.307 550 245 63 895 0.254 15.5 14.3 13.61 23.89 2.78 6.71 2.68 22.89 14.72 1.34
139.5295 551 245 63 895 0.254 15.5 14.3 13.61 23.89 2.78 6.71 2.68 22.89 14.72 1.34
139.0483 551 245 63 895 0.254 15.5 14.3 13.61 23.89 2.78 6.71 2.68 22.89 14.72 1.34
139.5033 552 245 63 895 0.254 15.5 14.3 13.61 23.89 2.78 6.71 2.68 22.89 14.72 1.34
151.2829 553 245 63 895 0.254 15.5 14.3 13.61 23.89 2.78 6.71 2.68 22.89 14.72 1.34
147.7906 554 245 63 895 0.254 15.5 14.3 13.61 23.89 2.78 6.71 2.68 22.89 14.72 1.34
118.0649 555 245 63 895 0.254 15.5 14.3 13.61 23.89 2.78 6.71 2.68 22.89 14.72 1.34
140.1432 555 245 63 895 0.254 15.5 14.3 13.61 23.89 2.78 6.71 2.68 22.89 14.72 1.34
126.6812 556 245 63 895 0.254 15.5 14.3 13.61 23.89 2.78 6.71 2.68 22.89 14.72 1.34
135.4071 557 245 63 895 0.254 15.5 14.3 13.61 23.89 2.78 6.71 2.68 22.89 14.72 1.34
147.5869 558 245 63 895 0.254 15.5 14.3 13.61 23.89 2.78 6.71 2.68 22.89 14.72 1.34
89.69751 559 245 63 895 0.254 15.5 14.3 13.61 23.89 2.78 6.71 2.68 22.89 14.72 1.34
142.2461 560 245 63 895 0.254 15.5 14.3 13.61 23.89 2.78 6.71 2.68 22.89 14.72 1.34
135.4251 561 245 63 895 0.254 15.5 14.3 13.61 23.89 2.78 6.71 2.68 22.89 14.72 1.34
182.727 562 245 63 895 0.254 15.5 14.3 13.61 23.89 2.78 6.71 2.68 22.89 14.72 1.34
151.0645 565 245 63 895 0.254 15.5 14.3 13.61 23.89 2.78 6.71 2.68 22.89 14.72 1.34
171.962 565 245 63 895 0.254 15.5 14.3 13.61 23.89 2.78 6.71 2.68 22.89 14.72 1.34
119.4887 567 245 63 895 0.254 15.5 14.3 13.61 23.89 2.78 6.71 2.68 22.89 14.72 1.34
157.1842 568 245 63 895 0.254 15.5 14.3 13.61 23.89 2.78 6.71 2.68 22.89 14.72 1.34
159.0826 568 245 63 895 0.254 15.5 14.3 13.61 23.89 2.78 6.71 2.68 22.89 14.72 1.34
179.1626 570 245 63 895 0.254 15.5 14.3 13.61 23.89 2.78 6.71 2.68 22.89 14.72 1.34
144.6747 571 245 63 895 0.254 15.5 14.3 13.61 23.89 2.78 6.71 2.68 22.89 14.72 1.34
200.4848 572 245 63 895 0.254 15.5 14.3 13.61 23.89 2.78 6.71 2.68 22.89 14.72 1.34
144.7336 573 245 63 895 0.254 15.5 14.3 13.61 23.89 2.78 6.71 2.68 22.89 14.72 1.34
192.2139 574 245 63 895 0.254 15.5 14.3 13.61 23.89 2.78 6.71 2.68 22.89 14.72 1.34
133.3925 575 245 63 895 0.254 15.5 14.3 13.61 23.89 2.78 6.71 2.68 22.89 14.72 1.34
221.9813 576 245 63 895 0.254 15.5 14.3 13.61 23.89 2.78 6.71 2.68 22.89 14.72 1.34
214.7111 577 245 63 895 0.254 15.5 14.3 13.61 23.89 2.78 6.71 2.68 22.89 14.72 1.34
205.0245 578 245 63 895 0.254 15.5 14.3 13.61 23.89 2.78 6.71 2.68 22.89 14.72 1.34
132.3124 579 245 63 895 0.254 15.5 14.3 13.61 23.89 2.78 6.71 2.68 22.89 14.72 1.34
133.5398 580 245 63 895 0.254 15.5 14.3 13.61 23.89 2.78 6.71 2.68 22.89 14.72 1.34
155.1787 581 245 63 895 0.254 15.5 14.3 13.61 23.89 2.78 6.71 2.68 22.89 14.72 1.34
199.1527 582 245 63 895 0.254 15.5 14.3 13.61 23.89 2.78 6.71 2.68 22.89 14.72 1.34
181.6043 583 245 63 895 0.254 15.5 14.3 13.61 23.89 2.78 6.71 2.68 22.89 14.72 1.34
193.0043 584 245 63 895 0.254 15.5 14.3 13.61 23.89 2.78 6.71 2.68 22.89 14.72 1.34
184.2064 585 245 63 895 0.254 15.5 14.3 13.61 23.89 2.78 6.71 2.68 22.89 14.72 1.34
147.7317 586 245 63 895 0.254 15.5 14.3 13.61 23.89 2.78 6.71 2.68 22.89 14.72 1.34
173.0257 587 245 63 895 0.254 15.5 14.3 13.61 23.89 2.78 6.71 2.68 22.89 14.72 1.34
162.5135 588 245 63 895 0.254 15.5 14.3 13.61 23.89 2.78 6.71 2.68 22.89 14.72 1.34
189.3614 589 245 63 895 0.254 15.5 14.3 13.61 23.89 2.78 6.71 2.68 22.89 14.72 1.34
180.0595 590 245 63 895 0.254 15.5 14.3 13.61 23.89 2.78 6.71 2.68 22.89 14.72 1.34
160.5792 591 245 63 895 0.254 15.5 14.3 13.61 23.89 2.78 6.71 2.68 22.89 14.72 1.34
177.3527 592 245 63 895 0.254 15.5 14.3 13.61 23.89 2.78 6.71 2.68 22.89 14.72 1.34
168.4958 593 245 63 895 0.254 15.5 14.3 13.61 23.89 2.78 6.71 2.68 22.89 14.72 1.34
178.891 594 245 63 895 0.254 15.5 14.3 13.61 23.89 2.78 6.71 2.68 22.89 14.72 1.34
168.8035 595 245 63 895 0.254 15.5 14.3 13.61 23.89 2.78 6.71 2.68 22.89 14.72 1.34
143.8482 596 245 63 895 0.254 15.5 14.3 13.61 23.89 2.78 6.71 2.68 22.89 14.72 1.34
157.2628 597 245 63 895 0.254 15.5 14.3 13.61 23.89 2.78 6.71 2.68 22.89 14.72 1.34
150.0932 599 245 63 895 0.254 15.5 14.3 13.61 23.89 2.78 6.71 2.68 22.89 14.72 1.34
181.1134 601 245 63 895 0.254 15.5 14.3 13.61 23.89 2.78 6.71 2.68 22.89 14.72 1.34
188.8017 602 245 63 895 0.254 15.5 14.3 13.61 23.89 2.78 6.71 2.68 22.89 14.72 1.34
169.5538 603 245 63 895 0.254 15.5 14.3 13.61 23.89 2.78 6.71 2.68 22.89 14.72 1.34
151.0342 605 245 63 895 0.254 15.5 14.3 13.61 23.89 2.78 6.71 2.68 22.89 14.72 1.34
135.1992 608 245 63 895 0.254 15.5 14.3 13.61 23.89 2.78 6.71 2.68 22.89 14.72 1.34
135.4668 609 245 63 895 0.254 15.5 14.3 13.61 23.89 2.78 6.71 2.68 22.89 14.72 1.34
144.6829 611 245 63 895 0.254 15.5 14.3 13.61 23.89 2.78 6.71 2.68 22.89 14.72 1.34
151.8017 612 245 63 895 0.254 15.5 14.3 13.61 23.89 2.78 6.71 2.68 22.89 14.72 1.34
165.1778 614 245 63 895 0.254 15.5 14.3 13.61 23.89 2.78 6.71 2.68 22.89 14.72 1.34
160.1782 616 245 63 895 0.254 15.5 14.3 13.61 23.89 2.78 6.71 2.68 22.89 14.72 1.34
136.8358 617 245 63 895 0.254 15.5 14.3 13.61 23.89 2.78 6.71 2.68 22.89 14.72 1.34
150.1145 619 245 63 895 0.254 15.5 14.3 13.61 23.89 2.78 6.71 2.68 22.89 14.72 1.34
200.0397 620 245 63 895 0.254 15.5 14.3 13.61 23.89 2.78 6.71 2.68 22.89 14.72 1.34
185.5541 623 245 63 895 0.254 15.5 14.3 13.61 23.89 2.78 6.71 2.68 22.89 14.72 1.34
131.0605 624 245 63 895 0.254 15.5 14.3 13.61 23.89 2.78 6.71 2.68 22.89 14.72 1.34
146.3439 626 245 63 895 0.254 15.5 14.3 13.61 23.89 2.78 6.71 2.68 22.89 14.72 1.34
179.3099 628 245 63 895 0.254 15.5 14.3 13.61 23.89 2.78 6.71 2.68 22.89 14.72 1.34
177.1571 629 245 63 895 0.254 15.5 14.3 13.61 23.89 2.78 6.71 2.68 22.89 14.72 1.34
163.6395 630 245 63 895 0.254 15.5 14.3 13.61 23.89 2.78 6.71 2.68 22.89 14.72 1.34
144.0143 631 245 63 895 0.254 15.5 14.3 13.61 23.89 2.78 6.71 2.68 22.89 14.72 1.34
176.7962 632 245 63 895 0.254 15.5 14.3 13.61 23.89 2.78 6.71 2.68 22.89 14.72 1.34
