-2.19204e+30 -2.17679e+30 -1.52532e+28
-1.54731e+28 -1.53654e+28 -1.0769e+26
-1.49889e+27 -1.48845e+27 -1.04322e+25
-4.72787e+28 -4.69497e+28 -3.29005e+26
-3.42388e+28 -3.40006e+28 -2.38252e+26
-4.35007e+29 -4.3198e+29 -3.02696e+27
-4.41145e+28 -4.38074e+28 -3.07067e+26
-2.67069e+29 -2.65211e+29 -1.85879e+27
-1.26148e+28 -1.2527e+28 -8.78066e+25
-3.07843e+30 -3.05699e+30 -2.14407e+28
-2.34045e+29 -2.31394e+29 -2.65084e+27
-1.99095e+28 -1.33359e+28 -6.57365e+27
-2.55149e+39 -5.4767e+28 -2.55149e+39
-3.57079e+27 -3.54594e+27 -2.48503e+25
-7.1212e+27 -7.07164e+27 -4.9563e+25
-2.25687e+28 -2.24116e+28 -1.57055e+26
-9.52398e+28 -9.4577e+28 -6.62724e+26
-1.42725e+28 -1.41732e+28 -9.9315e+25
-9.26199e+27 -9.19753e+27 -6.44541e+25
-1.80054e+30 -1.78801e+30 -1.2529e+28
-1.58873e+28 -1.57764e+28 -1.10879e+26
-7.20714e+26 -7.15697e+26 -5.01721e+24
-4.55094e+27 -4.51925e+27 -3.16834e+25
-2.5598e+29 -2.54199e+29 -1.78189e+27
-7.31273e+28 -7.26184e+28 -5.0888e+26
-2.52497e+27 -2.50739e+27 -1.75804e+25
-3.8696e+27 -3.84267e+27 -2.69307e+25
-7.52659e+31 -2.33424e+31 -5.19235e+31
-9.93392e+27 -9.86479e+27 -6.91259e+25
-7.90058e+27 -7.8456e+27 -5.49765e+25
-2.49585e+28 -2.47848e+28 -1.73676e+26
-1.9876e+29 -1.97377e+29 -1.38306e+27
-1.19642e+29 -1.18809e+29 -8.3255e+26
-3.95628e+29 -8.37567e+28 -3.11872e+29
-2.55488e+31 -3.26195e+29 -2.52226e+31
-9.41592e+26 -9.35038e+26 -6.55422e+24
-5.46097e+27 -5.42297e+27 -3.80001e+25
-3.01535e+30 -2.99436e+30 -2.09828e+28
-2.70641e+29 -2.68758e+29 -1.88324e+27
-3.869e+27 -3.84207e+27 -2.69349e+25
-4.25325e+27 -4.22365e+27 -2.95978e+25
-3.56892e+28 -3.54408e+28 -2.48342e+26
-8.01946e+29 -7.96365e+29 -5.58035e+27
-3.01499e+29 -2.99401e+29 -2.098e+27
-1.0959e+29 -1.08828e+29 -7.62844e+26
inf -3.69479e+27 inf
-1.33253e+27 -1.32326e+27 -9.27456e+24
inf -2.10719e+29 inf
-1.78548e+28 -1.77306e+28 -1.24248e+26
-2.74529e+29 -2.72618e+29 -1.91071e+27
-1.06295e+29 -1.05555e+29 -7.39641e+26
-5.76954e+30 -5.72939e+30 -4.01486e+28
-5.95032e+27 -5.90891e+27 -4.14147e+25
-1.05794e+29 -1.05058e+29 -7.36318e+26
-2.0103e+28 -1.9963e+28 -1.3993e+26
-9.3065e+28 -9.24172e+28 -6.47731e+26
-4.52495e+29 -4.49346e+29 -3.14869e+27
-3.25281e+28 -3.23017e+28 -2.26354e+26
-7.99014e+27 -7.93454e+27 -5.56019e+25
-2.6805e+28 -2.66177e+28 -1.87301e+26
-6.83729e+28 -6.78092e+28 -5.63709e+26
-1.60826e+28 -1.5968e+28 -1.14565e+26
-1.39619e+27 -1.38646e+27 -9.7215e+24
-1.42299e+27 -1.41309e+27 -9.90238e+24
-3.13441e+28 -3.11259e+28 -2.18116e+26
-5.56318e+28 -5.52446e+28 -3.87277e+26
-6.88405e+27 -6.83614e+27 -4.79116e+25
-3.07451e+28 -3.05312e+28 -2.13963e+26
-5.33771e+29 -7.68772e+27 -5.26083e+29
-3.24125e+27 -3.21869e+27 -2.25609e+25
-4.22244e+27 -4.19305e+27 -2.93822e+25
-2.40969e+28 -2.39293e+28 -1.67677e+26
-9.03731e+27 -8.97439e+27 -6.29115e+25
-1.32e+28 -1.31082e+28 -9.18546e+25
-4.34371e+27 -4.31349e+27 -3.02271e+25
-4.23483e+28 -4.20536e+28 -2.94684e+26
-2.33868e+27 -2.3224e+27 -1.62746e+25
-6.17134e+27 -6.12836e+27 -4.29861e+25
-2.07032e+28 -2.05591e+28 -1.44069e+26
-3.70136e+27 -3.6756e+27 -2.57672e+25
-2.52837e+27 -2.51078e+27 -1.75952e+25
-4.48204e+28 -4.45084e+28 -3.11964e+26
-3.95599e+28 -3.92846e+28 -2.75278e+26
inf -7.34789e+28 inf
-1.47162e+29 -1.62084e+28 -1.30954e+29
-1.33367e+30 -1.08303e+28 -1.32284e+30
-1.36565e+30 -9.05611e+28 -1.27509e+30
-2.14155e+29 -9.16581e+27 -2.04989e+29
-3.01252e+41 -1.04059e+29 -3.01252e+41
-5.89754e+35 -1.16514e+30 -5.89753e+35
-2.75818e+28 -2.73899e+28 -1.91929e+26
-1.67362e+28 -1.66197e+28 -1.1647e+26
-8.30359e+27 -8.2458e+27 -5.77862e+25
-3.79727e+27 -3.77085e+27 -2.6425e+25
-4.73565e+29 -4.70269e+29 -3.29533e+27
-3.46238e+28 -3.43829e+28 -2.40956e+26
-3.61893e+29 -3.59374e+29 -2.51848e+27
-3.17038e+30 -4.28842e+28 -3.1275e+30
-1.23097e+28 -1.2224e+28 -8.56579e+25
-1.60856e+28 -1.59736e+28 -1.11933e+26
-1.9367e+29 -1.92322e+29 -1.34767e+27
-1.88585e+27 -1.87273e+27 -1.3124e+25
-1.99038e+27 -1.97653e+27 -1.38521e+25
-7.70534e+30 -7.65173e+30 -5.36171e+28
-6.91546e+28 -6.86734e+28 -4.81211e+26
-4.48122e+27 -4.45003e+27 -3.11863e+25
-9.18808e+27 -9.12414e+27 -6.39372e+25
-2.09741e+28 -2.08281e+28 -1.46018e+26
-2.40515e+28 -2.3884e+28 -1.67465e+26
-3.39853e+27 -3.37487e+27 -2.36544e+25
-5.48082e+27 -5.44265e+27 -3.81687e+25
-3.27034e+28 -3.24759e+28 -2.27569e+26
-1.81009e+30 -1.79749e+30 -1.25975e+28
-4.70493e+31 -4.67214e+31 -3.27849e+29
-6.5626e+28 -4.69757e+28 -1.86503e+28
-5.83228e+28 -5.79169e+28 -4.05836e+26
-1.75289e+29 -1.7407e+29 -1.21974e+27
-3.00067e+28 -2.97978e+28 -2.08899e+26
-3.1624e+27 -3.14038e+27 -2.20178e+25
-2.20642e+28 -2.19106e+28 -1.53534e+26
-2.94453e+29 -2.92405e+29 -2.04898e+27
-5.15226e+28 -5.1164e+28 -3.58543e+26
-2.87618e+28 -2.81961e+28 -5.65745e+26
-1.65507e+28 -3.71524e+27 -1.28354e+28
-4.28507e+39 -1.27968e+28 -4.28507e+39
-3.91744e+31 -1.81897e+27 -3.91726e+31
-3.12e+31 -3.28818e+27 -3.11967e+31
-2.92644e+27 -2.8966e+27 -2.98345e+25
-6.28695e+28 -2.1367e+28 -4.15024e+28
-7.99567e+29 -7.94003e+29 -5.56384e+27
-4.66699e+29 -4.63451e+29 -3.24791e+27
-1.91413e+27 -1.90081e+27 -1.33249e+25
-2.26145e+28 -2.24571e+28 -1.57364e+26
-2.06176e+29 -2.04742e+29 -1.43467e+27
-7.69945e+27 -7.64585e+27 -5.36044e+25
-2.81865e+29 -2.79903e+29 -1.96135e+27
-4.06165e+28 -4.03339e+28 -2.82628e+26
-2.49896e+27 -2.48157e+27 -1.73917e+25
-1.36251e+28 -1.35302e+28 -9.48167e+25
-7.53466e+27 -7.47684e+27 -5.78173e+25
-1.72317e+28 -1.7055e+28 -1.76667e+26
-1.93966e+29 -1.92299e+29 -1.66729e+27
-4.51507e+31 -4.1507e+27 -4.51466e+31
-2.84905e+33 -4.57068e+26 -2.84905e+33
-1.8179e+29 -1.80525e+29 -1.26501e+27
-2.19588e+28 -2.1806e+28 -1.528e+26
-2.87771e+29 -2.85769e+29 -2.00239e+27
-1.05057e+28 -1.04326e+28 -7.31052e+25
-2.65913e+28 -2.64063e+28 -1.85034e+26
-1.30034e+28 -1.29129e+28 -9.04854e+25
-1.21351e+28 -1.20506e+28 -8.44607e+25
-9.48098e+27 -9.41501e+27 -6.59739e+25
-2.2051e+28 -2.18975e+28 -1.53449e+26
-2.69885e+27 -2.68007e+27 -1.87814e+25
-4.28894e+27 -4.25908e+27 -2.98582e+25
-3.94491e+28 -3.91745e+28 -2.74633e+26
-6.71604e+30 -6.66931e+30 -4.67331e+28
-1.38371e+27 -1.37408e+27 -9.63058e+24
-1.06462e+27 -1.05721e+27 -7.40913e+24
-1.42022e+29 -1.41033e+29 -9.8829e+26
-3.35598e+28 -3.33263e+28 -2.33528e+26
-4.53142e+27 -4.49988e+27 -3.1535e+25
-6.37302e+30 -6.32867e+30 -4.43575e+28
-3.82024e+29 -3.79366e+29 -2.65834e+27
-9.52148e+29 -9.45522e+29 -6.6255e+27
-nan inf -inf
-5.10996e+28 -5.0744e+28 -3.55575e+26
inf -4.44878e+28 inf
-nan inf -inf
inf -7.97427e+27 inf
inf -4.82157e+29 inf
inf -3.24472e+27 inf
inf -3.40844e+29 inf
inf -8.82955e+27 inf
-9.97982e+27 -9.91037e+27 -6.94476e+25
-1.49247e+29 -1.48209e+29 -1.03875e+27
-2.76423e+28 -2.74499e+28 -1.92348e+26
-4.93394e+28 -4.8996e+28 -3.43333e+26
-1.29207e+28 -1.28308e+28 -8.99317e+25
-3.41174e+29 -3.388e+29 -2.37404e+27
-1.03605e+28 -1.02884e+28 -7.21188e+25
-5.67192e+30 -5.63244e+30 -3.94796e+28
-1.38771e+29 -1.37806e+29 -9.65629e+26
-8.93859e+29 -8.87639e+29 -6.21995e+27
-2.60577e+28 -2.58764e+28 -1.8133e+26
-5.46566e+26 -5.42761e+26 -3.80457e+24
inf -2.94785e+30 inf
-6.68138e+28 -6.62909e+28 -5.22862e+26
-4.49486e+27 -1.75893e+27 -2.73594e+27
-3.95204e+29 -3.92452e+29 -2.75152e+27
-1.06949e+29 -1.06205e+29 -7.4421e+26
-3.02554e+28 -3.00448e+28 -2.10599e+26
-5.89826e+30 -5.85652e+30 -4.17486e+28
-2.58802e+30 -1.58161e+27 -2.58644e+30
-3.89724e+27 -3.87011e+27 -2.71264e+25
-1.33323e+30 -1.32394e+30 -9.29051e+27
-3.92547e+27 -3.89815e+27 -2.73187e+25
-6.93937e+28 -6.89106e+28 -4.83036e+26
-7.50178e+28 -7.44958e+28 -5.22018e+26
-8.7748e+27 -8.71373e+27 -6.10679e+25
-6.91585e+28 -6.86772e+28 -4.81292e+26
-4.47258e+28 -4.44146e+28 -3.11271e+26
-5.34275e+28 -5.30557e+28 -3.71781e+26
-1.44843e+29 -1.43835e+29 -1.00791e+27
-2.13759e+28 -2.12271e+28 -1.48758e+26
-1.2775e+28 -1.26861e+28 -8.88969e+25
-1.75499e+28 -1.74278e+28 -1.22127e+26
-3.63915e+27 -3.61382e+27 -2.53262e+25
-5.07273e+28 -5.03742e+28 -3.53097e+26
-2.89245e+29 -2.83511e+29 -5.73357e+27
-6.82131e+30 -7.19037e+27 -6.81412e+30
-1.4972e+35 -3.69587e+27 -1.4972e+35
-4.97341e+28 -4.9388e+28 -3.46093e+26
-2.80461e+28 -2.78509e+28 -1.9519e+26
-2.92235e+28 -2.90196e+28 -2.03843e+26
-2.3819e+29 -2.28129e+29 -1.00616e+28
-2.35316e+29 -8.28634e+27 -2.2703e+29
-6.06743e+31 -4.59206e+27 -6.06697e+31
-1.07625e+31 -4.60684e+28 -1.07164e+31
-3.45496e+32 -6.31192e+28 -3.45433e+32
-1.06443e+28 -1.05702e+28 -7.40711e+25
-1.35687e+29 -1.34743e+29 -9.44191e+26
-9.44969e+27 -9.38393e+27 -6.57574e+25
-4.35662e+27 -4.32631e+27 -3.03163e+25
-1.55045e+28 -1.53966e+28 -1.0789e+26
-2.74771e+27 -2.72859e+27 -1.91202e+25
-1.24052e+27 -1.23187e+27 -8.64767e+24
-6.63287e+26 -6.5867e+26 -4.61757e+24
-4.47268e+28 -4.44154e+28 -3.11318e+26
-2.48333e+28 -2.44866e+28 -3.46666e+26
-1.6746e+29 -1.66294e+29 -1.1653e+27
-8.32257e+27 -8.26466e+27 -5.79155e+25
-6.60308e+28 -6.55713e+28 -4.59519e+26
-6.03163e+32 -5.98965e+32 -4.19798e+30
-6.23423e+28 -6.19085e+28 -4.33808e+26
-1.76001e+28 -1.74777e+28 -1.22477e+26
-9.35121e+28 -9.28614e+28 -6.50698e+26
-3.40646e+27 -3.38275e+27 -2.37062e+25
-5.45614e+29 -6.33846e+27 -5.39275e+29
-1.21249e+28 -1.17734e+28 -3.51585e+26
-1.09692e+29 -1.08885e+29 -8.07284e+26
-6.34348e+28 -1.10965e+28 -5.23383e+28
-1.03482e+28 -4.9709e+27 -5.37728e+27
-1.83427e+30 -1.82082e+30 -1.3454e+28
-4.85447e+28 -3.49957e+27 -4.50452e+28
-7.90602e+27 -7.24653e+27 -6.59495e+26
-3.51576e+29 -2.88486e+28 -3.22727e+29
-2.51065e+27 -2.49315e+27 -1.75016e+25
-5.6928e+27 -5.65318e+27 -3.96139e+25
-1.10617e+29 -1.09847e+29 -7.6972e+26
-4.59831e+31 -4.56631e+31 -3.19971e+29
-2.68223e+28 -2.66356e+28 -1.86718e+26
-5.79199e+29 -5.75169e+29 -4.03037e+27
-1.99391e+28 -1.98004e+28 -1.38773e+26
-3.70778e+28 -3.68194e+28 -2.5842e+26
-4.27574e+28 -4.24598e+28 -2.9759e+26
-1.29659e+28 -1.28756e+28 -9.0288e+25
-3.63964e+28 -3.61432e+28 -2.53294e+26
-1.5258e+28 -1.51518e+28 -1.06208e+26
-2.44907e+29 -1.91697e+29 -5.32098e+28
-1.42353e+30 -5.95763e+29 -8.27764e+29
-1.73395e+27 -1.72189e+27 -1.20667e+25
-1.20805e+27 -1.19964e+27 -8.40811e+24
-2.15649e+29 -2.14148e+29 -1.50115e+27
-6.69397e+29 -6.64738e+29 -4.65962e+27
-2.47156e+29 -3.1654e+27 -2.43991e+29
-8.00914e+27 -7.95341e+27 -5.57318e+25
-1.02659e+28 -1.01944e+28 -7.14425e+25
-1.10059e+28 -1.09293e+28 -7.65983e+25
-7.50429e+29 -7.45207e+29 -5.2218e+27
-3.50741e+28 -3.48301e+28 -2.44072e+26
-9.41644e+28 -9.35091e+28 -6.55242e+26
-nan inf -inf
-4.01859e+28 -3.99063e+28 -2.79632e+26
-7.32099e+27 -7.27004e+27 -5.09481e+25
-8.01678e+27 -7.96099e+27 -5.57905e+25
-7.44628e+28 -7.39447e+28 -5.18144e+26
-nan inf -inf
-4.89662e+28 -4.86254e+28 -3.4083e+26
-1.53438e+28 -1.52371e+28 -1.06775e+26
-nan inf -inf
-8.72572e+28 -8.665e+28 -6.07187e+26
-2.87617e+27 -2.85615e+27 -2.0017e+25
-1.20268e+28 -1.19431e+28 -8.36997e+25
-4.44378e+29 -4.41286e+29 -3.09236e+27
-1.40645e+28 -1.39667e+28 -9.78691e+25
-4.24994e+27 -4.22036e+27 -2.95755e+25
-1.5747e+29 -1.56374e+29 -1.09576e+27
-7.37148e+28 -7.32018e+28 -5.12974e+26
-1.20073e+27 -1.19237e+27 -8.35969e+24
-3.48336e+27 -3.45912e+27 -2.42406e+25
-nan inf -inf
-2.6801e+27 -2.66144e+27 -1.86595e+25
-1.23723e+29 -1.22862e+29 -8.60933e+26
-5.63531e+27 -5.5961e+27 -3.92144e+25
-1.09091e+28 -1.08332e+28 -7.59196e+25
-4.48773e+30 -4.4565e+30 -3.12316e+28
-1.15319e+28 -1.14517e+28 -8.02473e+25
-7.23046e+27 -7.18014e+27 -5.03246e+25
-2.00548e+28 -1.99152e+28 -1.39551e+26
-3.04002e+28 -3.01886e+28 -2.11569e+26
-9.61998e+27 -9.55304e+27 -6.69465e+25
-1.74317e+28 -1.73104e+28 -1.2131e+26
-1.45499e+27 -1.44486e+27 -1.01264e+25
-1.57917e+28 -1.56818e+28 -1.09887e+26
-6.42978e+28 -6.38504e+28 -4.47421e+26
-3.75622e+27 -3.73008e+27 -2.6143e+25
-3.40412e+31 -3.38042e+31 -2.37046e+29
-1.15252e+29 -1.1445e+29 -8.02334e+26
-1.85876e+27 -1.84521e+27 -1.35482e+25
-4.74115e+27 -4.69171e+27 -4.9444e+25
-1.65462e+28 -1.64311e+28 -1.15137e+26
-9.43958e+29 -9.37389e+29 -6.5687e+27
-2.60565e+28 -2.58751e+28 -1.81323e+26
-2.93475e+28 -1.89893e+28 -1.03582e+28
-1.53927e+28 -1.52856e+28 -1.07112e+26
-8.50464e+28 -8.44546e+28 -5.91802e+26
-4.72772e+27 -4.69482e+27 -3.2898e+25
-1.07576e+28 -1.06828e+28 -7.48622e+25
-1.39627e+29 -1.38655e+29 -9.72109e+26
-8.64161e+27 -8.58147e+27 -6.01407e+25
-7.63457e+27 -7.11644e+27 -5.18129e+26
-4.56273e+28 -4.53063e+28 -3.21065e+26
-7.80519e+28 -7.58079e+28 -2.24392e+27
-1.6699e+28 -1.65827e+28 -1.16318e+26
-8.21114e+27 -8.154e+27 -5.71417e+25
-1.51956e+28 -1.50899e+28 -1.05739e+26
-7.24823e+27 -7.19777e+27 -5.04562e+25
-1.04693e+27 -1.03965e+27 -7.28715e+24
-1.82415e+28 -1.81146e+28 -1.26962e+26
-4.67679e+27 -4.64423e+27 -3.25577e+25
-1.93752e+30 -1.92404e+30 -1.34823e+28
-2.42161e+30 -2.40476e+30 -1.68554e+28
-1.92244e+28 -1.90906e+28 -1.33775e+26
-1.50145e+27 -1.49099e+27 -1.04638e+25
-2.20813e+28 -2.19277e+28 -1.5366e+26
-1.45364e+29 -1.44352e+29 -1.01167e+27
-4.42868e+28 -4.39773e+28 -3.09472e+26
-1.59874e+29 -1.58761e+29 -1.11251e+27
-7.99441e+27 -7.93877e+27 -5.56344e+25
-6.38427e+27 -6.33985e+27 -4.44261e+25
inf -3.73605e+28 inf
inf -1.15048e+29 inf
-1.63664e+27 -1.56206e+27 -7.45754e+25
-3.2324e+28 -3.20991e+28 -2.24922e+26
-1.25578e+28 -1.24704e+28 -8.73833e+25
-1.31171e+27 -1.30258e+27 -9.12859e+24
-1.88382e+27 -1.87071e+27 -1.31088e+25
-3.53547e+28 -3.51086e+28 -2.46017e+26
-1.75556e+29 -1.74334e+29 -1.22166e+27
-1.67989e+27 -1.6682e+27 -1.16913e+25
-9.1668e+28 -9.10302e+28 -6.37887e+26
-6.86772e+28 -6.81992e+28 -4.78011e+26
-7.14051e+27 -7.09082e+27 -4.9692e+25
-9.25811e+36 -6.67882e+29 -9.25811e+36
-8.06576e+28 -6.77378e+28 -1.29198e+28
-1.49386e+32 -7.43488e+27 -1.49379e+32
-3.86447e+28 -3.83758e+28 -2.68933e+26
-7.26304e+27 -7.2125e+27 -5.05394e+25
-4.79194e+27 -4.75859e+27 -3.3345e+25
-2.96404e+27 -2.94341e+27 -2.06269e+25
-4.97916e+27 -4.94451e+27 -3.46529e+25
-7.29573e+27 -7.24494e+27 -5.07866e+25
-1.57156e+29 -1.56062e+29 -1.09359e+27
-2.92248e+28 -2.90214e+28 -2.03364e+26
-1.48545e+29 -1.47511e+29 -1.03367e+27
-8.8852e+27 -8.82337e+27 -6.18299e+25
-1.81052e+28 -1.79792e+28 -1.2603e+26
-3.6769e+30 -3.65132e+30 -2.55854e+28
-7.87457e+32 -8.75683e+27 -7.87449e+32
-5.77052e+36 -2.11884e+31 -5.7705e+36
-3.24111e+28 -3.21856e+28 -2.2556e+26
-5.3771e+28 -5.33968e+28 -3.74226e+26
-7.24505e+26 -7.19461e+26 -5.0439e+24
-2.4634e+29 -2.0902e+29 -3.73201e+28
-1.3083e+28 -1.21693e+28 -9.13744e+26
-1.19567e+28 -1.18735e+28 -8.32092e+25
-7.94188e+27 -7.88662e+27 -5.52655e+25
-1.00224e+28 -9.95267e+27 -6.97423e+25
-5.95769e+27 -5.91617e+27 -4.15225e+25
-2.74355e+29 -2.72446e+29 -1.90925e+27
-1.02844e+28 -1.02094e+28 -7.50023e+25
-7.531e+27 -7.43702e+27 -9.39725e+25
-3.2832e+27 -3.26035e+27 -2.28495e+25
inf -8.05354e+27 inf
-1.66638e+27 -1.65478e+27 -1.15964e+25
-1.09933e+33 -1.09168e+33 -7.64961e+30
-2.07462e+29 -2.06018e+29 -1.44376e+27
-4.07609e+27 -4.04772e+27 -2.83665e+25
-9.70955e+26 -9.03026e+26 -6.79293e+25
-1.23692e+28 -1.22831e+28 -8.60922e+25
-1.23192e+28 -1.22335e+28 -8.57233e+25
-3.66812e+28 -3.64259e+28 -2.5528e+26
-3.72798e+28 -3.70203e+28 -2.59428e+26
inf -1.07802e+28 inf
-1.13657e+28 -1.12866e+28 -7.91054e+25
-5.49579e+29 -5.45754e+29 -3.82447e+27
-5.17921e+27 -5.14316e+27 -3.60494e+25
-7.11633e+28 -7.0668e+28 -4.95282e+26
inf -1.50549e+28 inf
-3.18006e+28 -3.15793e+28 -2.21336e+26
-2.02265e+28 -2.00858e+28 -1.40753e+26
-3.40127e+28 -3.3776e+28 -2.3668e+26
-3.88278e+28 -3.85576e+28 -2.70254e+26
-2.80326e+28 -2.78375e+28 -1.95066e+26
-2.29789e+28 -2.2819e+28 -1.59899e+26
-4.36656e+28 -4.33618e+28 -3.03854e+26
-3.00104e+28 -2.98015e+28 -2.08859e+26
-1.25091e+28 -1.2422e+28 -8.70452e+25
-nan inf -inf
-1.38253e+28 -1.3729e+28 -9.62102e+25
-2.88053e+27 -2.86048e+27 -2.0055e+25
-nan inf -inf
-1.30031e+28 -1.29126e+28 -9.05025e+25
-nan inf -inf
-4.53066e+28 -4.49912e+28 -3.15368e+26
-6.07391e+28 -6.03164e+28 -4.22657e+26
-5.69219e+28 -5.65258e+28 -3.961e+26
-5.60838e+28 -5.56935e+28 -3.90275e+26
inf -1.10365e+28 inf
-2.52319e+28 -2.50564e+28 -1.7558e+26
inf -2.3801e+28 inf
inf -6.40899e+27 inf
-2.59209e+28 -2.57405e+28 -1.8037e+26
inf -2.07037e+28 inf
-1.97469e+30 -3.50612e+27 -1.97118e+30
-1.4386e+30 -7.27674e+27 -1.43133e+30
-1.45331e+31 -4.07721e+28 -1.44923e+31
-2.98421e+29 -7.32102e+27 -2.911e+29
-2.85303e+30 -3.95548e+27 -2.84907e+30
-2.78499e+32 -1.26348e+28 -2.78487e+32
-2.05258e+29 -2.03829e+29 -1.42909e+27
-4.91243e+26 -4.87821e+26 -3.42201e+24
-2.95021e+27 -2.92968e+27 -2.0533e+25
-7.31227e+28 -7.26138e+28 -5.08869e+26
-2.74608e+27 -2.72697e+27 -1.91121e+25
-1.24045e+27 -1.23182e+27 -8.63235e+24
-2.12035e+29 -2.1056e+29 -1.47544e+27
-1.31944e+28 -1.31026e+28 -9.1818e+25
-2.43156e+28 -2.41464e+28 -1.69225e+26
-4.45283e+27 -4.42184e+27 -3.09879e+25
-1.50249e+28 -1.49203e+28 -1.04554e+26
-1.09488e+28 -1.08726e+28 -7.61931e+25
-4.96871e+27 -4.93411e+27 -3.45942e+25
-2.08206e+28 -2.06758e+28 -1.44884e+26
-5.56999e+29 -5.53123e+29 -3.87587e+27
-7.4634e+27 -7.41147e+27 -5.19357e+25
-7.85169e+27 -7.79705e+27 -5.46362e+25
-1.72647e+29 -1.71445e+29 -1.20136e+27
-5.57695e+27 -5.53813e+27 -3.88185e+25
-2.78708e+29 -2.76769e+29 -1.9394e+27
-2.74992e+27 -2.73078e+27 -1.91436e+25
-4.69376e+29 -4.6611e+29 -3.26618e+27
-1.68696e+28 -1.67521e+28 -1.17419e+26
-4.17885e+27 -4.14976e+27 -2.90878e+25
-3.47039e+27 -3.44623e+27 -2.41516e+25
-4.51907e+29 -4.48763e+29 -3.14459e+27
-6.6303e+26 -6.58415e+26 -4.61513e+24
-nan inf -inf
-nan inf -inf
-2.1405e+28 -2.12561e+28 -1.48952e+26
-2.35981e+28 -2.34339e+28 -1.64211e+26
-4.05105e+28 -4.02286e+28 -2.81917e+26
-1.74093e+28 -1.72882e+28 -1.21153e+26
-4.11512e+27 -4.08649e+27 -2.86375e+25
-2.73032e+28 -2.71132e+28 -1.90042e+26
-1.30601e+28 -1.29692e+28 -9.09267e+25
-5.26145e+28 -5.22484e+28 -3.66128e+26
-8.84051e+27 -8.77898e+27 -6.15283e+25
-4.71233e+29 -4.67954e+29 -3.27916e+27
-1.22801e+28 -1.21947e+28 -8.54519e+25
-2.61478e+28 -2.59658e+28 -1.81957e+26
-2.80421e+28 -2.7847e+28 -1.95157e+26
-1.92492e+28 -1.91153e+28 -1.33968e+26
-2.88893e+28 -2.86882e+28 -2.01036e+26
-1.74987e+28 -1.73769e+28 -1.21777e+26
-5.50169e+27 -5.4634e+27 -3.82902e+25
-2.97192e+29 -2.95121e+29 -2.07012e+27
-1.1082e+32 -2.34212e+28 -1.10796e+32
-1.92062e+27 -1.90725e+27 -1.33694e+25
-9.10234e+27 -9.03899e+27 -6.33525e+25
-6.16748e+29 -6.12456e+29 -4.29182e+27
-3.88737e+28 -3.86032e+28 -2.70535e+26
-6.18703e+28 -6.14398e+28 -4.30522e+26
-2.0326e+28 -2.01845e+28 -1.41478e+26
-1.00358e+28 -9.96601e+27 -6.98379e+25
-2.1569e+28 -2.14189e+28 -1.50093e+26
-3.81001e+27 -3.78349e+27 -2.65119e+25
-3.03299e+27 -3.01188e+27 -2.11102e+25
-2.68006e+28 -2.66141e+28 -1.86504e+26
-1.92297e+28 -1.90958e+28 -1.33826e+26
-8.81195e+27 -8.75063e+27 -6.13244e+25
-4.57832e+27 -4.54645e+27 -3.18658e+25
-3.82423e+28 -3.79762e+28 -2.66124e+26
-1.18664e+28 -1.17838e+28 -8.25767e+25
-2.99767e+27 -2.92967e+27 -6.80012e+25
-1.7462e+29 -1.34213e+29 -4.04071e+28
-2.62103e+29 -5.31834e+27 -2.56785e+29
-1.46541e+29 -1.45521e+29 -1.01983e+27
-1.81213e+28 -1.79952e+28 -1.26097e+26
inf -3.07216e+27 inf
-1.54647e+28 -1.53571e+28 -1.07612e+26
-1.38376e+27 -1.37413e+27 -9.63125e+24
-3.67624e+27 -3.65065e+27 -2.55871e+25
-2.73743e+28 -2.71838e+28 -1.90487e+26
-2.73057e+27 -2.71156e+27 -1.90042e+25
-1.25727e+29 -1.24852e+29 -8.74843e+26
-3.33798e+27 -3.31475e+27 -2.32294e+25
-8.38835e+27 -8.32998e+27 -5.83723e+25
-2.92318e+27 -2.90284e+27 -2.03457e+25
-2.35027e+27 -2.3339e+27 -1.63685e+25
-7.97091e+28 -7.91544e+28 -5.54656e+26
-2.08518e+30 -2.07067e+30 -1.451e+28
-1.00257e+29 -9.95589e+28 -6.98041e+26
inf -4.30816e+29 inf
-6.69585e+29 -1.64866e+28 -6.53099e+29
-3.28885e+29 -3.07582e+28 -2.98127e+29
-6.72123e+31 -8.84849e+27 -6.72034e+31
-1.23194e+33 -6.30677e+28 -1.23188e+33
-5.58164e+32 -3.59909e+28 -5.58128e+32
-4.59974e+35 -6.59702e+27 -4.59974e+35
-7.64655e+28 -7.59333e+28 -5.32135e+26
-7.89406e+30 -7.83913e+30 -5.4931e+28
-8.15467e+27 -8.09792e+27 -5.67467e+25
-2.12263e+29 -2.10786e+29 -1.47703e+27
-3.56599e+27 -3.54117e+27 -2.48162e+25
-4.80428e+28 -4.77085e+28 -3.34311e+26
-7.90083e+27 -7.80608e+27 -9.47549e+25
-1.89705e+27 -1.73825e+27 -1.588e+26
-6.75909e+31 -5.10291e+28 -6.75399e+31
-1.95591e+28 -1.59054e+28 -3.65376e+27
-2.43409e+32 -6.94132e+28 -2.4334e+32
-8.37484e+27 -7.01609e+27 -1.35875e+27
-1.12608e+28 -1.11148e+28 -1.45953e+26
-1.6492e+28 -1.49188e+28 -1.57319e+27
-1.57607e+28 -1.56511e+28 -1.09672e+26
-9.29645e+27 -9.23176e+27 -6.4691e+25
-7.79256e+30 -7.73833e+30 -5.42303e+28
-8.27687e+27 -8.21927e+27 -5.75972e+25
-6.46207e+27 -6.4171e+27 -4.4967e+25
-1.62749e+28 -1.61616e+28 -1.13262e+26
-5.80272e+32 -1.99187e+27 -5.8027e+32
-2.27797e+27 -2.26212e+27 -1.58522e+25
-2.41025e+27 -2.39347e+27 -1.6775e+25
-1.22217e+28 -1.21366e+28 -8.51083e+25
-5.18321e+30 -5.14714e+30 -3.60672e+28
-2.66419e+27 -2.64564e+27 -1.85475e+25
-2.49586e+29 -2.47849e+29 -1.7368e+27
-1.55951e+29 -1.54866e+29 -1.08526e+27
-4.76244e+27 -4.72864e+27 -3.37997e+25
inf -3.54444e+28 inf
-7.88475e+27 -7.82974e+27 -5.50066e+25
-1.22276e+28 -1.19202e+28 -3.07384e+26
-1.94088e+29 -7.8485e+27 -1.86239e+29
-8.67095e+30 -3.85046e+28 -8.63245e+30
-6.78698e+37 -7.25162e+27 -6.78698e+37
-1.97724e+27 -1.96348e+27 -1.37601e+25
-1.71061e+27 -1.6987e+27 -1.1906e+25
-1.34671e+27 -1.33734e+27 -9.37306e+24
-1.56793e+28 -1.55702e+28 -1.09106e+26
-3.1648e+27 -3.14278e+27 -2.20227e+25
-6.59184e+27 -6.54597e+27 -4.58693e+25
-1.77724e+29 -1.76488e+29 -1.2367e+27
-4.28492e+28 -1.25318e+28 -3.03174e+28
-4.47928e+29 -4.85629e+27 -4.43072e+29
-1.2863e+36 -1.10963e+28 -1.2863e+36
-8.61317e+27 -8.55323e+27 -5.99387e+25
-4.29776e+28 -4.26785e+28 -2.99056e+26
-5.44042e+27 -5.40255e+27 -3.78697e+25
-1.52642e+28 -1.5158e+28 -1.06245e+26
-2.86193e+29 -2.842e+29 -1.99265e+27
-2.45002e+27 -2.43297e+27 -1.70491e+25
-1.20526e+29 -1.19688e+29 -8.3868e+26
-1.17072e+28 -1.16257e+28 -8.14714e+25
-2.02299e+28 -2.00891e+28 -1.40801e+26
-3.55982e+27 -3.53505e+27 -2.47748e+25
-7.78343e+29 -7.72924e+29 -5.41957e+27
-3.96277e+27 -3.93518e+27 -2.75979e+25
-1.53406e+28 -1.52338e+28 -1.06755e+26
-3.363e+27 -3.33959e+27 -2.34035e+25
-2.21031e+28 -2.19492e+28 -1.53856e+26
-2.75942e+30 -2.74022e+30 -1.92014e+28
-7.04006e+27 -2.74601e+27 -4.29405e+27
-1.7819e+31 -3.11692e+27 -1.78158e+31
-5.271e+31 -1.47329e+28 -5.26952e+31
-5.78565e+28 -5.74539e+28 -4.02605e+26
-1.46452e+27 -1.45433e+27 -1.01927e+25
-1.76137e+28 -1.74911e+28 -1.22628e+26
-3.90525e+27 -3.87806e+27 -2.71935e+25
-3.35418e+28 -3.33084e+28 -2.33405e+26
-1.94427e+28 -1.92698e+28 -1.72993e+26
-1.40531e+28 -1.31574e+28 -8.95718e+26
-9.51896e+27 -9.45232e+27 -6.66332e+25
inf -5.38724e+27 inf
-1.99822e+28 -1.98401e+28 -1.42121e+26
inf -7.41521e+27 inf
-2.99447e+29 -2.85796e+29 -1.36511e+28
-2.34672e+30 -2.03715e+27 -2.34468e+30
-1.41694e+29 -1.40708e+29 -9.86053e+26
-9.36728e+30 -9.3021e+30 -6.51815e+28
-3.55146e+27 -3.52675e+27 -2.4713e+25
-1.21067e+29 -1.20224e+29 -8.4244e+26
-3.11774e+28 -3.09604e+28 -2.16998e+26
-1.58413e+28 -1.57311e+28 -1.10275e+26
-1.0719e+28 -1.06444e+28 -7.45968e+25
-3.65407e+28 -3.62864e+28 -2.54278e+26
-2.47336e+27 -2.45614e+27 -1.72202e+25
-1.54846e+30 -1.53767e+30 -1.07853e+28
-5.94721e+33 -1.88307e+28 -5.94719e+33
-9.10753e+27 -9.04416e+27 -6.33755e+25
-7.2099e+27 -7.15973e+27 -5.01724e+25
-1.15934e+28 -1.15127e+28 -8.06765e+25
-2.41458e+27 -2.39777e+27 -1.68031e+25
-2.09506e+27 -2.08048e+27 -1.45808e+25
inf -1.49439e+27 inf
-9.98843e+28 -9.91095e+28 -7.74818e+26
-2.38605e+28 -2.36923e+28 -1.68196e+26
-2.44674e+28 -2.42972e+28 -1.70266e+26
-4.86838e+28 -4.83451e+28 -3.38772e+26
-1.20794e+27 -1.19954e+27 -8.40641e+24
-4.29488e+28 -4.26499e+28 -2.9888e+26
-1.3325e+28 -1.32322e+28 -9.2733e+25
-2.52687e+28 -2.50929e+28 -1.7583e+26
-4.87634e+28 -4.8424e+28 -3.39317e+26
-9.37926e+28 -9.314e+28 -6.52652e+26
-1.96297e+29 -1.94931e+29 -1.36592e+27
-8.35158e+27 -8.29347e+27 -5.81157e+25
-1.51667e+28 -1.50611e+28 -1.05574e+26
-2.53015e+28 -2.51254e+28 -1.76061e+26
-6.15166e+28 -6.10886e+28 -4.2807e+26
-4.22051e+27 -4.17206e+27 -4.84534e+25
-5.12819e+29 -3.58947e+29 -1.53873e+29
-4.07294e+29 -3.57976e+29 -4.93183e+28
-8.22294e+27 -8.16572e+27 -5.72221e+25
-5.10219e+28 -2.83539e+28 -2.26679e+28
-7.14055e+27 -7.09085e+27 -4.97007e+25
-5.11076e+30 -5.07519e+30 -3.55653e+28
-8.05082e+27 -7.9948e+27 -5.60238e+25
-3.61679e+27 -3.59161e+27 -2.51755e+25
-3.42029e+28 -3.39648e+28 -2.38052e+26
-1.49967e+28 -1.48924e+28 -1.04356e+26
-8.71165e+27 -8.65103e+27 -6.06238e+25
-4.14349e+27 -4.11464e+27 -2.88472e+25
-1.52766e+27 -1.51702e+27 -1.06331e+25
-1.6889e+27 -1.67715e+27 -1.17538e+25
-6.51451e+27 -6.46916e+27 -4.53464e+25
-2.76156e+29 -2.74235e+29 -1.92165e+27
-3.9571e+29 -3.92956e+29 -2.75371e+27
-7.6631e+28 -7.60977e+28 -5.33252e+26
-2.73423e+28 -2.7152e+28 -1.90264e+26
-8.57925e+29 -5.14976e+28 -8.06428e+29
-1.73014e+28 -1.42418e+28 -3.05955e+27
-2.67851e+34 -7.29648e+27 -2.67851e+34
-7.13286e+28 -7.08323e+28 -4.96339e+26
-1.73249e+28 -1.72043e+28 -1.20556e+26
-1.97523e+27 -1.96149e+27 -1.37448e+25
-2.29494e+30 -2.27897e+30 -1.59696e+28
-1.17749e+28 -1.1693e+28 -8.19391e+25
-1.46051e+28 -1.45034e+28 -1.0163e+26
-9.67873e+27 -9.61138e+27 -6.7349e+25
-5.56598e+27 -5.52725e+27 -3.87344e+25
-1.23196e+28 -1.22339e+28 -8.57315e+25
-5.25402e+28 -5.21745e+28 -3.65613e+26
-4.05268e+27 -4.00947e+27 -4.32064e+25
-8.26366e+27 -8.20615e+27 -5.75059e+25
-3.75841e+28 -3.73225e+28 -2.61584e+26
-1.13269e+28 -1.12481e+28 -7.88214e+25
-2.94079e+28 -2.92033e+28 -2.04634e+26
-8.83986e+28 -8.77835e+28 -6.15165e+26
-1.41731e+28 -1.40745e+28 -9.86303e+25
-1.32731e+28 -1.31807e+28 -9.23645e+25
-4.15654e+27 -4.12761e+27 -2.89234e+25
-1.03557e+29 -1.02836e+29 -7.20732e+26
-1.18518e+30 -1.17693e+30 -8.24858e+27
-4.15886e+27 -4.12992e+27 -2.89407e+25
-2.56587e+27 -2.54802e+27 -1.78555e+25
-4.06692e+27 -4.03861e+27 -2.83042e+25
-1.81493e+28 -1.8023e+28 -1.26297e+26
-6.6473e+31 -6.60104e+31 -4.62544e+29
-7.72821e+28 -7.67443e+28 -5.37782e+26
-1.21989e+28 -6.20276e+27 -5.9961e+27
-4.07842e+29 -5.7209e+27 -4.02121e+29
-8.72301e+28 -8.66231e+28 -6.07018e+26
-3.38785e+29 -3.36411e+29 -2.37386e+27
-5.50481e+27 -5.4665e+27 -3.8306e+25
-3.63247e+28 -3.60719e+28 -2.52777e+26
-2.86396e+27 -2.84402e+27 -1.99374e+25
-4.99574e+27 -4.96096e+27 -3.47709e+25
-1.42129e+28 -1.4114e+28 -9.89112e+25
-5.10686e+27 -5.07131e+27 -3.55466e+25
-2.81257e+28 -2.793e+28 -1.95721e+26
inf -1.04356e+28 inf
-1.71118e+30 -1.69927e+30 -1.19071e+28
inf -1.03223e+28 inf
-2.82101e+28 -2.51397e+28 -3.07038e+27
-3.22892e+27 -1.66729e+27 -1.56163e+27
-1.96857e+29 -3.97484e+27 -1.92882e+29
-9.15689e+35 -3.41943e+28 -9.15689e+35
-2.44719e+27 -2.43016e+27 -1.70364e+25
-9.31456e+27 -9.2497e+27 -6.48552e+25
-3.16657e+29 -3.14453e+29 -2.20344e+27
-1.62141e+28 -1.61013e+28 -1.1283e+26
-8.48016e+28 -8.42114e+28 -5.90205e+26
-4.28258e+28 -4.25278e+28 -2.98036e+26
-5.22266e+28 -5.18632e+28 -3.63435e+26
-4.67406e+28 -4.64154e+28 -3.25242e+26
-2.85443e+28 -2.83456e+28 -1.98624e+26
-9.75294e+27 -9.68506e+27 -6.78817e+25
-1.38836e+27 -1.3787e+27 -9.66317e+24
-1.14814e+31 -1.46166e+27 -1.14799e+31
-2.81993e+32 -8.25802e+27 -2.81984e+32
-3.14068e+27 -3.11881e+27 -2.18658e+25
-9.14687e+27 -9.0832e+27 -6.36662e+25
-6.71322e+26 -6.66647e+26 -4.67452e+24
-2.79173e+29 -2.7723e+29 -1.9426e+27
-3.14549e+27 -3.1236e+27 -2.18892e+25
-8.53038e+27 -8.47101e+27 -5.93654e+25
-7.47981e+30 -7.42776e+30 -5.20562e+28
-9.02955e+31 -8.96672e+31 -6.28316e+29
-2.69598e+28 -2.67698e+28 -1.89945e+26
-3.36779e+28 -3.33111e+28 -3.66882e+26
-1.31301e+28 -1.30387e+28 -9.13684e+25
-3.04238e+27 -3.0212e+27 -2.11737e+25
-4.85548e+27 -4.82169e+27 -3.37928e+25
-5.01992e+27 -4.98498e+27 -3.49399e+25
-3.95199e+28 -3.92448e+28 -2.75057e+26
-1.88658e+28 -1.87345e+28 -1.31318e+26
-9.43075e+28 -9.36513e+28 -6.56234e+26
-1.63831e+28 -1.62691e+28 -1.14005e+26
-1.10209e+28 -1.09431e+28 -7.77657e+25
-2.68491e+28 -2.66622e+28 -1.86872e+26
-2.70065e+26 -2.68185e+26 -1.88059e+24
-1.25041e+28 -1.2417e+28 -8.70198e+25
-3.73044e+27 -3.70448e+27 -2.59597e+25
-2.81438e+29 -2.79479e+29 -1.95876e+27
-6.04493e+27 -6.00286e+27 -4.20707e+25
-1.81649e+28 -1.80384e+28 -1.26414e+26
-5.31868e+28 -5.28166e+28 -3.702e+26
-7.39708e+27 -7.34558e+27 -5.14925e+25
-3.58898e+27 -3.56235e+27 -2.66277e+25
-8.69841e+28 -1.97574e+28 -6.72267e+28
-2.31037e+35 -3.35852e+27 -2.31037e+35
-1.19551e+29 -6.34898e+27 -1.13202e+29
-7.7551e+28 -1.07377e+27 -7.64772e+28
-4.07731e+31 -3.46886e+28 -4.07384e+31
-9.30414e+27 -9.2394e+27 -6.47473e+25
-1.48979e+29 -1.47942e+29 -1.03669e+27
-1.72059e+28 -1.70861e+28 -1.19727e+26
inf -1.2802e+30 inf
-2.65263e+28 -2.63418e+28 -1.84585e+26
-3.63536e+27 -3.61006e+27 -2.52971e+25
-7.38387e+28 -7.33247e+28 -5.13988e+26
-8.27829e+27 -8.22068e+27 -5.76093e+25
-1.71319e+27 -1.70127e+27 -1.19237e+25
-4.83453e+28 -7.62689e+26 -4.75826e+28
-2.30151e+31 -1.22288e+28 -2.30029e+31
-2.13415e+28 -2.1193e+28 -1.48518e+26
-6.77463e+27 -6.72749e+27 -4.71409e+25
-6.54074e+28 -6.49522e+28 -4.55167e+26
-1.31344e+28 -1.3043e+28 -9.13988e+25
-4.52793e+27 -4.49642e+27 -3.15091e+25
-3.70773e+31 -3.68193e+31 -2.58001e+29
-8.73047e+28 -8.66972e+28 -6.07509e+26
-1.59156e+28 -1.58048e+28 -1.10753e+26
-4.70238e+28 -4.66784e+28 -3.45447e+26
-3.20873e+28 -5.78489e+27 -2.63024e+28
-3.7111e+27 -3.68527e+27 -2.58273e+25
-8.40632e+27 -8.34783e+27 -5.84966e+25
-3.16501e+28 -3.14298e+28 -2.20238e+26
-3.22716e+27 -3.2047e+27 -2.2462e+25
-1.34732e+29 -1.33795e+29 -9.37606e+26
-5.49745e+31 -5.4592e+31 -3.82535e+29
-5.33873e+28 -5.30158e+28 -3.71495e+26
-5.81927e+27 -5.77878e+27 -4.04933e+25
-3.78496e+27 -3.75863e+27 -2.63382e+25
-8.17991e+28 -8.12298e+28 -5.69275e+26
-7.25546e+27 -7.20497e+27 -5.04953e+25
-4.01635e+28 -3.98839e+28 -2.79613e+26
-1.87443e+29 -1.86139e+29 -1.30435e+27
-5.07677e+27 -5.04144e+27 -3.53306e+25
-1.81565e+28 -1.80301e+28 -1.2634e+26
-1.9423e+29 -1.92878e+29 -1.35156e+27
-2.94231e+26 -2.92184e+26 -2.04783e+24
-4.43013e+29 -4.3993e+29 -3.08268e+27
-2.64178e+28 -2.6234e+28 -1.83828e+26
-9.02047e+27 -8.9577e+27 -6.27687e+25
-3.91292e+29 -3.88568e+29 -2.72347e+27
-8.82166e+29 -8.76028e+29 -6.13851e+27
-9.49762e+27 -9.42033e+27 -7.72848e+25
-9.24715e+29 -2.11926e+29 -7.12789e+29
-8.49624e+27 -8.43711e+27 -5.91273e+25
-7.00146e+27 -6.95264e+27 -4.88222e+25
-4.16831e+29 -4.1393e+29 -2.90055e+27
-2.43336e+28 -2.41643e+28 -1.6933e+26
-1.85876e+27 -1.84583e+27 -1.29346e+25
-8.40491e+28 -8.34241e+28 -6.24938e+26
-5.7491e+28 -5.70465e+28 -4.44495e+26
-1.80115e+28 -1.7853e+28 -1.58499e+26
-4.45785e+27 -4.40485e+27 -5.3e+25
-8.56967e+27 -8.51004e+27 -5.96345e+25
-7.39189e+28 -7.34046e+28 -5.14398e+26
-3.48245e+28 -3.45822e+28 -2.42326e+26
-2.50013e+28 -2.48274e+28 -1.73982e+26
-4.78393e+28 -4.74962e+28 -3.4318e+26
-8.7403e+27 -8.67947e+27 -6.08231e+25
-2.0556e+29 -2.0413e+29 -1.43044e+27
-1.65903e+29 -1.64748e+29 -1.15441e+27
-9.01512e+28 -8.95238e+28 -6.27313e+26
-5.10872e+30 -5.07309e+30 -3.56274e+28
-1.49483e+28 -1.48442e+28 -1.04068e+26
-1.33522e+30 -1.32593e+30 -9.29157e+27
-3.75375e+27 -9.54604e+26 -2.79915e+27
-4.50505e+29 -9.61731e+27 -4.40887e+29
-1.01198e+29 -1.00494e+29 -7.04175e+26
-2.62706e+27 -2.60878e+27 -1.82851e+25
-6.61612e+28 -6.57007e+28 -4.60561e+26
-2.45891e+28 -2.4418e+28 -1.71104e+26
-3.98407e+28 -3.95635e+28 -2.77234e+26
-1.95618e+28 -1.94257e+28 -1.36121e+26
-6.26967e+27 -6.22603e+27 -4.36341e+25
-1.8559e+30 -1.84299e+30 -1.29144e+28
-6.06621e+27 -6.02399e+27 -4.2221e+25
-4.67282e+28 -4.6403e+28 -3.25157e+26
-2.54628e+27 -2.52856e+27 -1.77245e+25
-2.2614e+28 -2.24566e+28 -1.57363e+26
-4.77812e+27 -4.74487e+27 -3.32516e+25
-1.31605e+27 -1.30689e+27 -9.15878e+24
-1.52221e+28 -1.51161e+28 -1.05946e+26
-8.57573e+28 -8.51604e+28 -5.96876e+26
-2.40978e+28 -2.39301e+28 -1.67685e+26
-7.64201e+27 -7.58883e+27 -5.3185e+25
-7.45049e+27 -7.39864e+27 -5.18486e+25
-3.53211e+28 -3.50753e+28 -2.45782e+26
-5.15523e+28 -5.11935e+28 -3.58766e+26
-4.71819e+34 -2.11481e+28 -4.71819e+34
-8.96397e+30 -8.90159e+30 -6.23751e+28
-1.13285e+28 -1.12496e+28 -7.88402e+25
-8.34121e+27 -8.28312e+27 -5.80885e+25
-7.03242e+27 -6.98349e+27 -4.89356e+25
-1.51129e+27 -1.50077e+27 -1.05191e+25
-4.20448e+30 -4.17522e+30 -2.92566e+28
-3.2533e+27 -3.23065e+27 -2.26554e+25
-2.14618e+29 -2.13125e+29 -1.4935e+27
-3.36308e+27 -3.33968e+27 -2.34056e+25
-4.64569e+27 -4.52864e+27 -1.17058e+26
-6.21898e+32 -6.17547e+32 -4.35118e+30
-5.5979e+28 -5.55895e+28 -3.89541e+26
-2.34642e+27 -2.33e+27 -1.642e+25
-5.94628e+28 -5.9049e+28 -4.1379e+26
-5.65344e+30 -5.6141e+30 -3.93387e+28
-4.20557e+29 -4.17631e+29 -2.92646e+27
-3.74367e+29 -3.71762e+29 -2.605e+27
-2.15273e+27 -2.13774e+27 -1.4982e+25
inf -3.12034e+27 inf
inf -9.49645e+27 inf
-1.06174e+28 -1.04687e+28 -1.48621e+26
-2.03298e+31 -5.91563e+29 -1.97382e+31
-2.52204e+30 -2.33622e+28 -2.49867e+30
-4.7004e+28 -4.66769e+28 -3.27168e+26
-3.27726e+29 -3.25445e+29 -2.28067e+27
-1.38301e+28 -1.37025e+28 -1.2762e+26
-9.66153e+29 -8.33159e+29 -1.32994e+29
-2.6936e+32 -2.32567e+28 -2.69337e+32
-2.39757e+28 -2.38088e+28 -1.66938e+26
-2.88622e+27 -2.86614e+27 -2.00867e+25
-5.23338e+28 -5.19696e+28 -3.64232e+26
-5.98266e+28 -5.94103e+28 -4.16314e+26
-5.26905e+27 -5.23237e+27 -3.66727e+25
-9.37345e+27 -9.30823e+27 -6.5225e+25
-1.24517e+29 -1.2365e+29 -8.66483e+26
-2.73077e+30 -2.71177e+30 -1.90018e+28
-1.0968e+29 -1.08917e+29 -7.63205e+26
-1.13409e+30 -1.1262e+30 -7.89168e+27
-2.08743e+28 -2.0729e+28 -1.45289e+26
-1.24891e+31 -9.12227e+28 -1.23978e+31
-2.05174e+34 -4.37457e+28 -2.05174e+34
-2.64179e+35 -1.22011e+31 -2.64166e+35
-1.00205e+28 -9.95077e+27 -6.97294e+25
-5.55085e+28 -5.51222e+28 -3.86314e+26
-3.30668e+27 -3.28367e+27 -2.30103e+25
-9.22536e+28 -9.16116e+28 -6.41949e+26
-1.03818e+29 -1.03095e+29 -7.224e+26
-9.90756e+27 -9.83862e+27 -6.89412e+25
-1.99994e+28 -1.98603e+28 -1.39181e+26
-5.14761e+28 -5.11179e+28 -3.58196e+26
-4.78096e+28 -4.74769e+28 -3.32703e+26
-8.57312e+28 -8.51344e+28 -5.96874e+26
-8.55431e+27 -8.49478e+27 -5.9526e+25
-1.90246e+28 -1.88922e+28 -1.32391e+26
-8.11972e+31 -8.06322e+31 -5.6501e+29
-1.6162e+29 -1.60495e+29 -1.12462e+27
-1.02031e+29 -1.0132e+29 -7.10952e+26
-3.67524e+28 -3.45723e+28 -2.18013e+27
-2.31305e+30 -3.09759e+28 -2.28208e+30
-4.1655e+32 -1.39222e+29 -4.1641e+32
-1.13356e+32 -1.05574e+32 -7.78168e+30
-7.33528e+37 -2.49239e+29 -7.33528e+37
-6.5488e+27 -6.50323e+27 -4.55713e+25
-1.75004e+29 -1.73786e+29 -1.21788e+27
-1.19098e+30 -1.18269e+30 -8.28747e+27
-3.76186e+30 -3.73568e+30 -2.61767e+28
-3.24848e+28 -3.22588e+28 -2.26047e+26
-4.46635e+29 -4.43525e+29 -3.11064e+27
-1.70898e+30 -1.69709e+30 -1.18919e+28
-4.13767e+28 -4.10809e+28 -2.95755e+26
-2.08791e+27 -1.82657e+27 -2.61347e+26
-7.66324e+27 -7.60288e+27 -6.03667e+25
-3.71749e+34 -5.17938e+27 -3.71749e+34
-1.69442e+28 -1.68263e+28 -1.17915e+26
-4.06817e+28 -4.03984e+28 -2.83261e+26
-4.10732e+29 -4.07874e+29 -2.85842e+27
-3.41477e+27 -3.39101e+27 -2.37656e+25
-1.57515e+28 -1.54284e+28 -3.23063e+26
-1.49464e+29 -4.99894e+28 -9.94741e+28
-1.45125e+29 -1.44115e+29 -1.00988e+27
-5.64925e+27 -5.60991e+27 -3.93415e+25
-9.65596e+27 -9.58877e+27 -6.71929e+25
-1.89362e+28 -1.88044e+28 -1.31767e+26
-9.30026e+36 -1.10636e+29 -9.30026e+36
-6.4271e+29 -6.38238e+29 -4.47228e+27
-1.86726e+28 -1.85426e+28 -1.29932e+26
-2.64612e+28 -2.6277e+28 -1.84139e+26
-5.40749e+28 -5.36986e+28 -3.76297e+26
-1.02443e+30 -1.0173e+30 -7.12874e+27
-1.09055e+29 -1.08296e+29 -7.58873e+26
-1.53733e+30 -1.52663e+30 -1.06995e+28
-1.35346e+30 -1.34404e+30 -9.41795e+27
-5.91708e+29 -5.8759e+29 -4.11825e+27
-3.96964e+27 -3.94201e+27 -2.76317e+25
-1.67895e+29 -1.66727e+29 -1.16854e+27
-8.62106e+28 -8.56105e+28 -6.0003e+26
-1.01116e+29 -1.00413e+29 -7.03842e+26
-4.4732e+27 -4.44126e+27 -3.19441e+25
-2.26037e+27 -2.24464e+27 -1.57302e+25
-2.32896e+28 -2.31275e+28 -1.62061e+26
-8.24718e+27 -8.18978e+27 -5.74015e+25
-1.63363e+30 -1.62227e+30 -1.13675e+28
-nan inf -inf
-6.75466e+31 -6.70765e+31 -4.70047e+29
-3.89008e+27 -3.863e+27 -2.70814e+25
-1.4868e+28 -1.47645e+28 -1.03483e+26
-2.89173e+28 -2.87161e+28 -2.01228e+26
-1.09857e+27 -1.09093e+27 -7.6466e+24
-1.56247e+27 -1.55159e+27 -1.088e+25
-2.0172e+27 -2.00316e+27 -1.40407e+25
-4.95762e+27 -4.92253e+27 -3.50948e+25
-4.61513e+29 -4.58301e+29 -3.21182e+27
-4.63159e+28 -4.59852e+28 -3.30642e+26
-9.07187e+27 -4.19541e+27 -4.87646e+27
-1.79684e+27 -1.78358e+27 -1.326e+25
-2.11365e+29 -2.09894e+29 -1.47102e+27
-1.9701e+27 -1.92665e+27 -4.34481e+25
-6.84758e+27 -6.76667e+27 -8.09045e+25
-9.1613e+27 -7.76365e+27 -1.39765e+27
inf -1.87198e+28 inf
inf -1.85983e+28 inf
-4.75934e+27 -4.72622e+27 -3.3118e+25
-5.76837e+28 -5.72823e+28 -4.01399e+26
-1.82105e+29 -1.80837e+29 -1.26717e+27
-1.72225e+31 -6.34881e+27 -1.72162e+31
-3.63977e+33 -7.19256e+28 -3.6397e+33
-1.8289e+27 -1.81617e+27 -1.27304e+25
-6.40428e+28 -6.35969e+28 -4.45934e+26
-1.33179e+28 -1.32109e+28 -1.06985e+26
-1.41147e+28 -1.22732e+28 -1.8416e+27
-6.45934e+36 -3.0153e+28 -6.45934e+36
-2.95764e+28 -2.78162e+28 -1.76017e+27
-1.7147e+34 -4.21221e+28 -1.7147e+34
-6.51127e+38 -5.03828e+28 -6.51127e+38
-4.61267e+36 -2.46043e+28 -4.61267e+36
-6.73845e+28 -6.69156e+28 -4.68895e+26
-4.61455e+27 -4.58244e+27 -3.21115e+25
-1.97437e+28 -1.96063e+28 -1.37394e+26
-1.38943e+29 -1.37976e+29 -9.66824e+26
-1.41841e+28 -1.40854e+28 -9.87155e+25
-5.60883e+29 -5.5698e+29 -3.90289e+27
-5.01663e+28 -4.58107e+28 -4.35563e+27
-9.24521e+27 -9.18084e+27 -6.43762e+25
-6.82946e+34 -3.68664e+27 -6.82946e+34
-2.27386e+28 -2.25804e+28 -1.58234e+26
-1.52527e+27 -1.51465e+27 -1.06145e+25
-1.41062e+29 -1.4008e+29 -9.81568e+26
-1.23335e+28 -1.22477e+28 -8.58224e+25
-2.359e+27 -1.05571e+27 -1.30329e+27
-8.39914e+28 -8.3404e+28 -5.87347e+26
-1.14349e+31 -1.27623e+29 -1.13073e+31
-2.16827e+32 -9.56551e+27 -2.16818e+32
-1.39582e+30 -5.27942e+28 -1.34302e+30
-1.95464e+29 -1.94103e+29 -1.36012e+27
-2.89358e+27 -2.87345e+27 -2.01351e+25
-2.23291e+30 -2.21737e+30 -1.55379e+28
-2.71221e+28 -2.69333e+28 -1.88761e+26
-5.05318e+28 -5.01801e+28 -3.51625e+26
-1.46926e+31 -1.45904e+31 -1.02238e+29
-5.0513e+27 -5.01614e+27 -3.51608e+25
-3.05966e+29 -3.03837e+29 -2.12914e+27
-2.18159e+29 -2.16641e+29 -1.5181e+27
inf -9.15663e+28 inf
-1.03384e+28 -1.02179e+28 -1.20507e+26
-6.93472e+31 -4.23391e+27 -6.9343e+31
