1
1
0.998404 0.00153441
0.999887
0.999612
0.999908 8.05111e-05
0.99991
0.999415
0.999805
0.999964
0.999997
0.999999
0.999986
0.999629
0.99995 4.99812e-05
0.998966
0.999893
1
1
1
0.999985
1
0.999944
1
0.999824
1
1
1
1
1
1
0.999982
0.999903
0.999999
0.999723 0.00026187
1
0.999976
0.999999
0.998974 0.000920597
0.999955
0.999937
0.997929 0.00195273
0.999741
1
1
1
0.999998
1
0.999978
1
0.999998
1
0.998904
0.999309 0.000686637
0.999964
0.999951
0.999867
0.999997
0.999819
1
0.999997
1
0.99995
0.999688
0.999011
0.999391
0.999442 0.000211163 0.000265924
0.999996
0.999435
0.9991
0.999886
0.999981
0.999895
0.997338
0.999987
1
0.999999
0.999999
0.999767 0.000214001
0.999999
0.999562
1
0.999992
1
1
0.9999 3.18255e-05
0.999998
0.998017 0.00195837
0.998709 0.000907335 0.00036942
0.999947
0.999275
0.999261
0.998684 0.000206673 0.000272122
0.998503 0.00146383
0.999712
0.999259
0.999908
0.999404 0.00055885
0.999936
1
0.999829
0.999999
0.999631
0.999928
0.999973
0.999248 0.000197761 0.000240778 0.000281132
0.999614
0.999899
0.998536 0.00142619
0.999397 0.000506724
0.998189
0.999974
0.999961
0.99985
0.999699
0.999816
1
0.999892
0.999071 0.000858062
0.999646 0.00035308
0.999997
0.999265 0.000359605
0.999822
1
0.99573 0.00302575
1
0.999929
0.999717
0.999997
0.999982
0.999835 0.000163529
0.999995
0.999739
0.999955
0.999471 0.000365772
1
1
1
0.999985
1
0.999999
0.999665
0.999684
1
1
0.999888 5.12008e-05
0.999862
0.999918
0.999293 0.000706994
0.999932
0.999791
0.999978
0.999894
0.999818
0.999965
0.999819 0.000178839
0.999833
1
1
1
1
1
0.999929
0.999999
0.999972
1
0.999998
1
0.999885
1
1
1
1
1
1
1
1
0.999994
0.999976
0.999996
1
1
0.999902
0.999933
0.999586
0.999874
1
1
0.999908 9.16538e-05
0.999916
0.999989
0.998793 0.00070162 0.000217144 0.000286249
0.999999
0.998344 0.00153885
0.999541
0.999845
0.999999
0.999155 0.000838692
0.999805 0.000182382
0.999783
0.999394
0.999957
0.998885 0.000780116
0.999923
1
0.999984
1
1
1
0.999993
0.999994
0.999994
0.999988
0.999987
0.999044 0.000861133
0.999914
0.995335 0.000721041 0.00388837
0.999602 0.000384262
0.999536 0.000409738
0.999692 0.000255945
0.999766 0.000188878 1.16142e-05 2.58925e-05
0.999063 0.000566734 3.45063e-05 7.84688e-05
0.999814
0.9983 0.000972064 0.000445305 0.000256803
0.999859
0.999947
0.999984 1.55289e-05
1
0.998598
1
0.999984
0.999999
0.999995
0.999997
1
1
0.999999
0.999998
0.999999
1
0.999789 3.59084e-05 5.53321e-05 0.000119444
0.999987
1
1
1
0.99919 0.000754667 5.04051e-05
1
0.99987
0.999991
0.999801
0.998095 0.000764414 0.000543625 7.01355e-05 0.000394256
0.999338 0.00050958
0.999966
0.999612
0.99992
0.998906 0.000768524 0.000313092
0.999911
0.999993
1
0.999637 0.000311915
0.997821 0.00116492 0.00053405 0.000425805 1.84218e-05 3.55608e-05
0.999287 0.000484865
0.99999
0.997081
0.999989
0.997466
0.999428 0.000451958
0.99874
0.999615
0.999782
0.999991
0.999136 0.000818442
0.999998
0.999826
0.999984
0.999038 0.000823125
0.999893
0.999984
0.999994
1
0.999994
0.999969
0.999975
0.999647
1
0.999994
0.999999
0.999822
0.999176 0.00082375
1
0.999998
1
1
1
0.999885
1
0.999946
1
0.999994
1
0.999857
0.99755 0.000552921 0.00159744 0.000154248 0.000122277
0.9996
0.999965
0.99927 0.000564189 1.76034e-05 7.89722e-05 4.59536e-05 1.74894e-05
0.999972
0.999999
1
1
0.999984
0.999828
1
0.99976
0.999967
0.999994
0.999948
1
0.999999
1
0.999803
0.999913
1
0.999999
0.999914
0.999958
0.999838
0.998372 0.000943953 0.000669267
0.999413 0.000374014
0.999718
0.99975
1
1
1
1
1
1
1
1
0.999998
1
0.999999
1
1
1
1
0.999999
1
0.999167 0.000744202
0.999811 0.000145131
0.999999
0.9998
0.999605
0.999579
0.999975
0.999997
0.999996
0.999999
0.999894
1
0.999756
0.999987
0.999439
0.999951
1
1
0.99936
0.999988
1
1
1
0.999987
0.999273
1
1
0.999999
0.999984
0.999994
0.99987 5.19841e-05 5.10603e-05
0.99888
0.999948
0.999999
1
0.999754
0.999998
1
1
0.999946
0.999731
0.999642
1
0.999992
0.999999
1
0.998994 0.000886695
1
0.999986
0.999998
0.999992
1
1
0.999958
1
0.999847 0.000141747
0.99991
0.999962
0.999841
0.999842
0.998931
0.999767
0.999911
0.999982
0.9999
0.999908
0.999999
0.999998
0.998289 0.00146105
0.999809
0.999417
0.999927
1
1
1
1
1
1
1
0.999994
0.999936
0.99948 0.000518045
0.999299
0.999667
1
0.998785 0.00116006
0.999885
0.999954
0.99977
0.999841
0.999973
0.999999
1
0.99987
0.999997
1
0.999983
0.999999
1
0.999518 0.000373762
0.999482 0.000419658
0.999991
0.999972
0.999985
0.999948
0.999998
0.999955
0.999907
0.999912
0.999958
0.999928
0.999999
1
0.999995
0.999887
0.999419
0.999563
0.998919 0.000918825
0.999032
0.999484
0.998909
0.999995
1
0.999792
0.999998
1
0.99933
1
0.999972
0.999998
0.998733
0.999348
0.999798
0.999896
0.999924
1
0.998128
1
1
1
1
1
0.999522
0.999944
0.99996
0.99985 0.00011281 3.46678e-05
0.999943
0.999993
1
0.999988
1
1
0.999999
0.998773 0.00122678
0.999909
0.999954
0.999965
0.999999
1
1
0.999922
0.999896
1
0.999994
0.999505
0.999974
1
1
0.999999
0.999998
0.999998
0.999445
0.999901
0.999501 0.000350817
0.999995
0.999529
0.999818
1
0.999962
0.999975
0.999956
1
0.999826
1
1
0.999968
1
1
1
0.99997
0.999999
0.999961
0.998872 0.00112792
0.999991
0.99929 0.000560711
0.999999
0.999989
0.998582
0.999403 2.87965e-06 0.000593203
1
0.999382
0.999835 0.000164931
1
1
1
1
1
0.999963
0.998938 0.000677003 5.26387e-06 0.00037948
0.999815
0.999994
1
1
0.998316 0.00168393
0.999996
0.999914
0.999313 0.000685858
0.999903
0.999986
0.999837 9.64869e-05 6.56963e-05
0.99845
0.99712 0.00270383
0.999902
0.99956
0.999292 0.000369749
0.99946
0.999997
1
0.99922
0.999866
0.999936
0.998163 0.00104751 0.000718516 3.56765e-05 3.12916e-05
0.999497 0.000502859
0.999996
1
0.999986
1
1
0.999997
1
0.999999
0.999991
0.999999
0.99996
1
1
1
1
1
1
1
0.99988
0.999997
1
0.999926
0.999994
0.999835
1
0.999691
0.999751
1
0.999996
0.999999
1
0.999976
1
0.999999
1
0.999066 0.000631558
0.999995
0.999983
0.999663 0.000327346
0.999886
0.999522
0.999886
0.999582
0.999586
0.999994
0.999999
0.999819
1
0.999998
0.999758
0.999991
0.999893
0.999675
1
0.999575 0.000425013
0.999992
0.999934
0.999997
0.999996
0.999463
1
0.999852
1
0.999969
0.999677
0.999764 0.000229352
0.999999
0.999633
0.999431
1
1
0.999852
0.999124
0.99978
0.9925 0.00557676 0.000561357 9.029e-05 0.000907073
0.998992
0.998699
0.999667 0.000206087
0.999958
1
0.999499
0.999799
0.999949
1
1
1
1
0.999351
1
0.999951
0.999547
0.999998
1
1
1
0.999876
0.999752
0.999464 8.85035e-05 0.000113689 9.14309e-05 0.000239245
0.999999
0.999966
0.999712
1
0.999551
0.999999
0.999922
0.999778
0.999996
0.999059
0.999773
1
1
1
1
1
1
1
0.999799
0.999994
0.999996
0.999999
0.999983
1
0.999973
0.999993
1
0.999985
0.999988
0.99991
0.999995
0.999944
0.999856
0.999865
0.999993
0.999262 0.0006442
0.999896
0.999843 0.00013688
0.99999
0.999998
0.997888 0.000963459 0.00018473 0.000244037 0.00066294
0.999999
0.998374 0.0016263
0.99995
0.99983
0.999996
0.999997
1
1
0.999999
0.999998
0.999162 0.000838083
0.999977
0.99965
0.99667 0.000244957 0.00265952
0.999965
0.999988
0.998254 0.00138396
0.999809
0.999848
0.999914
0.999673 0.000297475
0.999998
0.999991
0.998516 0.000385937 0.000356117 0.000305537 0.000351711
0.999632
0.999996
0.999725
0.999849
0.999982
1
0.999751
0.997979 0.00120285 0.000818492
0.999999
0.999671
0.998626 0.00137392
1
0.999546 0.000322835
0.999671
0.999053
0.999559
0.999733
0.999857
1
0.999434 0.000222844 0.000110123
0.998262 0.000898145 0.000345804 0.000412183
0.999898
0.999344
0.999481
0.999689
0.999965
0.999755
0.999885
0.999543 0.000424476 2.58722e-05 6.67514e-06
0.999938
0.999671 0.000281963 1.64603e-05
0.999996
0.999358
0.999614
0.999029 0.000963485
0.998527 0.000566326 0.000845372
0.996077 0.00301004 0.000240175 0.000165948 0.000479823
0.997279 0.000240167 0.00172416 0.000620225
0.998762
0.999272
0.998215 0.000116147 0.00136098
0.999148 2.34851e-05 0.000646449 6.59058e-05 5.59643e-05 4.18367e-06 2.75816e-05 2.58981e-06 8.85698e-06 1.10397e-05 5.52256e-06
0.998652 0.00057123 0.000389382
0.998549 0.0014491
0.99984
0.999946
0.999933
0.999246
0.999929
0.998271
0.999991
0.999181 0.000787047
0.999936
1
1
0.999735
0.999916
1
1
1
1
1
1
1
0.999998
1
0.999998
0.999995
0.999528 0.000412332 5.99649e-05
0.999023
0.999247 0.000728511
0.998095 0.00190445
0.999992
0.999781
0.999999
0.999705
1
0.999898
0.999995
0.999999
1
0.999983
0.999999
1
1
0.999994
1
1
1
1
1
0.999999
0.999879
1
0.999901
0.999974 2.43248e-05
0.999887
0.99943
0.99995
0.999964
0.999999
0.999183 1.82581e-05 0.000437966 9.93586e-05 0.000240747
0.999429
0.999183 0.000388979 1.41836e-05 0.000260609
1
1
1
1
0.999643
1
1
1
1
0.999999
1
0.999008
0.998921
0.998629 0.000197947 0.00111322 5.61515e-05
0.999976
0.999998
0.998881
0.99954
0.999355
0.999833
0.999741
0.999993
1
0.999997
0.999999
0.99783 0.00210949
0.999993
1
0.999692 0.000293202
0.999718
0.999908
0.999798
0.999902
1
1
0.999192 0.000781894 2.58971e-05
0.999937
0.999787
0.999519
0.999404
0.999997
0.999689
0.999938
0.999313 0.000500805
0.999024 0.000963515
0.999863
0.998831 0.000903131 0.000135153
0.998131 0.0014381
0.999901
0.999814
0.999994
0.999589
0.998881
0.999946
0.997387 0.00193953 0.000172316
0.999291
0.999914
0.999357 0.000401738 0.000238811
0.999536
0.999808
0.999333
0.999803
1
1
0.999802
0.999933
0.999989
0.999972
0.999963
0.992438 0.002636 0.00468127
0.999785
0.998206 0.0012746
0.999991
0.999225 0.000529195
0.999998
0.999576
0.999629
0.999946
0.999998
0.999946
0.999844
0.998983
0.999999
0.999995
0.999163
1
1
0.999996
1
0.999822 0.00017817
0.99989
0.999919
0.998736 0.00123145
0.998991 0.000998017
0.999819
0.998991 0.000964546
0.999999
0.999972
0.999999
0.999998
0.999049
1
0.999978
0.999999
0.999991
0.999997
1
1
1
0.999837
0.9999
0.999993
0.999763
1
0.999848 0.000149981
1
0.999547 7.25748e-05 0.00035708
0.996674
0.998944 0.000659589 2.24614e-05 0.0003284
0.999853
0.999826
0.998866 0.000735038
0.999939
0.999839 9.62161e-05 1.55568e-05 4.10103e-05
0.999978
0.999987
0.999394
0.999963
0.999879
1
0.999799 0.000199374
0.99998
0.99998
0.999996
1
1
0.999879
0.999791
0.999971
0.999982
0.999998
0.999996
0.999234 0.000745732
0.999363 0.000586041
0.999631
1
0.999998
1
1
1
1
1
1
