1 0 0 0 0 0 1 1 1 0 1 0 0 0 1 0 0 0 1 0 0 0 0 0 0 1 1 0 0 0 0 0 0 0 0 1 0 0 0 0 0 1 1 0 0 1 0 0 0 1 14
1 0 0 1 0 0 0 2 2 0 1 1 0 0 0 0 2 0 0 0 0 1 0 0 0 1 0 0 0 0 0 0 0 0 0 0 1 0 0 0 0 0 0 0 1 0 0 0 0 0 14
1 0 0 2 0 1 0 1 0 2 3 0 0 0 0 1 0 0 0 0 1 1 0 0 0 0 0 1 0 0 0 0 0 0 0 0 0 0 0 0 0 0 0 0 0 0 0 0 0 14
3 0 0 2 0 0 0 3 0 1 2 0 0 1 0 0 0 0 0 2 0 0 0 0 0 0 0 0 0 0 0 14
4 1 0 0 0 1 0 0 2 3 1 0 0 2 0 0 0 0 0 0 0 0 14
7 0 1 0 1 2 0 2 0 1 0 0 0 0 0 0 0 0 0 0 0 0 0 0 0 0 0 0 0 0 0 0 0 0 0 0 14
8 0 0 0 0 4 1 0 1 0 0 0 0 0 0 14
10 0 1 0 0 3 0 0 0 0 0 0 0 0 0 0 0 0 14
12 0 0 0 0 2 0 14
14 0 0 0 0 0 0 0 0 14
14 14
14 0 14
