1.65761 -0.643459 0.634491 -0.394594 0.27347 -0.129705 -1.19298 0.608422 0.793185 1.98877 1.80878 0.0698491 1.55985 -0.385554 1.97427 -1.76621 1.27481 -1.81922 0.180489 0.508322 -0.194984 -1.96773 1.56223 -0.328479 1.89306 -1.97463 0.373645 -0.303175 -0.535702 -0.548869 -0.707621 0.47515 1.48569 -0.323997 -1.13746 -1.94515 0.939781 -0.346602 -0.537524 -1.12057 1.20641 0.119747 1.13094 1.11868 0.805422 0.0869093 0.491106 0.0219065 -0.0252694 -1.73917
1.71867 -0.643459 2.49692 -0.146744 0.0548467 -0.0609702 0.190999 -0.585621 -1.08911 0.927905 1.8881 0.34232 1.55985 -1.00668 3.86455 -0.0957491 1.27481 -1.34502 -0.90065 0.87513 0.888798 -0.40077 2.04249 -0.512109 2.93523 0.991375 0.373645 -0.303175 -3.43469 -0.548869 -0.707621 0.47515 0.533673 -0.323997 -2.42418 -1.17145 1.68468 -0.346602 -0.537524 0.792855 1.20641 0.119747 -0.511994 1.11868 -1.11256 0.793185 -0.552046 0.729011 -0.0252694 -1.73917
-1.11256 -0.141475 1.31902 -1.21217 0.0548467 0.625383 -1.35538 -0.585621 -1.08911 0.557642 0.34232 1.8881 0.645704 0.488477 4.88478 0.708188 1.15868 -1.34502 -0.90065 3.9573 -0.925596 -0.40077 2.10152 -4.46115 3.29579 0.991375 0.373645 -0.303175 -3.43469 -1.1806 -0.707621 -1.86294 -1.93163 1.26502 -1.56074 -1.17145 1.68468 0.84034 -0.537524 -2.46673 -1.19002 0.119747 -0.511994 0.496283 2.60359 -0.58735 1.15392 -1.41561 1.66125
-0.303175 1.31564 1.72216 -1.21217 0.930699 0.625383 3.29954 -0.585621 0.751107 0.557642 0.34232 0.645704 1.8881 0.488477 4.88478 0.708188 0.821365 -1.34502 -0.132594 -0.542932 -0.40077 -2.91799 2.10152 -5.37897 3.65699 0.991375 -3.51666 -1.11256 -2.57566 0.579603 -2.72641
-0.303175 1.31564 1.72216 -1.21217 0.930699 -0.658874 -0.585621 -0.628312 0.432929 0.557642 0.488477 0.584868 1.8881 0.563153 6.0405 0.708188 -1.34502 -0.754669 -0.132594 -0.542932 1.75646 1.94702
-0.00489713 1.31564 1.72216 -1.21217 1.99317 0.563153 -1.2027 -0.628312 0.557642 1.73612 0.432929 0.584868 1.8881 -0.658874 -2.93848 -0.312274 0.126797 -0.223379 1.1786 2.01205 0.681847 -2.20153 1.3907 -2.95209 1.35994 1.66964 3.08009 -1.80439 1.52982 3.97403 -1.38241 3.95892 -3.31116 -0.123754 4.5909 -4.81572
-0.00489713 1.72216 -3.00123 2.40796 1.99317 -0.628312 0.806171 0.563153 1.73612 -6.17688 -0.820079 2.61503 -1.30004 -1.71939 -4.6869
-0.00489713 -3.00123 1.72216 -2.03598 1.99317 -0.392857 -0.53173 2.21918 1.73612 5.05695 -0.925524 -6.80303 -0.581251 -0.559404 -8.4464 4.49271 -6.93839 2.50568
-0.00489713 -3.00123 -1.48126 1.72216 1.54787 -0.392857 -4.49471
-0.00489713 -3.35981 -0.568097 0.968456 -0.392857 1.16565 3.2028 5.27315 -1.53942
-0.00489713
-0.00489713 -5.44517
