0.314933 0.0026767 0.00113666 0.00297869 0.081655 0.0821978 0.165672 0.0405539 0.0211943 0.0576993 0.0316528 0.0039328 0.0252887 0.00537782 0.0208128 0.0456281 0.00947692 0.00279364 0.00885348 0.00221224 0.00934225 0.00397567 0.00175464 0.00846665 0.0048498 0.0134899 0.00166493 0.00323401 0.00024448 0.00130668 0.00327979 0.00449698 0.00566746 0.000524655 0.00337474 0.00331486 0.00126713 1.39094e-05 0.000184805 0.000623322 0.000318826 0.000659881 0.000709446 0.000189016 0.000162687 0.000123094 1.66577e-05 1.21779e-05 4.19243e-06 2.08061e-08
0.0512193 0.0262887 0.00492968 0.0381696 0.028972 0.00298956 0.0566024 0.143067 0.0594332 0.0924684 0.0275392 0.0602055 0.0469191 0.00160029 0.111539 0.00110533 0.08007 0.00554442 0.0216459 0.0109073 0.0253542 0.0185096 0.00678955 0.0112142 0.0194079 0.00830621 0.00404128 0.0188962 0.00691625 0.00023862 0.00100443 0.00186283 0.00202899 0.000608876 0.00011981 0.000443548 0.000280902 0.000779868 0.000356943 0.000624357 0.000498776 5.85544e-05 0.000221118 4.42477e-05 7.74677e-06 0.000147697 7.88759e-07 5.61469e-06 1.12243e-05 4.22249e-06
0.214989 0.0248999 0.034043 0.163379 0.0345413 0.0188091 0.060402 0.0130576 0.0187592 0.0524888 0.0553391 0.0229141 0.0447026 0.0333687 0.0055822 0.0325188 0.0489686 0.00457131 0.0268677 0.0123579 0.0245319 0.0246907 0.00526376 0.00348674 0.00168587 0.00458887 0.00326747 0.00102097 0.000559715 0.00247541 0.000820436 0.000719994 0.000270544 0.000844798 0.00187403 0.000982938 0.00011244 4.98229e-06 0.000162386 4.77102e-06 2.37441e-05 4.49217e-06 3.00317e-06 1.20413e-05 1.897e-05 4.382e-06 8.02512e-07 9.61149e-07 2.44049e-06
0.0906489 0.0272014 0.106653 0.156655 0.0210116 0.0409338 0.000357888 0.119626 0.00113779 0.0390134 0.119152 0.0560269 0.070967 0.029256 0.0201323 0.0152467 0.0180653 0.020086 0.0099155 0.0241667 0.0071729 0.000395031 0.00120963 0.00301815 0.000347717 0.00134449 0.000184559 3.03878e-05 4.67883e-06 9.48558e-06 1.44051e-05
0.259502 0.0968687 0.0533326 0.0818094 0.00772514 0.0118996 0.110736 0.0137129 0.0970688 0.0421441 0.0696246 0.017593 0.00906025 0.0786941 0.000353717 0.00350175 0.00482579 0.00865519 0.00639343 0.0143237 0.000369824 0.00333588
0.294695 0.0745219 0.109959 0.000285059 0.0781436 0.182053 0.000200796 0.0150533 0.0933585 0.0214917 0.0670404 0.0101292 0.0050657 0.0309197 0.00187781 0.000326034 0.000921169 0.00233496 0.00497853 0.000284729 0.000465268 0.00203252 0.000538497 0.000403836 0.00128071 8.53382e-05 4.25079e-06 5.40149e-05 0.000244607 0.000601569 4.78344e-05 0.000157736 2.9732e-05 9.96232e-05 1.12077e-05 0.000132629
0.506006 0.0893631 0.0191086 0.0646254 0.0350355 0.0791261 0.0248887 0.0766779 0.0345695 0.0270583 0.0121123 0.000174895 0.00834572 0.00562914 0.0123063
0.515939 0.0119983 0.027538 0.00535454 0.0303284 0.212737 0.048718 0.0564567 0.041798 0.0188034 0.00350307 0.0148346 0.00115798 0.00138975 0.000245496 0.0018215 0.00210904 0.00183373
0.563652 0.0425883 0.0643857 0.0759661 0.0118411 0.177726 0.0522192
0.56471 0.117588 0.0146334 0.0193984 0.168663 0.0195208 0.0675458 0.00999019 0.00846621
0.90746
0.83845 0.147335
